Ortho_ID	Tfas_ID	Tlei_ID	Sequence	Method	Ka	Ks	Ka/Ks	P-Value(Fisher)	Length	S-Sites	N-Sites	Fold-Sites(0:2:4)	Substitutions	S-Substitutions	N-Substitutions	Fold-S-Substitutions(0:2:4)	Fold-N-Substitutions(0:2:4)	Divergence-Time	Substitution-Rate-Ratio(rTC:rAG:rTA:rCG:rTG:rCA/rCA)	GC(1:2:3)	ML-Score	AICc	Akaike-Weight	Model
OG0003650_NT	Tfasc_v1.29775-RA:cds	Tlei_v1.31060-RA:cds	MYN	0.00304252	0.0393154	0.0773875	4.09495e-05	1224	235.837	988.163	NA	12	9	3	NA	NA	0.0100315	0.987436:2.09852:1:1:1:1	0.400154(0.422811:0.379032:0.398618)	NA	NA	NA	NA
OG0011924_NT	Tfasc_v1.23231-RA:cds	Tlei_v1.23547-RA:cds	MYN	0.00816664	0.0250115	0.326515	0.000964455	2994	777.352	2216.65	NA	37	19	18	NA	NA	0.0125402	2.88991:4.14695:1:1:1:1	0.487565(0.502907:0.376453:0.583333)	NA	NA	NA	NA
OG0003908_NT	Tfasc_v1.17496-RA:cds	Tlei_v1.26398-RA:cds	MYN	0.00730784	0.0172728	0.423084	0.106344	1317	353.551	963.449	NA	13	6	7	NA	NA	0.00998295	3.23225:6.05317:1:1:1:1	0.517424(0.535227:0.394318:0.622727)	NA	NA	NA	NA
OG0010646_NT	Tfasc_v1.14839-RA:cds	Tlei_v1.21579-RA:cds	MYN	0.0310688	0.0307273	1.01111	0.678545	234	34.5705	199.43	NA	7	1	6	NA	NA	0.0310183	2:2:1:1:1:1	0.57173(0.474684:0.405063:0.835443)	NA	NA	NA	NA
OG0013332_NT	Tfasc_v1.02392-RA:cds	Tlei_v1.26837-RA:cds	MYN	0.0204965	0.0587311	0.348989	0.000616947	1542	382.222	1159.78	NA	45	21.5554	23.4446	NA	NA	0.0299739	1.04745:0.69605:1:1:1:1	0.578856(0.577123:0.514731:0.644714)	NA	NA	NA	NA
OG0005209_NT	Tfasc_v1.14812-RA:cds	Tlei_v1.21554-RA:cds	MYN	0.0171123	0.121307	0.141066	0.000143135	456	100.803	355.197	NA	17	11	6	NA	NA	0.0401453	5.99343:3.18067:1:1:1:1	0.626506(0.554217:0.560241:0.76506)	NA	NA	NA	NA
OG0019071_NT	Tfasc_v1.06697-RA:cds	Tlei_v1.14563-RA:cds	MYN	0.00669633	0.0699492	0.0957314	2.42731e-06	972	176.314	795.686	NA	17	11.7014	5.29862	NA	NA	0.01817	1.66981:8.55051:1:1:1:1	0.674136(0.642857:0.563025:0.816527)	NA	NA	NA	NA
OG0010898_NT	Tfasc_v1.10961-RA:cds	Tlei_v1.12553-RA:cds	MYN	0.0187721	0.0401169	0.467933	0.124547	771	231.278	539.722	NA	19	9	10	NA	NA	0.0251749	3.19406:4.09153:1:1:1:1	0.453771(0.55292:0.416058:0.392336)	NA	NA	NA	NA
OG0012740_NT	Tfasc_v1.20769-RA:cds	Tlei_v1.18157-RA:cds	MYN	0.0150607	0.0359649	0.418761	0.0508826	1038	227.508	810.492	NA	20	7.93408	12.0659	NA	NA	0.0196425	1.13032:4.09384:1:1:1:1	0.505698(0.511396:0.438746:0.566952)	NA	NA	NA	NA
OG0009049_NT	Tfasc_v1.16531-RA:cds	Tlei_v1.07106-RA:cds	MYN	0.00984695	0.0258233	0.38132	0.155534	567	157.964	409.036	NA	8	4	4	NA	NA	0.0142979	2:2:1:1:1:1	0.557143(0.611905:0.416667:0.642857)	NA	NA	NA	NA
OG0004482_NT	Tfasc_v1.06617-RA:cds	Tlei_v1.14484-RA:cds	MYN	0.0162816	0.100358	0.162236	0.00205295	399	88.0452	310.955	NA	13	8	5	NA	NA	0.0348342	2:2:1:1:1:1	0.518657(0.481343:0.436567:0.63806)	NA	NA	NA	NA
OG0015427_NT	Tfasc_v1.25937-RA:cds	Tlei_v1.27608-RA:cds	MYN	0.0125552	0.0903098	0.139024	9.58988e-20	3669	654.833	3014.17	NA	92	54.5307	37.4693	NA	NA	0.0264327	3.1078:6.36554:1:1:1:1	0.621505(0.569355:0.485484:0.809677)	NA	NA	NA	NA
OG0012121_NT	Tfasc_v1.02407-RA:cds	Tlei_v1.26817-RA:cds	MYN	0.0395897	0.0586182	0.675383	0.193192	1455	297.706	1157.29	NA	61	16.3799	44.6201	NA	NA	0.0434831	1.13871:1.3465:1:1:1:1	0.3779(0.468864:0.350733:0.314103)	NA	NA	NA	NA
OG0008934_NT	Tfasc_v1.24308-RA:cds	Tlei_v1.25654-RA:cds	MYN	0.00359425	0.0268064	0.134082	0.000256559	1536	419.907	1116.09	NA	15	11	4	NA	NA	0.00993991	3.98065:8.43264:1:1:1:1	0.520596(0.522814:0.457224:0.581749)	NA	NA	NA	NA
OG0011920_NT	Tfasc_v1.23236-RA:cds	Tlei_v1.23542-RA:cds	MYN	NA	0.0517856	-0	NA	420	80.6537	339.346	NA	4	4	NA	NA	NA	0.00994453	2:2:1:1:1:1	0.578889(0.56:0.45:0.726667)	NA	NA	NA	NA
OG0015956_NT	Tfasc_v1.12104-RA:cds	Tlei_v1.11034-RA:cds	MYN	0.0510503	0.0972124	0.525142	0.0171675	1209	229.461	979.539	NA	69	20.7002	48.2998	NA	NA	0.0598116	0.41061:1.18598:1:1:1:1	0.439878(0.496575:0.4121:0.410959)	NA	NA	NA	NA
OG0014007_NT	Tfasc_v1.18830-RA:cds	Tlei_v1.16745-RA:cds	MYN	0.00147673	0.0156261	0.0945042	0.0339168	873	194.146	678.854	NA	4	3	1	NA	NA	0.00462341	2:2:1:1:1:1	0.631279(0.662671:0.501712:0.729452)	NA	NA	NA	NA
OG0015099_NT	Tfasc_v1.22775-RA:cds	Tlei_v1.19526-RA:cds	MYN	0.0110293	0.0502171	0.219632	0.0348525	540	82.556	457.444	NA	9	4	5	NA	NA	0.0170204	3.74541:4.83785:1:1:1:1	0.629121(0.513736:0.519231:0.854396)	NA	NA	NA	NA
OG0008833_NT	Tfasc_v1.24127-RA:cds	Tlei_v1.25485-RA:cds	MYN	0.0115215	0.0401707	0.286814	0.0374078	828	128.221	699.779	NA	13	5	8	NA	NA	0.015958	1.64745:0.618117:1:1:1:1	0.625296(0.574468:0.471631:0.829787)	NA	NA	NA	NA
OG0015733_NT	Tfasc_v1.26932-RA:cds	Tlei_v1.28573-RA:cds	MYN	0.00991708	0.00511901	1.9373	0.420732	2010	588.568	1421.43	NA	17	3	14	NA	NA	0.00851211	0.571676:2.98782:1:1:1:1	0.688955(0.759287:0.589153:0.718425)	NA	NA	NA	NA
OG0013083_NT	Tfasc_v1.13048-RA:cds	Tlei_v1.10884-RA:cds	MYN	0.0166719	0.0333036	0.500604	0.294238	579	153.641	425.359	NA	12	5	7	NA	NA	0.0210852	2:2:1:1:1:1	0.57646(0.60567:0.5:0.623711)	NA	NA	NA	NA
OG0009911_NT	Tfasc_v1.03402-RB:cds	Tlei_v1.09374-RA:cds	MYN	0.0145838	0.0374716	0.389197	3.18575e-05	4062	1056.98	3005.02	NA	82	38.6071	43.3929	NA	NA	0.0205395	2.06423:1.88476:1:1:1:1	0.509995(0.574268:0.437238:0.51848)	NA	NA	NA	NA
OG0010006_NT	Tfasc_v1.26603-RA:cds	Tlei_v1.28248-RA:cds	MYN	0.0121955	0.0177739	0.686144	0.406597	1953	629.106	1323.89	NA	27	11	16	NA	NA	0.0139924	7.94931:4.23597:1:1:1:1	0.450292(0.509503:0.374269:0.467105)	NA	NA	NA	NA
OG0009413_NT	Tfasc_v1.30184-RA:cds	Tlei_v1.20735-RA:cds	MYN	0.00837892	0.0211455	0.39625	0.29268	459	98.6252	360.375	NA	5	2	3	NA	NA	0.0111221	2:2:1:1:1:1	0.579004(0.5:0.493506:0.743506)	NA	NA	NA	NA
OG0001245_NT	Tfasc_v1.23081-RA:cds	Tlei_v1.23704-RA:cds	MYN	NA	0.0537104	-0	NA	747	158.416	588.584	NA	8	8	NA	NA	NA	0.0113903	2:2:1:1:1:1	0.532667(0.512:0.428:0.658)	NA	NA	NA	NA
OG0013088_NT	Tfasc_v1.13049-RA:cds	Tlei_v1.10885-RA:cds	MYN	0.0225437	0.0380746	0.592093	0.281203	510	115.543	394.457	NA	13	4.24077	8.75923	NA	NA	0.0260623	2.42163:1.55832:1:1:1:1	0.500958(0.494253:0.362069:0.646552)	NA	NA	NA	NA
OG0006040_NT	Tfasc_v1.14471-RA:cds	Tlei_v1.30379-RA:cds	MYN	0.00920067	0.024786	0.371204	0.170741	687	249.031	437.969	NA	10	6	4	NA	NA	0.0148502	11.3756:2.89944:1:1:1:1	0.458333(0.512931:0.385776:0.476293)	NA	NA	NA	NA
OG0006900_NT	Tfasc_v1.27679-RA:cds	Tlei_v1.29969-RA:cds	MYN	0.0107606	0.0200893	0.535639	0.0187084	4770	1211.03	3558.97	NA	62	23.9933	38.0067	NA	NA	0.013129	1.52286:5.18295:1:1:1:1	0.494621(0.553697:0.40581:0.524354)	NA	NA	NA	NA
OG0018794_NT	Tfasc_v1.02019-RA:cds	Tlei_v1.27169-RA:cds	MYN	0.00970758	0.0309725	0.313425	0.0273404	1146	192.259	953.741	NA	15	5.81131	9.18869	NA	NA	0.0132751	2:2:1:1:1:1	0.676546(0.657216:0.570876:0.801546)	NA	NA	NA	NA
OG0006470_NT	Tfasc_v1.01195-RA:cds	Tlei_v1.02261-RA:cds	MYN	0.00525974	0.0288355	0.182405	0.0723425	489	107.244	381.756	NA	5	3	2	NA	NA	0.0104302	2:2:1:1:1:1	0.589888(0.609551:0.511236:0.648876)	NA	NA	NA	NA
OG0003209_NT	Tfasc_v1.08768-RA:cds	Tlei_v1.13262-RA:cds	MYN	0.0195371	0.0367075	0.532238	0.281165	501	84.8968	416.103	NA	11	3	8	NA	NA	0.0224467	2:2:1:1:1:1	0.573529(0.426471:0.5:0.794118)	NA	NA	NA	NA
OG0003801_NT	Tfasc_v1.02953-RA:cds	Tlei_v1.03977-RA:cds	MYN	0.00298122	0.0202706	0.147071	0.00633839	1314	302.738	1011.26	NA	9	6	3	NA	NA	0.00696458	2:2:1:1:1:1	0.463693(0.461618:0.454357:0.475104)	NA	NA	NA	NA
OG0010071_NT	Tfasc_v1.26771-RA:cds	Tlei_v1.28410-RA:cds	MYN	0.00522216	0.040735	0.128198	4.12775e-05	1791	253.037	1537.96	NA	18	10	8	NA	NA	0.0102395	1.95473:7.41698:1:1:1:1	0.629939(0.632219:0.496201:0.761398)	NA	NA	NA	NA
OG0015284_NT	Tfasc_v1.00067-RA:cds	Tlei_v1.03613-RA:cds	MYN	0.00455937	0.0687803	0.0662889	2.93673e-07	1083	202.849	880.151	NA	17	13	4	NA	NA	0.0165881	0.709682:2.95671:1:1:1:1	0.628171(0.602362:0.553806:0.728346)	NA	NA	NA	NA
OG0019386_NT	Tfasc_v1.12595-RA:cds	Tlei_v1.10182-RA:cds	MYN	0.00698238	0.0654362	0.106705	6.052e-07	1248	240.7	1007.3	NA	22	15	7	NA	NA	0.0182563	2.92256:2.13082:1:1:1:1	0.564187(0.583151:0.388403:0.721007)	NA	NA	NA	NA
OG0011908_NT	Tfasc_v1.23259-RA:cds	Tlei_v1.23519-RA:cds	MYN	0.0092351	0.0512298	0.180268	0.000161344	1422	223.416	1198.58	NA	22	11	11	NA	NA	0.0158331	3.05641:1.64923:1:1:1:1	0.674035(0.658947:0.477895:0.885263)	NA	NA	NA	NA
OG0013044_NT	Tfasc_v1.13146-RA:cds	Tlei_v1.10974-RA:cds	MYN	0.0118075	0.138036	0.0855397	1.17644e-05	585	72.5544	512.446	NA	15	9	6	NA	NA	0.0274629	5.35645:3.32721:1:1:1:1	0.673776(0.601896:0.533175:0.886256)	NA	NA	NA	NA
OG0012282_NT	Tfasc_v1.08209-RA:cds	Tlei_v1.13906-RA:cds	MYN	0.00167735	0.0122266	0.137189	0.00784989	1737	488.78	1248.22	NA	8	5.90895	2.09105	NA	NA	0.00464584	2:2:1:1:1:1	0.502133(0.5456:0.4792:0.4816)	NA	NA	NA	NA
OG0007791_NT	Tfasc_v1.20299-RA:cds	Tlei_v1.05366-RA:cds	MYN	0.00571974	0.0198903	0.287565	0.0617563	957	254.762	702.238	NA	9	5	4	NA	NA	0.00949205	1.00499:2.09621:1:1:1:1	0.569444(0.535494:0.572531:0.600309)	NA	NA	NA	NA
OG0013349_NT	Tfasc_v1.02441-RA:cds	Tlei_v1.26785-RA:cds	MYN	0.00627986	0.0198993	0.315583	0.103801	846	205.885	640.115	NA	8	4	4	NA	NA	0.00959431	2:2:1:1:1:1	0.468391(0.446552:0.458621:0.5)	NA	NA	NA	NA
OG0006310_NT	Tfasc_v1.05912-RA:cds	Tlei_v1.01309-RA:cds	MYN	0.00384583	0.0115676	0.332465	0.0524508	1914	610.249	1303.75	NA	12	7	5	NA	NA	0.00630781	6.37642:5.23292:1:1:1:1	0.546427(0.550861:0.568858:0.519562)	NA	NA	NA	NA
OG0015199_NT	Tfasc_v1.02698-RA:cds	Tlei_v1.26560-RA:cds	MYN	0.00850994	0.0136229	0.624678	0.466726	888	296.807	591.193	NA	9	4	5	NA	NA	0.0102189	5.74021:4.6169:1:1:1:1	0.550505(0.570707:0.486532:0.594276)	NA	NA	NA	NA
OG0018730_NT	Tfasc_v1.23084-RA:cds	Tlei_v1.23701-RA:cds	MYN	0.0170849	0.0287558	0.59414	0.214346	1374	426.673	947.327	NA	28	12	16	NA	NA	0.0207091	9.91318:1.5128:1:1:1:1	0.446493(0.482646:0.328633:0.5282)	NA	NA	NA	NA
OG0018191_NT	Tfasc_v1.22114-RA:cds	Tlei_v1.20195-RA:cds	MYN	0.00316558	0.014956	0.211659	0.0944893	837	203.105	633.895	NA	5	3	2	NA	NA	0.00602663	2:2:1:1:1:1	0.467836(0.522807:0.454386:0.426316)	NA	NA	NA	NA
OG0013878_NT	Tfasc_v1.05330-RA:cds	Tlei_v1.00731-RA:cds	MYN	0.00863243	0.0412476	0.209283	0.0345271	477	127.214	349.786	NA	8	5	3	NA	NA	0.0173308	4.44634:3.67302:1:1:1:1	0.510352(0.440994:0.521739:0.568323)	NA	NA	NA	NA
OG0008955_NT	Tfasc_v1.24354-RA:cds	Tlei_v1.25705-RA:cds	MYN	0.016843	0.00814526	2.06782	0.14348	975	493.994	481.006	NA	12	4	8	NA	NA	0.0124362	2:2:1:1:1:1	0.734531(0.907186:0.747006:0.549401)	NA	NA	NA	NA
OG0018856_NT	Tfasc_v1.03036-RA:cds	Tlei_v1.03913-RA:cds	MYN	0.0242111	0.035669	0.67877	0.480337	537	115.322	421.678	NA	14	4	10	NA	NA	0.0266717	2:2:1:1:1:1	0.66934(0.673797:0.532086:0.802139)	NA	NA	NA	NA
OG0013545_NT	Tfasc_v1.06119-RA:cds	Tlei_v1.09601-RA:cds	MYN	0.0116414	0.0202424	0.575101	0.237679	1605	294.135	1310.87	NA	21	5.86789	15.1321	NA	NA	0.0132177	2.79681:6.97015:1:1:1:1	0.61825(0.540037:0.501862:0.812849)	NA	NA	NA	NA
OG0007415_NT	Tfasc_v1.22498-RA:cds	Tlei_v1.19797-RA:cds	MYN	0.00135426	0.0501262	0.027017	0.000137602	843	103.819	739.181	NA	6	5	1	NA	NA	0.00736075	2:2:1:1:1:1	0.607029(0.587859:0.448882:0.784345)	NA	NA	NA	NA
OG0011826_NT	Tfasc_v1.12517-RA:cds	Tlei_v1.10103-RA:cds	MYN	0.00303507	0.0253672	0.119646	0.000110927	1764	442.522	1321.48	NA	15	11	4	NA	NA	0.00863736	2.44144:2.06697:1:1:1:1	0.4618(0.505093:0.38455:0.495756)	NA	NA	NA	NA
OG0007691_NT	Tfasc_v1.20100-RA:cds	Tlei_v1.05549-RA:cds	MYN	0.00704374	0.016882	0.417233	0.0555804	2010	512.218	1497.78	NA	19	8.52348	10.4765	NA	NA	0.00955087	2.55472:3.00981:1:1:1:1	0.495952(0.498571:0.413571:0.575714)	NA	NA	NA	NA
OG0007187_NT	Tfasc_v1.08969-RA:cds	Tlei_v1.13061-RA:cds	MYN	0.0277588	0.0276764	1.00298	0.714505	369	119.543	249.457	NA	10	3.21405	6.78595	NA	NA	0.0277321	2:2:1:1:1:1	0.725191(0.603053:0.843511:0.729008)	NA	NA	NA	NA
OG0013566_NT	Tfasc_v1.03630-RA:cds	Tlei_v1.09696-RA:cds	MYN	0.0133362	0.0404121	0.330005	0.0064362	1290	306.078	983.922	NA	25	12	13	NA	NA	0.0197605	2.71836:4.27717:1:1:1:1	0.524578(0.485023:0.458525:0.630184)	NA	NA	NA	NA
OG0018499_NT	Tfasc_v1.05990-RA:cds	Tlei_v1.01382-RA:cds	MYN	0.00618961	0.00518605	1.19351	0.92917	1524	387.371	1136.63	NA	9	2	7	NA	NA	0.00593452	2:2:1:1:1:1	0.492571(0.550388:0.397287:0.530039)	NA	NA	NA	NA
OG0011484_NT	Tfasc_v1.23113-RA:cds	Tlei_v1.23669-RA:cds	MYN	0.0118252	0.0445796	0.26526	0.000966743	1497	303.31	1193.69	NA	27	13	14	NA	NA	0.0184616	4.88581:6.91049:1:1:1:1	0.593(0.565:0.428:0.786)	NA	NA	NA	NA
OG0014038_NT	Tfasc_v1.17318-RA:cds	Tlei_v1.26241-RA:cds	MYN	0.00516024	0.0102687	0.502521	0.13982	2832	886.851	1945.15	NA	19	9	10	NA	NA	0.00675998	7.15956:4.13509:1:1:1:1	0.421265(0.49516:0.365924:0.402711)	NA	NA	NA	NA
OG0015972_NT	Tfasc_v1.29228-RA:cds	Tlei_v1.30791-RA:cds	MYN	0.0221643	0.0404969	0.547308	0.027696	2037	780.842	1256.16	NA	58	30.5852	27.4148	NA	NA	0.0291917	1.25548:2.31405:1:1:1:1	0.516115(0.580795:0.531788:0.435762)	NA	NA	NA	NA
OG0008632_NT	Tfasc_v1.04402-RA:cds	Tlei_v1.08235-RA:cds	MYN	0.0173962	0.0191384	0.908968	0.781147	909	260.963	648.037	NA	16	4.8673	11.1327	NA	NA	0.0178964	2.6035:2.86888:1:1:1:1	0.469649(0.527157:0.394569:0.48722)	NA	NA	NA	NA
OG0003106_NT	Tfasc_v1.26570-RA:cds	Tlei_v1.28215-RA:cds	MYN	0.00653292	0.0435344	0.150063	0.00721757	606	143.926	462.074	NA	9	6	3	NA	NA	0.0153208	2:2:1:1:1:1	0.411382(0.414634:0.368293:0.45122)	NA	NA	NA	NA
OG0019614_NT	Tfasc_v1.28654-RA:cds	Tlei_v1.29013-RA:cds	MYN	0.0127837	0.0427765	0.298848	0.00802948	1329	221.408	1107.59	NA	23	9	14	NA	NA	0.0177804	15.914:33.1593:1:1:1:1	0.613363(0.603604:0.423423:0.813063)	NA	NA	NA	NA
OG0006665_NT	Tfasc_v1.01554-RA:cds	Tlei_v1.01903-RA:cds	MYN	0.0147668	0.0214593	0.688129	0.627836	690	142.17	547.83	NA	11	3	8	NA	NA	0.0161457	2:2:1:1:1:1	0.722461(0.620172:0.697425:0.849785)	NA	NA	NA	NA
OG0015903_NT	Tfasc_v1.26198-RA:cds	Tlei_v1.27921-RA:cds	MYN	0.00790156	0.0145068	0.544681	0.241152	1566	420.619	1145.38	NA	15	6	9	NA	NA	0.00967569	2.47285:2.27544:1:1:1:1	0.455704(0.566922:0.405354:0.394837)	NA	NA	NA	NA
OG0011153_NT	Tfasc_v1.19370-RA:cds	Tlei_v1.06586-RA:cds	MYN	0.0140033	0.0197332	0.709632	0.454856	1227	360.987	866.013	NA	19	7	12	NA	NA	0.0156891	4.49393:2.9724:1:1:1:1	0.497658(0.48829:0.484778:0.519906)	NA	NA	NA	NA
OG0007607_NT	Tfasc_v1.19918-RA:cds	Tlei_v1.05726-RA:cds	MYN	0.00280857	0.0918078	0.0305919	6.73372e-09	867	151.199	715.801	NA	15	13	2	NA	NA	0.0183294	1.70509:2.93573:1:1:1:1	0.697072(0.631757:0.616554:0.842905)	NA	NA	NA	NA
OG0014282_NT	Tfasc_v1.17063-RA:cds	Tlei_v1.07928-RA:cds	MYN	0.00410361	0.0264306	0.15526	0.0122411	927	193.668	733.332	NA	8	5	3	NA	NA	0.00876814	2:2:1:1:1:1	0.539331(0.533923:0.382006:0.702065)	NA	NA	NA	NA
OG0003581_NT	Tfasc_v1.03843-RA:cds	Tlei_v1.09143-RA:cds	MYN	0.0118791	0.0303853	0.390949	0.0852802	867	271.479	595.521	NA	15	8	7	NA	NA	0.0176739	6.17676:14.7901:1:1:1:1	0.584444(0.578333:0.54:0.635)	NA	NA	NA	NA
OG0018339_NT	Tfasc_v1.29863-RA:cds	Tlei_v1.22810-RA:cds	MYN	0.0683351	1.41829e-05	4818.12	0.161365	123	30.5249	92.4751	NA	6	0.000432927	5.99957	NA	NA	0.0513799	2:2:1:1:1:1	0.384058(0.51087:0.206522:0.434783)	NA	NA	NA	NA
OG0012788_NT	Tfasc_v1.21984-RA:cds	Tlei_v1.20519-RA:cds	MYN	0.0103316	0.0700033	0.147587	0.000156729	750	165.134	584.866	NA	17	11	6	NA	NA	0.02347	1.00855:2.2022:1:1:1:1	0.646325(0.651575:0.561024:0.726378)	NA	NA	NA	NA
OG0013720_NT	Tfasc_v1.18486-RA:cds	Tlei_v1.15924-RA:cds	MYN	0.00386089	0.0278791	0.138487	0.000102623	1740	439.626	1300.37	NA	17	12	5	NA	NA	0.00992931	2:2:1:1:1:1	0.525818(0.528399:0.409639:0.639415)	NA	NA	NA	NA
OG0003947_NT	Tfasc_v1.13199-RA:cds	Tlei_v1.18370-RA:cds	MYN	0.0118071	0.0222249	0.531255	0.178761	1260	320.993	939.007	NA	18	7	11	NA	NA	0.0144611	2.34098:1.10268:1:1:1:1	0.506698(0.559102:0.378251:0.582742)	NA	NA	NA	NA
OG0010027_NT	Tfasc_v1.26661-RA:cds	Tlei_v1.28296-RA:cds	MYN	0.0174906	0.0164693	1.06202	0.996984	1176	293.802	882.198	NA	20	4.74916	15.2508	NA	NA	0.0172355	1.71673:0.966911:1:1:1:1	0.470823(0.466427:0.404077:0.541966)	NA	NA	NA	NA
OG0018958_NT	Tfasc_v1.08583-RA:cds	Tlei_v1.13436-RA:cds	MYN	0.0135595	0.14217	0.0953748	0.00141362	414	41.6899	372.31	NA	10	5	5	NA	NA	0.0265106	2:2:1:1:1:1	0.559671(0.545267:0.432099:0.701646)	NA	NA	NA	NA
OG0005769_NT	Tfasc_v1.14053-RA:cds	Tlei_v1.19245-RA:cds	MYN	0.0156763	0.0076878	2.03912	0.315018	1365	524.019	840.981	NA	17	4	13	NA	NA	0.0126095	29.1801:10.8895:1:1:1:1	0.423977(0.45614:0.336623:0.479167)	NA	NA	NA	NA
OG0006228_NT	Tfasc_v1.06144-RA:cds	Tlei_v1.01449-RA:cds	MYN	0.0143507	0.0134347	1.06819	0.998913	1575	417.227	1157.77	NA	22	5.54695	16.4531	NA	NA	0.0141081	3.07752:0.821107:1:1:1:1	0.459596(0.550189:0.392045:0.436553)	NA	NA	NA	NA
OG0015215_NT	Tfasc_v1.18902-RA:cds	Tlei_v1.16679-RA:cds	MYN	0.010836	0.0557981	0.1942	0.0382408	354	74.5805	279.419	NA	7	4	3	NA	NA	0.0203086	2:2:1:1:1:1	0.330729(0.460938:0.210938:0.320312)	NA	NA	NA	NA
OG0013803_NT	Tfasc_v1.02348-RA:cds	Tlei_v1.26880-RA:cds	MYN	0.0234478	0.0682267	0.343675	0.00882025	603	192.833	410.167	NA	22	12.5386	9.46136	NA	NA	0.0377676	3.99123:2.99627:1:1:1:1	0.523585(0.551887:0.5:0.518868)	NA	NA	NA	NA
OG0005852_NT	Tfasc_v1.14148-RA:cds	Tlei_v1.30692-RA:cds	MYN	0.00660745	0.00490157	1.34803	0.756077	2136	614.773	1521.23	NA	13	3	10	NA	NA	0.00611647	3.31446:5.71147:1:1:1:1	0.479692(0.581232:0.408964:0.44888)	NA	NA	NA	NA
OG0006527_NT	Tfasc_v1.01317-RA:cds	Tlei_v1.02140-RA:cds	MYN	0.00453146	0.0509231	0.0889864	3.1772e-07	1815	265.475	1549.53	NA	20	13	7	NA	NA	0.011317	1.59223:2.25123:1:1:1:1	0.631536(0.597222:0.43219:0.865196)	NA	NA	NA	NA
OG0012385_NT	Tfasc_v1.06819-RA:cds	Tlei_v1.14680-RA:cds	MYN	0.00931597	0.0344768	0.27021	0.0610459	660	119.291	540.709	NA	9	4	5	NA	NA	0.0138636	5.45491:13.0305:1:1:1:1	0.650901(0.648649:0.502252:0.801802)	NA	NA	NA	NA
OG0003255_NT	Tfasc_v1.09140-RA:cds	Tlei_v1.12907-RA:cds	MYN	0.011106	0.00696083	1.5955	0.35476	3825	1011.83	2813.17	NA	38	7	31	NA	NA	0.0100095	2.0615:3.90298:1:1:1:1	0.41882(0.499608:0.346907:0.409945)	NA	NA	NA	NA
OG0012869_NT	Tfasc_v1.09190-RA:cds	Tlei_v1.12845-RA:cds	MYN	0.00924466	0.0174792	0.528896	0.354335	1002	348.429	653.571	NA	12	6	6	NA	NA	0.0121081	2.83138:4.85337:1:1:1:1	0.607814(0.728487:0.508902:0.586053)	NA	NA	NA	NA
OG0008080_NT	Tfasc_v1.15171-RA:cds	Tlei_v1.21911-RA:cds	MYN	0.00520806	0.0137269	0.379406	0.0698173	2085	735.454	1349.55	NA	17	10	7	NA	NA	0.00821294	5.87341:2.98984:1:1:1:1	0.591619(0.674716:0.539773:0.560369)	NA	NA	NA	NA
OG0006523_NT	Tfasc_v1.01299-RA:cds	Tlei_v1.02150-RA:cds	MYN	0.0120593	0.0341059	0.353585	0.0111966	1479	391.529	1087.47	NA	26	13	13	NA	NA	0.0178956	1.1382:3.30977:1:1:1:1	0.50289(0.572254:0.405588:0.530829)	NA	NA	NA	NA
OG0014495_NT	Tfasc_v1.00988-RA:cds	Tlei_v1.02498-RA:cds	MYN	0.0062563	0.0133293	0.469364	0.112152	2214	608.275	1605.72	NA	18	8	10	NA	NA	0.00819955	3.09258:3.17105:1:1:1:1	0.485043(0.514103:0.413462:0.527564)	NA	NA	NA	NA
OG0013387_NT	Tfasc_v1.03360-RA:cds	Tlei_v1.09327-RA:cds	MYN	0.00517705	0.0391034	0.132394	4.20605e-05	1323	340.58	982.42	NA	18	12.9337	5.06632	NA	NA	0.0139107	1.47014:0.885169:1:1:1:1	0.489201(0.556156:0.430886:0.480562)	NA	NA	NA	NA
OG0003511_NT	Tfasc_v1.23262-RA:cds	Tlei_v1.23516-RA:cds	MYN	0.0136265	0.0386224	0.352814	0.0699081	606	161.495	444.505	NA	12	6	6	NA	NA	0.0202877	3.35065:5.38104:1:1:1:1	0.636508(0.62381:0.554762:0.730952)	NA	NA	NA	NA
OG0014087_NT	Tfasc_v1.24863-RA:cds	Tlei_v1.26172-RA:cds	MYN	0.0153164	0.0583675	0.262413	0.000335772	1281	289.711	991.289	NA	31	16	15	NA	NA	0.0250528	8.90678:8.37065:1:1:1:1	0.638085(0.63363:0.513363:0.767261)	NA	NA	NA	NA
OG0013909_NT	Tfasc_v1.12866-RA:cds	Tlei_v1.10546-RA:cds	MYN	0.00160556	0.00561715	0.285832	0.348476	804	180.384	623.616	NA	2	1	1	NA	NA	0.00250559	2:2:1:1:1:1	0.406712(0.518771:0.383959:0.317406)	NA	NA	NA	NA
OG0011765_NT	Tfasc_v1.12370-RA:cds	Tlei_v1.09958-RA:cds	MYN	NA	0.050544	-0	NA	1110	288.196	821.804	NA	14	14	NA	NA	NA	0.0131231	2.03861:1.89382:1:1:1:1	0.457483(0.55102:0.391582:0.429847)	NA	NA	NA	NA
OG0015574_NT	Tfasc_v1.06480-RA:cds	Tlei_v1.14364-RA:cds	MYN	0.00746384	0.0521892	0.143015	6.70823e-05	1302	224.769	1077.23	NA	19	11	8	NA	NA	0.0151849	2.10858:3.89736:1:1:1:1	0.623077(0.584615:0.483516:0.801099)	NA	NA	NA	NA
OG0009552_NT	Tfasc_v1.25116-RA:cds	Tlei_v1.31442-RA:cds	MYN	0.00987444	0.029368	0.336231	0.00476433	1953	525.082	1427.92	NA	29	15	14	NA	NA	0.0151155	4.57216:5.58404:1:1:1:1	0.535423(0.538991:0.448777:0.618502)	NA	NA	NA	NA
OG0015067_NT	Tfasc_v1.22838-RA:cds	Tlei_v1.19466-RA:cds	MYN	0.00509747	0.0155467	0.327882	0.204321	918	130.283	787.717	NA	6	2	4	NA	NA	0.00658042	2:2:1:1:1:1	0.662614(0.621581:0.49848:0.867781)	NA	NA	NA	NA
OG0006961_NT	Tfasc_v1.27507-RA:cds	Tlei_v1.29838-RA:cds	MYN	0.0066316	0.0139898	0.474031	0.204279	1800	434.636	1365.36	NA	15	6	9	NA	NA	0.00840835	2:2:1:1:1:1	0.520529(0.520259:0.410859:0.63047)	NA	NA	NA	NA
OG0011480_NT	Tfasc_v1.23117-RA:cds	Tlei_v1.23665-RA:cds	MYN	0.00193215	0.0593514	0.0325544	2.7983e-08	1248	211.256	1036.74	NA	14	12	2	NA	NA	0.0116518	2:2:1:1:1:1	0.623901(0.56235:0.51199:0.797362)	NA	NA	NA	NA
OG0013957_NT	Tfasc_v1.12233-RA:cds	Tlei_v1.09833-RB:cds	MYN	0.0039247	0.00857277	0.45781	0.143307	3123	823.782	2299.22	NA	16	7	9	NA	NA	0.00515076	2.04699:0.626699:1:1:1:1	0.479656(0.55651:0.408228:0.474231)	NA	NA	NA	NA
OG0005405_NT	Tfasc_v1.02923-RA:cds	Tlei_v1.04013-RA:cds	MYN	0.00714089	0.0411709	0.173445	0.000344391	1146	301.253	844.747	NA	18	12	6	NA	NA	0.0160865	10.328:5.27761:1:1:1:1	0.548359(0.510363:0.428756:0.705959)	NA	NA	NA	NA
OG0011149_NT	Tfasc_v1.07931-RA:cds	Tlei_v1.14320-RA:cds	MYN	0.0152453	0.0905536	0.168357	2.26231e-07	1434	237.088	1196.91	NA	38	19.9612	18.0388	NA	NA	0.0276963	3.91702:3.96201:1:1:1:1	0.677551(0.637755:0.529592:0.865306)	NA	NA	NA	NA
OG0007066_NT	Tfasc_v1.08727-RA:cds	Tlei_v1.13300-RA:cds	MYN	0.0243061	0.0208606	1.16517	0.98378	441	147.457	293.543	NA	10	3	7	NA	NA	0.023154	7.90149:3.48264:1:1:1:1	0.452703(0.442568:0.388514:0.527027)	NA	NA	NA	NA
OG0007609_NT	Tfasc_v1.19901-RA:cds	Tlei_v1.05705-RA:cds	MYN	0.00891028	0.0472588	0.188542	0.00105498	1101	197.71	903.29	NA	17	9	8	NA	NA	0.0157967	0.689339:0.708925:1:1:1:1	0.666667(0.662791:0.514212:0.822997)	NA	NA	NA	NA
OG0018382_NT	Tfasc_v1.00737-RA:cds	Tlei_v1.02973-RA:cds	MYN	0.00559057	0.0577105	0.0968727	4.06721e-05	1062	163.988	898.012	NA	14	9	5	NA	NA	0.0136386	4.91017:5.75329:1:1:1:1	0.70467(0.728022:0.508242:0.877747)	NA	NA	NA	NA
OG0014059_NT	Tfasc_v1.17369-RA:cds	Tlei_v1.26282-RA:cds	MYN	0.00105755	0.0478984	0.0220789	3.73442e-07	1164	216.31	947.69	NA	11	10	1	NA	NA	0.00976214	1.89684:2.60948:1:1:1:1	0.675224(0.656479:0.537897:0.831296)	NA	NA	NA	NA
OG0009974_NT	Tfasc_v1.26565-RA:cds	Tlei_v1.28209-RA:cds	MYN	NA	0.0174849	-0	NA	318	57.9578	260.042	NA	1	1	NA	NA	NA	0.00318674	2:2:1:1:1:1	0.538941(0.53271:0.317757:0.766355)	NA	NA	NA	NA
OG0015338_NT	Tfasc_v1.10808-RA:cds	Tlei_v1.12723-RA:cds	MYN	0.00369444	0.0143728	0.257045	0.187904	684	140.903	543.097	NA	4	2	2	NA	NA	0.00589416	2:2:1:1:1:1	0.60452(0.622881:0.427966:0.762712)	NA	NA	NA	NA
OG0008279_NT	Tfasc_v1.09606-RA:cds	Tlei_v1.24232-RA:cds	MYN	0.0113068	0.0228489	0.49485	0.135153	1560	401.058	1158.94	NA	22	9	13	NA	NA	0.0142741	2.34543:2.73501:1:1:1:1	0.577926(0.59542:0.471374:0.666985)	NA	NA	NA	NA
OG0018720_NT	Tfasc_v1.22899-RA:cds	Tlei_v1.23856-RA:cds	MYN	0.00411231	0.0165602	0.248325	0.0534301	1038	306.227	731.773	NA	8	5	3	NA	NA	0.00778464	4.98173:3.48059:1:1:1:1	0.550287(0.58046:0.45977:0.610632)	NA	NA	NA	NA
OG0015714_NT	Tfasc_v1.26897-RA:cds	Tlei_v1.28536-RC:cds	MYN	0.12964	0.22196	0.58407	0.00305506	1242	286.917	955.083	NA	168	54.3647	113.635	NA	NA	0.150967	1.23616:0.765573:1:1:1:1	0.414871(0.47306:0.397629:0.373922)	NA	NA	NA	NA
OG0012077_NT	Tfasc_v1.21491-RA:cds	Tlei_v1.17240-RA:cds	MYN	0.0169861	0.0261717	0.649023	0.374608	594	117.384	476.616	NA	11	3	8	NA	NA	0.0188013	3.9785:1.43006:1:1:1:1	0.572789(0.540816:0.444898:0.732653)	NA	NA	NA	NA
OG0008583_NT	Tfasc_v1.04496-RA:cds	Tlei_v1.08330-RA:cds	MYN	0.00913669	0.0226977	0.402537	0.268307	531	89.7012	441.299	NA	6	2	4	NA	NA	0.0114275	2:2:1:1:1:1	0.644195(0.620787:0.474719:0.837079)	NA	NA	NA	NA
OG0005393_NT	Tfasc_v1.24502-RA:cds	Tlei_v1.25881-RA:cds	MYN	0.0128804	0.0279002	0.46166	0.0588484	1143	302.959	840.041	NA	19	8.27977	10.7202	NA	NA	0.0168615	2:2:1:1:1:1	0.457735(0.501196:0.416268:0.455742)	NA	NA	NA	NA
OG0005921_NT	Tfasc_v1.14254-RA:cds	Tlei_v1.30599-RA:cds	MYN	0.00439994	0.0190658	0.230777	0.0129241	1515	373.898	1141.1	NA	12	7	5	NA	NA	0.00801944	2:2:1:1:1:1	0.560935(0.534585:0.493083:0.655138)	NA	NA	NA	NA
OG0018645_NT	Tfasc_v1.26950-RA:cds	Tlei_v1.28586-RA:cds	MYN	0.0055991	0.082892	0.067547	3.86495e-05	807	89.8413	717.159	NA	11	7	4	NA	NA	0.0142039	5.39291:3.036:1:1:1:1	0.64881(0.653571:0.410714:0.882143)	NA	NA	NA	NA
OG0013691_NT	Tfasc_v1.12969-RA:cds	Tlei_v1.10805-RA:cds	MYN	0.0128233	0.0280849	0.456591	0.335697	309	72.7586	236.241	NA	5	2	3	NA	NA	0.0164169	2:2:1:1:1:1	0.605769(0.615385:0.442308:0.759615)	NA	NA	NA	NA
OG0013860_NT	Tfasc_v1.02753-RA:cds	Tlei_v1.04179-RA:cds	MYN	0.0101034	0.0757924	0.133303	7.92124e-05	1533	137.36	1395.64	NA	23	9	14	NA	NA	0.0159893	1.51321:3.18583:1:1:1:1	0.670247(0.585938:0.474609:0.950195)	NA	NA	NA	NA
OG0005944_NT	Tfasc_v1.14295-RA:cds	Tlei_v1.30552-RA:cds	MYN	NA	0.0169457	-0	NA	489	61.7664	427.234	NA	1	1	NA	NA	NA	0.00214043	2:2:1:1:1:1	0.682927(0.615854:0.518293:0.914634)	NA	NA	NA	NA
OG0011628_NT	Tfasc_v1.00140-RA:cds	Tlei_v1.03549-RA:cds	MYN	0.00369827	0.0410322	0.090131	0.00069403	744	201.701	542.299	NA	10	8	2	NA	NA	0.0138196	2:2:1:1:1:1	0.464525(0.526104:0.471888:0.395582)	NA	NA	NA	NA
OG0006645_NT	Tfasc_v1.01542-RA:cds	Tlei_v1.01916-RA:cds	MYN	NA	NA	NA	NA	681	183.132	497.868	NA	0	NA	NA	NA	NA	NA	2:2:1:1:1:1	0.508041(0.596491:0.429825:0.497807)	NA	NA	NA	NA
OG0004555_NT	Tfasc_v1.26692-RA:cds	Tlei_v1.28324-RA:cds	MYN	0.0128236	0.0107548	1.19236	0.986193	675	281.505	393.495	NA	8	3	5	NA	NA	0.0119608	2:2:1:1:1:1	0.726496(0.688034:0.854701:0.636752)	NA	NA	NA	NA
OG0012014_NT	Tfasc_v1.21598-RA:cds	Tlei_v1.17145-RA:cds	MYN	0.00912749	0.0103385	0.882864	0.607855	963	228.426	734.574	NA	9	2.34262	6.65738	NA	NA	0.00941474	2:2:1:1:1:1	0.470497(0.467391:0.451863:0.492236)	NA	NA	NA	NA
OG0006080_NT	Tfasc_v1.06445-RA:cds	Tlei_v1.01750-RA:cds	MYN	0.0151921	0.0267112	0.568755	0.276028	426	62.8322	363.168	NA	7	1.58454	5.41546	NA	NA	0.0168911	2:2:1:1:1:1	0.678808(0.622517:0.549669:0.864238)	NA	NA	NA	NA
OG0011574_NT	Tfasc_v1.22946-RA:cds	Tlei_v1.23816-RA:cds	MYN	0.00897404	0.0552118	0.162538	0.00205624	807	133.142	673.858	NA	13	7	6	NA	NA	0.0166025	11.6893:8.86532:1:1:1:1	0.702469(0.694444:0.555556:0.857407)	NA	NA	NA	NA
OG0016023_NT	Tfasc_v1.30714-RA:cds	Tlei_v1.21294-RA:cds	MYN	0.0256266	0.0804898	0.318383	0.00175774	819	222.967	596.033	NA	32	16.9868	15.0132	NA	NA	0.0405627	1.61441:1.29154:1:1:1:1	0.592841(0.578859:0.552013:0.647651)	NA	NA	NA	NA
OG0007750_NT	Tfasc_v1.20244-RA:cds	Tlei_v1.05420-RA:cds	MYN	0.0314689	0.154519	0.203657	1.37843e-08	1329	197.527	1131.47	NA	61	26.1542	34.8458	NA	NA	0.0497577	0.768007:0.569201:1:1:1:1	0.657031(0.552463:0.531049:0.88758)	NA	NA	NA	NA
OG0014853_NT	Tfasc_v1.25465-RA:cds	Tlei_v1.31682-RA:cds	MYN	0.0149065	0.0128038	1.16423	0.729477	285	80.1698	204.83	NA	4	1	3	NA	NA	0.014315	2:2:1:1:1:1	0.607639(0.671875:0.46875:0.682292)	NA	NA	NA	NA
OG0010628_NT	Tfasc_v1.28371-RA:cds	Tlei_v1.29228-RA:cds	MYN	0.00383971	0.011903	0.322582	0.37268	348	85.828	262.172	NA	2	1	1	NA	NA	0.00582838	2:2:1:1:1:1	0.558405(0.645299:0.418803:0.611111)	NA	NA	NA	NA
OG0006053_NT	Tfasc_v1.14490-RA:cds	Tlei_v1.30360-RA:cds	MYN	0.00903732	0.0163488	0.552781	0.273555	1659	433.877	1225.12	NA	18	7	11	NA	NA	0.0109495	4.62849:10.3352:1:1:1:1	0.456077(0.51083:0.361913:0.495487)	NA	NA	NA	NA
OG0006649_NT	Tfasc_v1.01553-RA:cds	Tlei_v1.01904-RA:cds	MYN	0.00656066	0.0216085	0.303615	0.0317056	1248	329.449	918.551	NA	13	7	6	NA	NA	0.010533	1.57321:1.4222:1:1:1:1	0.540573(0.544153:0.50716:0.570406)	NA	NA	NA	NA
OG0003937_NT	Tfasc_v1.02181-RA:cds	Tlei_v1.27021-RA:cds	MYN	0.0520187	0.14273	0.364455	0.000127395	867	212.26	654.74	NA	60	27.1659	32.8341	NA	NA	0.0742269	2.09425:2.98444:1:1:1:1	0.577457(0.61859:0.439103:0.674679)	NA	NA	NA	NA
OG0008582_NT	Tfasc_v1.04489-RA:cds	Tlei_v1.08323-RA:cds	MYN	0.00417043	0.0121005	0.344648	0.383526	324	83.4148	240.585	NA	2	1	1	NA	NA	0.00621206	2:2:1:1:1:1	0.460245(0.541284:0.376147:0.463303)	NA	NA	NA	NA
OG0014545_NT	Tfasc_v1.18624-RA:cds	Tlei_v1.16916-RA:cds	MYN	0.018304	0.0193926	0.943866	0.962889	711	157.789	553.211	NA	13	3	10	NA	NA	0.0185456	1.36865:0.802699:1:1:1:1	0.484658(0.583682:0.334728:0.535565)	NA	NA	NA	NA
OG0011588_NT	Tfasc_v1.22918-RA:cds	Tlei_v1.23869-RA:cds	MYN	0.0138513	0.0634105	0.218438	0.000232968	1365	198.608	1166.39	NA	28	12	16	NA	NA	0.0210622	5.2881:1.79627:1:1:1:1	0.689493(0.65:0.511957:0.906522)	NA	NA	NA	NA
OG0007443_NT	Tfasc_v1.22430-RB:cds	Tlei_v1.19856-RA:cds	MYN	0.00590027	0.0274547	0.214909	2.83078e-05	2616	743.559	1872.44	NA	31	20	11	NA	NA	0.0120268	6.54946:5.46546:1:1:1:1	0.538593(0.518729:0.461975:0.635074)	NA	NA	NA	NA
OG0002733_NT	Tfasc_v1.02262-RA:cds	Tlei_v1.26955-RA:cds	MYN	0.0437984	0.0482767	0.907238	0.77284	414	100.338	313.662	NA	18	4.66149	13.3385	NA	NA	0.0448838	1.54165:1.44073:1:1:1:1	0.64023(0.658621:0.524138:0.737931)	NA	NA	NA	NA
OG0007802_NT	Tfasc_v1.20329-RA:cds	Tlei_v1.05336-RA:cds	MYN	0.0073581	0.020499	0.358949	0.0195442	2001	498.374	1502.63	NA	21	10	11	NA	NA	0.010631	1.0691:2.73058:1:1:1:1	0.489521(0.544162:0.431138:0.493263)	NA	NA	NA	NA
OG0018915_NT	Tfasc_v1.30690-RA:cds	Tlei_v1.21269-RA:cds	MYN	0.00418795	0.0191302	0.218918	0.000559322	2475	798.042	1676.96	NA	22	15	7	NA	NA	0.00900595	11.0957:5.47749:1:1:1:1	0.45904(0.507869:0.382567:0.486683)	NA	NA	NA	NA
OG0014439_NT	Tfasc_v1.27063-RA:cds	Tlei_v1.29555-RA:cds	MYN	0.00940009	0.022615	0.415658	0.0294685	1980	587.048	1392.95	NA	26	13	13	NA	NA	0.0133182	9.62215:9.56446:1:1:1:1	0.611529(0.651128:0.510526:0.672932)	NA	NA	NA	NA
OG0018727_NT	Tfasc_v1.23035-RA:cds	Tlei_v1.23741-RA:cds	MYN	0.00595933	0.0235	0.253589	0.0250239	981	303.577	677.423	NA	11	7	4	NA	NA	0.0113874	2:2:1:1:1:1	0.661631(0.622356:0.678248:0.68429)	NA	NA	NA	NA
OG0013465_NT	Tfasc_v1.21107-RA:cds	Tlei_v1.17722-RA:cds	MYN	0.00393599	0.0117655	0.334535	0.173033	1023	258.597	764.403	NA	6	3	3	NA	NA	0.00591517	2:2:1:1:1:1	0.424929(0.461756:0.40085:0.412181)	NA	NA	NA	NA
OG0004040_NT	Tfasc_v1.28320-RA:cds	Tlei_v1.29272-RA:cds	MYN	0.0173836	0.056609	0.307081	0.0170069	660	194.334	465.666	NA	18	10	8	NA	NA	0.0289333	4.80705:0.887019:1:1:1:1	0.582621(0.553419:0.5:0.694444)	NA	NA	NA	NA
OG0009784_NT	Tfasc_v1.16316-RA:cds	Tlei_v1.06882-RA:cds	MYN	0.0152916	0.00407998	3.74797	0.0322888	1797	739.401	1057.6	NA	19	3	16	NA	NA	0.0106784	4.06538:2.69041:1:1:1:1	0.698347(0.813223:0.657025:0.624793)	NA	NA	NA	NA
OG0014762_NT	Tfasc_v1.21755-RA:cds	Tlei_v1.20344-RA:cds	MYN	0.0112813	0.0252162	0.447384	0.00471126	3270	769.824	2500.18	NA	47	19.0339	27.9661	NA	NA	0.0145619	1.66642:4.96342:1:1:1:1	0.413859(0.470745:0.374557:0.396277)	NA	NA	NA	NA
OG0014948_NT	Tfasc_v1.14610-RA:cds	Tlei_v1.21377-RA:cds	MYN	0.0116168	0.144322	0.0804925	5.62286e-08	972	104.298	867.702	NA	23	13	10	NA	NA	0.0258564	0.743879:1.9114:1:1:1:1	0.691414(0.627273:0.5:0.94697)	NA	NA	NA	NA
OG0007692_NT	Tfasc_v1.20095-RA:cds	Tlei_v1.05552-RA:cds	MYN	0.00963035	0.0245201	0.392754	0.186479	648	124.97	523.03	NA	8	3	5	NA	NA	0.0125019	2:2:1:1:1:1	0.606759(0.557604:0.47235:0.790323)	NA	NA	NA	NA
OG0012084_NT	Tfasc_v1.21464-RA:cds	Tlei_v1.17260-RA:cds	MYN	0.0304255	0.082326	0.369573	6.86759e-07	2697	618.788	2078.21	NA	110	48.0649	61.9351	NA	NA	0.0423333	1.87635:1.44903:1:1:1:1	0.426215(0.494792:0.453646:0.330208)	NA	NA	NA	NA
OG0008034_NT	Tfasc_v1.15072-RA:cds	Tlei_v1.21810-RA:cds	MYN	0.00992673	0.00945494	1.0499	0.696234	411	106.579	304.421	NA	4	1	3	NA	NA	0.00980439	2:2:1:1:1:1	0.565217(0.561594:0.463768:0.67029)	NA	NA	NA	NA
OG0002264_NT	Tfasc_v1.28588-RA:cds	Tlei_v1.29070-RA:cds	MYN	0.0045437	0.0630155	0.0721044	1.97571e-08	1983	215.866	1767.13	NA	21	13	8	NA	NA	0.0109088	4.47579:6.24932:1:1:1:1	0.652089(0.655977:0.402332:0.897959)	NA	NA	NA	NA
OG0013696_NT	Tfasc_v1.12986-RA:cds	Tlei_v1.10817-RA:cds	MYN	0.010075	0.0280293	0.359445	0.00795976	1923	508.884	1414.12	NA	28	13.8504	14.1496	NA	NA	0.0148263	1.97374:2.1917:1:1:1:1	0.483752(0.573117:0.441654:0.436484)	NA	NA	NA	NA
OG0007545_NT	Tfasc_v1.22234-RA:cds	Tlei_v1.20039-RA:cds	MYN	0.0139368	NA	NA	NA	384	94.0575	289.942	NA	4	NA	4	NA	NA	0.0105231	2:2:1:1:1:1	0.426859(0.395683:0.417266:0.467626)	NA	NA	NA	NA
OG0018257_NT	Tfasc_v1.25402-RA:cds	Tlei_v1.31642-RA:cds	MYN	0.00723989	0.0391817	0.184777	0.0155262	687	131.335	555.665	NA	9	5	4	NA	NA	0.0133463	2:2:1:1:1:1	0.735507(0.719565:0.645652:0.841304)	NA	NA	NA	NA
OG0009349_NT	Tfasc_v1.30041-RA:cds	Tlei_v1.20864-RA:cds	MYN	0.00272299	0.0361217	0.0753838	5.87169e-06	1446	342.01	1103.99	NA	15	12	3	NA	NA	0.0106225	4.69314:3.60127:1:1:1:1	0.576(0.545:0.45:0.733)	NA	NA	NA	NA
OG0001643_NT	Tfasc_v1.03793-RA:cds	Tlei_v1.09185-RA:cds	MYN	0.00283018	0.00377322	0.750069	0.490433	621	265.812	355.188	NA	2	1	1	NA	NA	0.00323384	2:2:1:1:1:1	0.70892(0.725352:0.795775:0.605634)	NA	NA	NA	NA
OG0018327_NT	Tfasc_v1.29585-RA:cds	Tlei_v1.31243-RA:cds	MYN	0.00534092	0.0390316	0.136836	0.00470759	726	158.949	567.051	NA	9	6	3	NA	NA	0.0127171	2:2:1:1:1:1	0.647333(0.648:0.536:0.758)	NA	NA	NA	NA
OG0015109_NT	Tfasc_v1.22755-RA:cds	Tlei_v1.19538-RA:cds	MYN	0.0103023	0.0212163	0.485585	0.15175	1509	335.555	1173.45	NA	19	7	12	NA	NA	0.0127292	3.08693:3.68957:1:1:1:1	0.591176(0.582353:0.457843:0.733333)	NA	NA	NA	NA
OG0018383_NT	Tfasc_v1.00743-RA:cds	Tlei_v1.02967-RA:cds	MYN	NA	0.0265482	-0	NA	429	116.629	312.371	NA	3	3	NA	NA	NA	0.00721746	2:2:1:1:1:1	0.441239(0.519231:0.426282:0.378205)	NA	NA	NA	NA
OG0011279_NT	Tfasc_v1.00763-RA:cds	Tlei_v1.02949-RA:cds	MYN	0.00604334	0.00941465	0.641908	0.425334	1449	384.35	1064.65	NA	10	3.59441	6.40559	NA	NA	0.00693759	1.56244:2.73217:1:1:1:1	0.534007(0.545455:0.471717:0.584848)	NA	NA	NA	NA
OG0012349_NT	Tfasc_v1.06751-RA:cds	Tlei_v1.14614-RA:cds	MYN	0.0140342	0.012234	1.14714	0.996571	765	332.216	432.784	NA	10	4	6	NA	NA	0.0132524	3.09793:30.2525:1:1:1:1	0.644362(0.767658:0.60223:0.563197)	NA	NA	NA	NA
OG0009528_NT	Tfasc_v1.25169-RA:cds	Tlei_v1.31483-RA:cds	MYN	0.0137067	0.0271563	0.504736	0.163434	1074	264.099	809.901	NA	18	7	11	NA	NA	0.017014	1.51153:0.885188:1:1:1:1	0.427855(0.457176:0.387731:0.438657)	NA	NA	NA	NA
OG0011932_NT	Tfasc_v1.23216-RA:cds	Tlei_v1.23569-RA:cds	MYN	0.00760085	NA	NA	NA	360	94.8387	265.161	NA	2	NA	2	NA	NA	0.00559847	2:2:1:1:1:1	0.513774(0.516529:0.446281:0.578512)	NA	NA	NA	NA
OG0009910_NT	Tfasc_v1.03399-RA:cds	Tlei_v1.09372-RA:cds	MYN	0.011805	0.0636517	0.185463	1.38146e-05	1545	249.232	1295.77	NA	30	14.8243	15.1757	NA	NA	0.0201687	1.2079:1.72193:1:1:1:1	0.673077(0.657692:0.478846:0.882692)	NA	NA	NA	NA
OG0019450_NT	Tfasc_v1.14910-RA:cds	Tlei_v1.21645-RA:cds	MYN	0.0257998	0.0274889	0.938551	0.574991	312	74.2922	237.708	NA	8	2	6	NA	NA	0.026202	2:2:1:1:1:1	0.501515(0.55:0.409091:0.545455)	NA	NA	NA	NA
OG0001938_NT	Tfasc_v1.01212-RA:cds	Tlei_v1.02245-RA:cds	MYN	0.00570768	0.0230604	0.24751	0.00215642	1941	532.733	1408.27	NA	20	12	8	NA	NA	0.0104704	2.57103:8.29224:1:1:1:1	0.464602(0.526549:0.451327:0.415929)	NA	NA	NA	NA
OG0002061_NT	Tfasc_v1.14950-RA:cds	Tlei_v1.21681-RA:cds	MYN	0.00893579	0.0213901	0.417754	0.0467889	1857	618.33	1238.67	NA	24	13	11	NA	NA	0.0130827	0.488002:0.882323:1:1:1:1	0.674654(0.782748:0.589457:0.651757)	NA	NA	NA	NA
OG0007045_NT	Tfasc_v1.08658-RA:cds	Tlei_v1.13356-RA:cds	MYN	0.0112207	0.04636	0.242034	0.00369742	1008	171.839	836.161	NA	17	7.68915	9.31085	NA	NA	0.017211	2.27276:1.00441:1:1:1:1	0.60089(0.602374:0.379822:0.820475)	NA	NA	NA	NA
OG0015548_NT	Tfasc_v1.06523-RA:cds	Tlei_v1.14404-RA:cds	MYN	0.00892066	0.0227157	0.392708	0.224126	474	134.364	339.636	NA	6	3	3	NA	NA	0.0128311	2:2:1:1:1:1	0.513627(0.628931:0.5:0.41195)	NA	NA	NA	NA
OG0019138_NT	Tfasc_v1.18698-RA:cds	Tlei_v1.16849-RA:cds	MYN	0.0116378	0.0355082	0.32775	0.0283288	1071	203.91	867.09	NA	17	7	10	NA	NA	0.0161826	19.2388:11.284:1:1:1:1	0.683333(0.658333:0.556944:0.834722)	NA	NA	NA	NA
OG0018795_NT	Tfasc_v1.02023-RA:cds	Tlei_v1.27165-RA:cds	MYN	0.0190063	0.07105	0.267506	0.0485606	384	57.931	326.069	NA	10	3.88502	6.11498	NA	NA	0.0268577	1.7883:5.3226:1:1:1:1	0.674359(0.630769:0.538462:0.853846)	NA	NA	NA	NA
OG0010294_NT	Tfasc_v1.28986-RA:cds	Tlei_v1.28706-RA:cds	MYN	0.0045491	0.0162495	0.279954	0.00737684	2388	623.825	1764.18	NA	18	10	8	NA	NA	0.00760562	3.87677:5.62618:1:1:1:1	0.446942(0.534022:0.394289:0.412515)	NA	NA	NA	NA
OG0014589_NT	Tfasc_v1.18739-RA:cds	Tlei_v1.16816-RA:cds	MYN	0.0150292	0.0270174	0.556279	0.111848	1770	491.431	1278.57	NA	32	13	19	NA	NA	0.0183577	3.14873:3.90925:1:1:1:1	0.422051(0.493846:0.371538:0.400769)	NA	NA	NA	NA
OG0008888_NT	Tfasc_v1.24237-RA:cds	Tlei_v1.25579-RA:cds	MYN	0.00146511	0.0282984	0.0517735	0.000359313	1548	181.179	1366.82	NA	7	5	2	NA	NA	0.00460569	2:2:1:1:1:1	0.694498(0.649712:0.492322:0.941459)	NA	NA	NA	NA
OG0006756_NT	Tfasc_v1.27933-RA:cds	Tlei_v1.30219-RA:cds	MYN	0.00986446	0.0226746	0.435045	0.00358397	3831	917.783	2913.22	NA	49	20.4594	28.5406	NA	NA	0.0129333	4.24277:2.38163:1:1:1:1	0.420629(0.503067:0.427147:0.331672)	NA	NA	NA	NA
OG0018425_NT	Tfasc_v1.04875-RA:cds	Tlei_v1.00023-RA:cds	MYN	0.00697403	0.0112863	0.61792	0.528485	522	89.3704	432.63	NA	4	1	3	NA	NA	0.00771232	2:2:1:1:1:1	0.535985(0.519886:0.383523:0.704545)	NA	NA	NA	NA
OG0011226_NT	Tfasc_v1.19537-RA:cds	Tlei_v1.06427-RA:cds	MYN	0.00177037	0.0276464	0.0640363	0.00239299	789	221.971	567.029	NA	7	6	1	NA	NA	0.00905012	2.22355:2.25887:1:1:1:1	0.59154(0.5625:0.558712:0.653409)	NA	NA	NA	NA
OG0019244_NT	Tfasc_v1.10957-RA:cds	Tlei_v1.12559-RA:cds	MYN	0.0273533	0.0770361	0.355072	0.0189122	645	123.455	521.545	NA	23	9	14	NA	NA	0.0368628	2.74369:3.71455:1:1:1:1	0.707965(0.707965:0.566372:0.849558)	NA	NA	NA	NA
OG0018779_NT	Tfasc_v1.01798-RA:cds	Tlei_v1.27395-RA:cds	MYN	0.00825493	0.0218493	0.377811	0.0876611	1209	234.331	974.669	NA	13	5	8	NA	NA	0.0108898	2.28217:1.89823:1:1:1:1	0.65561(0.638821:0.518428:0.809582)	NA	NA	NA	NA
OG0007202_NT	Tfasc_v1.08995-RA:cds	Tlei_v1.13033-RA:cds	MYN	0.00554517	0.0567898	0.0976437	1.72451e-05	1434	166.367	1267.63	NA	16	9	7	NA	NA	0.0114904	2:2:1:1:1:1	0.672655(0.629741:0.441118:0.947106)	NA	NA	NA	NA
OG0018169_NT	Tfasc_v1.21888-RA:cds	Tlei_v1.20436-RA:cds	MYN	0.0158998	NA	NA	NA	465	146.261	318.739	NA	5	NA	5	NA	NA	0.0108987	5.2442:9.0034:1:1:1:1	0.481151(0.511905:0.467262:0.464286)	NA	NA	NA	NA
OG0005923_NT	Tfasc_v1.14244-RB:cds	Tlei_v1.30608-RA:cds	MYN	0.0142025	0.0501284	0.283323	0.00378384	963	251.052	711.948	NA	22	12	10	NA	NA	0.0235683	3.06585:5.14327:1:1:1:1	0.402209(0.448343:0.288499:0.469786)	NA	NA	NA	NA
OG0006808_NT	Tfasc_v1.27836-RA:cds	Tlei_v1.30116-RA:cds	MYN	0.00451874	0.017532	0.257742	0.135884	618	173.434	444.566	NA	5	3	2	NA	NA	0.00817075	2:2:1:1:1:1	0.584541(0.599034:0.485507:0.669082)	NA	NA	NA	NA
OG0013818_NT	Tfasc_v1.06069-RA:cds	Tlei_v1.09647-RA:cds	MYN	0.018043	0.0368723	0.489336	0.183175	843	224.952	618.048	NA	19	8	11	NA	NA	0.0230675	3.35474:1.75683:1:1:1:1	0.483444(0.456954:0.399007:0.594371)	NA	NA	NA	NA
OG0003335_NT	Tfasc_v1.20012-RA:cds	Tlei_v1.05627-RA:cds	MYN	0.0145928	0.0391044	0.373176	0.000402796	3309	609.165	2699.83	NA	62	23	39	NA	NA	0.0191052	1.30614:1.38472:1:1:1:1	0.598118(0.550627:0.453853:0.789875)	NA	NA	NA	NA
OG0010048_NT	Tfasc_v1.26736-RA:cds	Tlei_v1.28374-RA:cds	MYN	0.0106271	0.042065	0.252636	0.000417499	1605	371.71	1233.29	NA	28	15	13	NA	NA	0.017908	1.01949:4.99756:1:1:1:1	0.509533(0.493542:0.45572:0.579336)	NA	NA	NA	NA
OG0015272_NT	Tfasc_v1.30522-RA:cds	Tlei_v1.21111-RB:cds	MYN	0.0246476	0.0492687	0.500268	0.0274421	1461	412.159	1048.84	NA	45	19.5811	25.4189	NA	NA	0.0315934	2.58195:1.5754:1:1:1:1	0.4631(0.500923:0.390221:0.498155)	NA	NA	NA	NA
OG0004559_NT	Tfasc_v1.08144-RA:cds	Tlei_v1.14072-RA:cds	MYN	0.00192111	0.0154154	0.124623	0.0067855	1437	393.862	1043.14	NA	8	6	2	NA	NA	0.0056197	2.85683:2.7285:1:1:1:1	0.568261(0.62474:0.472973:0.607069)	NA	NA	NA	NA
OG0010727_NT	Tfasc_v1.12013-RA:cds	Tlei_v1.11139-RA:cds	MYN	0.0436201	0.0579667	0.752503	0.240412	1869	445.608	1423.39	NA	85	24.7212	60.2788	NA	NA	0.0470406	1.38576:1.3887:1:1:1:1	0.448678(0.485226:0.387247:0.473561)	NA	NA	NA	NA
OG0019238_NT	Tfasc_v1.10769-RA:cds	Tlei_v1.12765-RA:cds	MYN	0.0242894	0.00991122	2.4507	0.33567	582	204.458	377.542	NA	11	2	9	NA	NA	0.0192383	9.99155:2.24615:1:1:1:1	0.652137(0.666667:0.597436:0.692308)	NA	NA	NA	NA
OG0018019_NT	Tfasc_v1.09502-RA:cds	Tlei_v1.24132-RA:cds	MYN	0.00664388	0.0219198	0.303099	0.026979	1383	324.708	1058.29	NA	14	7	7	NA	NA	0.0102305	0.967136:1.03481:1:1:1:1	0.524348(0.518519:0.434156:0.62037)	NA	NA	NA	NA
OG0010446_NT	Tfasc_v1.07671-RA:cds	Tlei_v1.15680-RA:cds	MYN	0.00803622	0.0237973	0.337695	0.0846799	1302	174.945	1127.05	NA	13	4	9	NA	NA	0.010154	1.2811:7.42496:1:1:1:1	0.658784(0.654279:0.487613:0.834459)	NA	NA	NA	NA
OG0012695_NT	Tfasc_v1.20596-RA:cds	Tlei_v1.18276-RA:cds	MYN	0.0162252	0.00848333	1.9126	0.493899	738	237.789	500.211	NA	10	2	8	NA	NA	0.0137307	9.60321:14.0768:1:1:1:1	0.496626(0.491903:0.447368:0.550607)	NA	NA	NA	NA
OG0018444_NT	Tfasc_v1.05189-RA:cds	Tlei_v1.06130-RA:cds	MYN	0.0281772	0.0652494	0.431838	0.0310275	1062	212.516	849.484	NA	36	12.5261	23.4739	NA	NA	0.0355957	1.32317:1.85262:1:1:1:1	0.393443(0.45765:0.400273:0.322404)	NA	NA	NA	NA
OG0015468_NT	Tfasc_v1.26316-RA:cds	Tlei_v1.11977-RA:cds	MYN	0.0642204	0.0988965	0.649369	0.222042	489	126.219	362.781	NA	34	11.689	22.311	NA	NA	0.0731709	0.8556:1.91692:1:1:1:1	0.414266(0.444444:0.411523:0.386831)	NA	NA	NA	NA
OG0019069_NT	Tfasc_v1.06674-RA:cds	Tlei_v1.14541-RA:cds	MYN	0.0188012	0.0297166	0.632683	0.112232	2661	639.405	2021.59	NA	56	18.482	37.518	NA	NA	0.0214241	1.9738:0.768236:1:1:1:1	0.416168(0.506487:0.35978:0.382236)	NA	NA	NA	NA
OG0015827_NT	Tfasc_v1.22147-RA:cds	Tlei_v1.05009-RA:cds	MYN	0.528508	2.10841	0.250667	6.43063e-06	300	85.9206	214.079	NA	138	57.0371	80.9629	NA	NA	0.980994	2.3131:1.99221:1:1:1:1	0.444444(0.423423:0.436937:0.472973)	NA	NA	NA	NA
OG0011583_NT	Tfasc_v1.22921-RA:cds	Tlei_v1.23873-RA:cds	MYN	0.0115272	0.0126897	0.908391	0.815862	1512	635.846	876.154	NA	18	8	10	NA	NA	0.0120161	0.561085:0.783545:1:1:1:1	0.705229(0.887255:0.694118:0.534314)	NA	NA	NA	NA
OG0009524_NT	Tfasc_v1.25165-RA:cds	Tlei_v1.31479-RA:cds	MYN	0.0097828	0.0177992	0.54962	0.225195	1749	513.911	1235.09	NA	21	9	12	NA	NA	0.0121383	3.95071:3.0864:1:1:1:1	0.467348(0.556218:0.386712:0.459114)	NA	NA	NA	NA
OG0015507_NT	Tfasc_v1.08863-RA:cds	Tlei_v1.13158-RA:cds	MYN	0.00705385	0.0310046	0.22751	0.0191724	1164	166.558	997.442	NA	12	5	7	NA	NA	0.010481	4.93795:10.6993:1:1:1:1	0.671344(0.637755:0.531888:0.844388)	NA	NA	NA	NA
OG0010371_NT	Tfasc_v1.07835-RA:cds	Tlei_v1.15826-RA:cds	MYN	NA	0.0233173	-0	NA	618	131.633	486.367	NA	3	3	NA	NA	NA	0.00496654	2:2:1:1:1:1	0.621142(0.578704:0.490741:0.793981)	NA	NA	NA	NA
OG0009133_NT	Tfasc_v1.29712-RA:cds	Tlei_v1.31126-RA:cds	MYN	0.0135454	0.0033198	4.08018	0.196337	675	302.228	372.772	NA	6	1	5	NA	NA	0.00896692	2:2:1:1:1:1	0.722953(0.885965:0.708333:0.574561)	NA	NA	NA	NA
OG0011501_NT	Tfasc_v1.23089-RA:cds	Tlei_v1.23697-RA:cds	MYN	0.00128719	0.0079921	0.161057	0.137183	1032	254.356	777.644	NA	3	2	1	NA	NA	0.00293974	2:2:1:1:1:1	0.419771(0.5:0.373926:0.385387)	NA	NA	NA	NA
OG0011879_NT	Tfasc_v1.23323-RA:cds	Tlei_v1.23464-RA:cds	MYN	0.0154792	0.0830285	0.186433	5.59826e-08	1356	368.885	987.115	NA	44	28.8907	15.1093	NA	NA	0.0338552	5.21909:3.14433:1:1:1:1	0.540365(0.517578:0.423828:0.679688)	NA	NA	NA	NA
OG0003081_NT	Tfasc_v1.01275-RA:cds	Tlei_v1.02182-RA:cds	MYN	0.0506509	0.0969043	0.52269	0.0472651	783	185.558	597.442	NA	46	16.7541	29.2459	NA	NA	0.0616122	2.25945:1.13129:1:1:1:1	0.510057(0.522989:0.416667:0.590517)	NA	NA	NA	NA
