Ortho_ID	Tfas_ID	Tlei_ID	Sequence	Method	Ka	Ks	Ka/Ks	P-Value(Fisher)	Length	S-Sites	N-Sites	Fold-Sites(0:2:4)	Substitutions	S-Substitutions	N-Substitutions	Fold-S-Substitutions(0:2:4)	Fold-N-Substitutions(0:2:4)	Divergence-Time	Substitution-Rate-Ratio(rTC:rAG:rTA:rCG:rTG:rCA/rCA)	GC(1:2:3)	ML-Score	AICc	Akaike-Weight	Model
OG0006804_NT	Tfasc_v1.27845-RA:cds	Tlei_v1.30124-RA:cds	MYN	0.0273263	0.050364	0.542576	0.0545554	1323	350.976	972.024	NA	43	16.9216	26.0784	NA	NA	0.033438	1.65955:1.79351:1:1:1:1	0.483184(0.569507:0.443946:0.436099)	NA	NA	NA	NA
OG0010760_NT	Tfasc_v1.11943-RA:cds	Tlei_v1.11206-RA:cds	MYN	0.00212898	0.00350875	0.606763	0.537421	1230	287.244	942.756	NA	3	1	2	NA	NA	0.0024512	2:2:1:1:1:1	0.439984(0.507299:0.453771:0.358881)	NA	NA	NA	NA
OG0015547_NT	Tfasc_v1.06531-RA:cds	Tlei_v1.14412-RA:cds	MYN	0.0124488	0.0418521	0.297448	0.00633705	1083	272.823	810.177	NA	21	11	10	NA	NA	0.0198559	2.39262:1.57596:1:1:1:1	0.581532(0.597297:0.474324:0.672973)	NA	NA	NA	NA
OG0009634_NT	Tfasc_v1.24961-RA:cds	Tlei_v1.28659-RA:cds	MYN	0.0239737	0.0525126	0.456532	0.0647047	897	218.706	678.294	NA	27	11	16	NA	NA	0.030932	0.972419:2.56622:1:1:1:1	0.539914(0.522654:0.461165:0.635922)	NA	NA	NA	NA
OG0008480_NT	Tfasc_v1.04681-RA:cds	Tlei_v1.08505-RA:cds	MYN	0.00484872	0.0280108	0.173102	0.000100728	1959	510.157	1448.84	NA	21	14	7	NA	NA	0.0108805	2.32492:0.898151:1:1:1:1	0.499532(0.502809:0.418539:0.577247)	NA	NA	NA	NA
OG0002222_NT	Tfasc_v1.26855-RA:cds	Tlei_v1.28496-RA:cds	MYN	0.0162804	0.0181155	0.898704	0.652613	243	56.4524	186.548	NA	4	1	3	NA	NA	0.0167067	6.22724:2.48758:1:1:1:1	0.560784(0.494118:0.435294:0.752941)	NA	NA	NA	NA
OG0018586_NT	Tfasc_v1.21644-RA:cds	Tlei_v1.17102-RA:cds	MYN	0.0249558	0.070892	0.352025	0.00214156	996	247.48	748.52	NA	35	16.6508	18.3492	NA	NA	0.0363697	2:2:1:1:1:1	0.477106(0.461538:0.446429:0.523352)	NA	NA	NA	NA
OG0019324_NT	Tfasc_v1.17376-RA:cds	Tlei_v1.26288-RA:cds	MYN	0.00626565	0.00665321	0.941748	0.239316	633	151.112	481.888	NA	4	1	3	NA	NA	0.00635817	2:2:1:1:1:1	0.496069(0.504717:0.433962:0.549528)	NA	NA	NA	NA
OG0007225_NT	Tfasc_v1.09034-RA:cds	Tlei_v1.12997-RA:cds	MYN	0.000914708	0.0139974	0.0653485	0.00416705	1455	360.982	1094.02	NA	6	5	1	NA	NA	0.00416049	2.48622:2.09369:1:1:1:1	0.440329(0.54321:0.401235:0.376543)	NA	NA	NA	NA
OG0014474_NT	Tfasc_v1.17431-RA:cds	Tlei_v1.26339-RA:cds	MYN	0.0163287	0.026839	0.608395	0.430684	324	76.1439	247.856	NA	6	2	4	NA	NA	0.0187987	2:2:1:1:1:1	0.527273(0.431818:0.518182:0.631818)	NA	NA	NA	NA
OG0010871_NT	Tfasc_v1.11030-RB:cds	Tlei_v1.12475-RA:cds	MYN	0.0429352	0.0873598	0.491476	0.00529603	1269	322.726	946.274	NA	66	26.5213	39.4787	NA	NA	0.0542331	0.809354:1.12829:1:1:1:1	0.566971(0.546804:0.557078:0.597032)	NA	NA	NA	NA
OG0008659_NT	Tfasc_v1.04342-RA:cds	Tlei_v1.08186-RA:cds	MYN	0.00132042	0.0214526	0.0615504	0.0020101	1044	284.303	759.697	NA	7	6	1	NA	NA	0.00680284	2.207:2.77305:1:1:1:1	0.47148(0.504011:0.46123:0.449198)	NA	NA	NA	NA
OG0005712_NT	Tfasc_v1.13824-RB:cds	Tlei_v1.19116-RA:cds	MYN	0.00382481	0.0213301	0.179315	0.0136772	1287	237.848	1049.15	NA	9	5	4	NA	NA	0.00705994	0.946484:3.29985:1:1:1:1	0.55848(0.514254:0.483553:0.677632)	NA	NA	NA	NA
OG0006517_NT	Tfasc_v1.01313-RA:cds	Tlei_v1.02143-RA:cds	MYN	0.00586091	0.0105408	0.55602	0.247212	2118	575.574	1542.43	NA	15	6	9	NA	NA	0.0071327	2.8489:4.19914:1:1:1:1	0.494358(0.518336:0.51622:0.448519)	NA	NA	NA	NA
OG0003323_NT	Tfasc_v1.22130-RA:cds	Tlei_v1.20177-RA:cds	MYN	0.0288858	0.0283231	1.01987	1	1602	486.206	1115.79	NA	45	13.4454	31.5546	NA	NA	0.028715	5.10812:3.26769:1:1:1:1	0.479356(0.514572:0.433515:0.489982)	NA	NA	NA	NA
OG0008577_NT	Tfasc_v1.04502-RA:cds	Tlei_v1.08336-RA:cds	MYN	0.00705792	0.00702061	1.00531	0.907122	999	286.885	712.115	NA	7	2	5	NA	NA	0.00704721	7.07099:3.7708:1:1:1:1	0.43121(0.434903:0.414127:0.444598)	NA	NA	NA	NA
OG0012185_NT	Tfasc_v1.15865-RA:cds	Tlei_v1.22789-RA:cds	MYN	0.00987054	0.0748578	0.131857	0.000533817	561	150.355	410.645	NA	14	10	4	NA	NA	0.0272879	4.77078:15.2255:1:1:1:1	0.486702(0.526596:0.409574:0.523936)	NA	NA	NA	NA
OG0007528_NT	Tfasc_v1.22273-RA:cds	Tlei_v1.20005-RA:cds	MYN	0.00927108	0.030499	0.30398	0.00778429	1530	335.97	1194.03	NA	21	10	11	NA	NA	0.0139325	1.53649:3.63703:1:1:1:1	0.556355(0.605216:0.385791:0.678058)	NA	NA	NA	NA
OG0002094_NT	Tfasc_v1.02010-RA:cds	Tlei_v1.27180-RA:cds	MYN	0.0151074	0.0477252	0.31655	0.000678854	1773	368.841	1404.16	NA	38	17	21	NA	NA	0.021893	1.35809:1.47114:1:1:1:1	0.624722(0.639167:0.469167:0.765833)	NA	NA	NA	NA
OG0010556_NT	Tfasc_v1.28818-RA:cds	Tlei_v1.28869-RA:cds	MYN	0.00252975	0.0310647	0.0814349	0.000156924	1122	329.787	792.213	NA	12	10	2	NA	NA	0.0109169	2.94236:7.58553:1:1:1:1	0.592889(0.608:0.517333:0.653333)	NA	NA	NA	NA
OG0006380_NT	Tfasc_v1.05675-RA:cds	Tlei_v1.01099-RA:cds	MYN	0.0332616	0.0804374	0.413509	0.0125037	801	137.355	663.645	NA	32	10.4183	21.5817	NA	NA	0.0413513	1.86687:2.47183:1:1:1:1	0.59699(0.493311:0.503344:0.794314)	NA	NA	NA	NA
OG0011577_NT	Tfasc_v1.22929-RA:cds	Tlei_v1.23832-RA:cds	MYN	0.00399537	0.0121003	0.330189	0.0908878	1422	418.016	1003.98	NA	9	5	4	NA	NA	0.00637792	2:2:1:1:1:1	0.549616(0.681342:0.503145:0.464361)	NA	NA	NA	NA
OG0013623_NT	Tfasc_v1.03197-RA:cds	Tlei_v1.03788-RA:cds	MYN	0.0184995	0.0369665	0.500439	0.0938441	1182	360.577	821.423	NA	28	13	15	NA	NA	0.024133	2.32466:3.05831:1:1:1:1	0.535971(0.589928:0.503597:0.514388)	NA	NA	NA	NA
OG0014386_NT	Tfasc_v1.28118-RA:cds	Tlei_v1.29485-RA:cds	MYN	0.00702676	0.0282013	0.249164	0.0724789	576	145.974	430.026	NA	7	4	3	NA	NA	0.012393	2:2:1:1:1:1	0.483592(0.497409:0.42228:0.531088)	NA	NA	NA	NA
OG0002627_NT	Tfasc_v1.28200-RB:cds	Tlei_v1.29386-RB:cds	MYN	0.0205677	0.0266721	0.771131	0.536561	1323	383.963	939.037	NA	29	10	19	NA	NA	0.0223393	2.15871:9.46925:1:1:1:1	0.550936(0.552809:0.514607:0.585393)	NA	NA	NA	NA
OG0006816_NT	Tfasc_v1.27817-RA:cds	Tlei_v1.30101-RA:cds	MYN	0.0114374	0.0583604	0.19598	0.015777	531	90.1826	440.817	NA	10	5	5	NA	NA	0.0194066	2:2:1:1:1:1	0.653558(0.570225:0.544944:0.845506)	NA	NA	NA	NA
OG0007504_NT	Tfasc_v1.22333-RA:cds	Tlei_v1.19954-RA:cds	MYN	0.0051892	0.00919824	0.564151	0.267854	1797	439.904	1357.1	NA	11	4	7	NA	NA	0.00617061	2:2:1:1:1:1	0.536915(0.593388:0.472727:0.544628)	NA	NA	NA	NA
OG0008761_NT	Tfasc_v1.23982-RA:cds	Tlei_v1.25345-RA:cds	MYN	0.013073	0.0176395	0.741118	0.614344	1329	402.287	926.713	NA	19	7	12	NA	NA	0.0144553	5.41215:1.66638:1:1:1:1	0.452907(0.442605:0.397351:0.518764)	NA	NA	NA	NA
OG0008838_NT	Tfasc_v1.24136-RA:cds	Tlei_v1.25494-RA:cds	MYN	0.0167113	0.0175068	0.954559	0.990379	777	231.587	545.413	NA	13	4	9	NA	NA	0.0169484	2.78974:5.99646:1:1:1:1	0.533974(0.488462:0.580769:0.532692)	NA	NA	NA	NA
OG0010057_NT	Tfasc_v1.26746-RA:cds	Tlei_v1.28386-RA:cds	MYN	0.00442393	0.0508514	0.0869973	0.000632117	804	122.448	681.552	NA	9	6	3	NA	NA	0.0114947	2.12567:2.10245:1:1:1:1	0.582404(0.492565:0.423792:0.830855)	NA	NA	NA	NA
OG0007298_NT	Tfasc_v1.22714-RA:cds	Tlei_v1.19585-RA:cds	MYN	0.0095272	0.0690893	0.137897	0.00312232	819	77.5386	741.461	NA	12	5	7	NA	NA	0.0151662	2:2:1:1:1:1	0.542999(0.512793:0.405117:0.711087)	NA	NA	NA	NA
OG0008183_NT	Tfasc_v1.09775-RA:cds	Tlei_v1.24406-RA:cds	MYN	0.0068955	0.0156042	0.441901	0.149437	1200	324.751	875.249	NA	11	5	6	NA	NA	0.00925229	2:2:1:1:1:1	0.480881(0.563591:0.405237:0.473815)	NA	NA	NA	NA
OG0003369_NT	Tfasc_v1.20334-RA:cds	Tlei_v1.05332-RA:cds	MYN	0.00797217	0.0238917	0.33368	0.0374419	1098	340.828	757.172	NA	14	8	6	NA	NA	0.0129137	3.61275:3.89057:1:1:1:1	0.601626(0.536585:0.643631:0.624661)	NA	NA	NA	NA
OG0005704_NT	Tfasc_v1.13770-RA:cds	Tlei_v1.19062-RA:cds	MYN	0.00360381	NA	NA	NA	732	175.195	556.805	NA	2	NA	2	NA	NA	0.00274128	2:2:1:1:1:1	0.40068(0.463265:0.302041:0.436735)	NA	NA	NA	NA
OG0009103_NT	Tfasc_v1.29662-RA:cds	Tlei_v1.31179-RA:cds	MYN	0.021069	0.0446955	0.471389	0.0194342	1677	412.644	1264.36	NA	44	17.7434	26.2566	NA	NA	0.0268826	2.14706:1.42655:1:1:1:1	0.436009(0.515707:0.354276:0.438045)	NA	NA	NA	NA
OG0007705_NT	Tfasc_v1.20146-RA:cds	Tlei_v1.05503-RA:cds	MYN	0.00378172	0.0132653	0.285084	0.0159098	2466	609.839	1856.16	NA	15	8	7	NA	NA	0.00612699	2.42079:3.59764:1:1:1:1	0.44902(0.494706:0.430588:0.421765)	NA	NA	NA	NA
OG0009058_NT	Tfasc_v1.16561-RA:cds	Tlei_v1.07130-RA:cds	MYN	0.00135749	0.0392639	0.0345736	1.09934e-05	1002	262.531	739.469	NA	11	10	1	NA	NA	0.0112892	2:2:1:1:1:1	0.53621(0.56994:0.488095:0.550595)	NA	NA	NA	NA
OG0012970_NT	Tfasc_v1.02373-RA:cds	Tlei_v1.26859-RA:cds	MYN	0.0049064	0.0136384	0.359748	0.0279669	2508	665.991	1842.01	NA	18	9	9	NA	NA	0.00722516	1.07505:0.846602:1:1:1:1	0.527016(0.616806:0.470203:0.494041)	NA	NA	NA	NA
OG0013426_NT	Tfasc_v1.30602-RA:cds	Tlei_v1.21193-RA:cds	MYN	0.00545119	0.0194778	0.279867	0.0230009	1470	365.315	1104.69	NA	13	7	6	NA	NA	0.00893699	2.59223:1.56071:1:1:1:1	0.574864(0.595528:0.441057:0.688008)	NA	NA	NA	NA
OG0014195_NT	Tfasc_v1.17755-RA:cds	Tlei_v1.04747-RA:cds	MYN	0.00469467	0.0102539	0.457842	0.203714	1464	394.779	1069.22	NA	9	4	5	NA	NA	0.00619376	2:2:1:1:1:1	0.488821(0.59248:0.495935:0.378049)	NA	NA	NA	NA
OG0006550_NT	Tfasc_v1.01345-RA:cds	Tlei_v1.02114-RA:cds	MYN	0.00859347	0.0202638	0.424079	0.008415	3579	1002.6	2576.4	NA	42	20	22	NA	NA	0.0118627	3.31729:4.76373:1:1:1:1	0.435405(0.480785:0.376942:0.448487)	NA	NA	NA	NA
OG0019340_NT	Tfasc_v1.17719-RA:cds	Tlei_v1.18105-RA:cds	MYN	0.1377	0.140461	0.980344	0.999995	249	76.4525	172.547	NA	31	9.58858	21.4114	NA	NA	0.138547	5.03985:7.02444:1:1:1:1	0.444444(0.320513:0.508547:0.504274)	NA	NA	NA	NA
OG0006889_NT	Tfasc_v1.27703-RA:cds	Tlei_v1.29991-RA:cds	MYN	0.00395162	0.0067978	0.581309	0.411265	1314	298.557	1015.44	NA	6	2	4	NA	NA	0.00459831	2:2:1:1:1:1	0.398864(0.478409:0.286364:0.431818)	NA	NA	NA	NA
OG0006462_NT	Tfasc_v1.01180-RA:cds	Tlei_v1.02282-RA:cds	MYN	NA	0.0122674	-0	NA	648	165.068	482.932	NA	2	2	NA	NA	NA	0.00312492	2:2:1:1:1:1	0.439324(0.557604:0.299539:0.460829)	NA	NA	NA	NA
OG0003376_NT	Tfasc_v1.20383-RA:cds	Tlei_v1.05299-RA:cds	MYN	0.00862763	0.0196924	0.43812	0.245646	624	156.882	467.118	NA	7	3	4	NA	NA	0.0114095	2:2:1:1:1:1	0.45614(0.586124:0.330144:0.452153)	NA	NA	NA	NA
OG0016027_NT	Tfasc_v1.30704-RA:cds	Tlei_v1.21284-RA:cds	MYN	0.00823178	0.0190354	0.432445	0.0825357	1635	534.897	1100.1	NA	19	10	9	NA	NA	0.0117662	6.18234:6.09444:1:1:1:1	0.528324(0.63864:0.462433:0.4839)	NA	NA	NA	NA
OG0007422_NT	Tfasc_v1.22480-RA:cds	Tlei_v1.19811-RA:cds	MYN	0.00308229	0.00263415	1.17013	0.726452	1356	380.457	975.543	NA	4	1	3	NA	NA	0.00295655	2:2:1:1:1:1	0.48418(0.580574:0.433775:0.43819)	NA	NA	NA	NA
OG0013445_NT	Tfasc_v1.30555-RA:cds	Tlei_v1.21149-RA:cds	MYN	0.00575761	0.0172646	0.333493	0.0114374	2682	586.493	2095.51	NA	22	10	12	NA	NA	0.00827393	0.947653:1.17257:1:1:1:1	0.453683(0.523996:0.399554:0.4375)	NA	NA	NA	NA
OG0019137_NT	Tfasc_v1.18604-RA:cds	Tlei_v1.16942-RA:cds	MYN	0.00690788	0.0187625	0.368176	0.0380749	1743	432.962	1310.04	NA	17	8	9	NA	NA	0.00985257	1.24262:13.8807:1:1:1:1	0.510452(0.588983:0.441525:0.500847)	NA	NA	NA	NA
OG0015598_NT	Tfasc_v1.16834-RA:cds	Tlei_v1.07746-RB:cds	MYN	0.00392891	0.0233604	0.168187	3.84459e-05	2478	645.545	1832.45	NA	22	14.8215	7.17847	NA	NA	0.00899103	2.22477:0.905462:1:1:1:1	0.45788(0.512696:0.392382:0.468561)	NA	NA	NA	NA
OG0015765_NT	Tfasc_v1.08187-RA:cds	Tlei_v1.13997-RA:cds	MYN	0.00895304	0.0540495	0.165645	0.000533236	780	211.343	568.657	NA	16	10.945	5.05503	NA	NA	0.021172	2:2:1:1:1:1	0.587421(0.667925:0.415094:0.679245)	NA	NA	NA	NA
OG0007677_NT	Tfasc_v1.20060-RA:cds	Tlei_v1.05582-RA:cds	MYN	0.00729038	0.0210214	0.346808	0.0226113	1818	439.282	1378.72	NA	19	9	10	NA	NA	0.0106082	2:2:1:1:1:1	0.522008(0.569243:0.384863:0.611916)	NA	NA	NA	NA
OG0015038_NT	Tfasc_v1.14715-RB:cds	Tlei_v1.21464-RA:cds	MYN	0.0276238	0.0326298	0.846583	0.538881	1131	293	838	NA	32	9.30267	22.6973	NA	NA	0.0289207	3.79732:2.17606:1:1:1:1	0.416046(0.533499:0.325062:0.389578)	NA	NA	NA	NA
OG0010217_NT	Tfasc_v1.17662-RA:cds	Tlei_v1.04828-RA:cds	MYN	0.000977934	0.0249572	0.0391844	4.30276e-05	1392	367.608	1024.39	NA	10	9	1	NA	NA	0.00731054	1.73659:2.19169:1:1:1:1	0.499646(0.505308:0.444798:0.548832)	NA	NA	NA	NA
OG0006261_NT	Tfasc_v1.06009-RA:cds	Tlei_v1.01394-RA:cds	MYN	0.0122001	0.0157043	0.776862	0.63695	1509	516.35	992.65	NA	20	8	12	NA	NA	0.0133992	12.781:5.16618:1:1:1:1	0.462136(0.490291:0.398058:0.498058)	NA	NA	NA	NA
OG0001970_NT	Tfasc_v1.27708-RA:cds	Tlei_v1.29995-RA:cds	MYN	0.0331672	0.0410554	0.807864	0.581095	1107	304.879	802.121	NA	38	12	26	NA	NA	0.0353397	2.4042:3.066:1:1:1:1	0.488506(0.506631:0.431034:0.527851)	NA	NA	NA	NA
OG0019312_NT	Tfasc_v1.17222-RA:cds	Tlei_v1.04921-RA:cds	MYN	0.00378941	0.0313794	0.120761	0.00103168	1059	261.867	797.133	NA	11	8	3	NA	NA	0.0106118	2:2:1:1:1:1	0.553052(0.591549:0.388732:0.678873)	NA	NA	NA	NA
OG0009439_NT	Tfasc_v1.30344-RA:cds	Tlei_v1.20612-RA:cds	MYN	0.0167399	0.0162961	1.02724	0.797577	1281	322.3	958.7	NA	21	5.15842	15.8416	NA	NA	0.0166283	2:2:1:1:1:1	0.478519(0.554444:0.395556:0.485556)	NA	NA	NA	NA
OG0003584_NT	Tfasc_v1.24194-RA:cds	Tlei_v1.25546-RA:cds	MYN	0.0245136	0.0278063	0.881586	0.738775	1803	515.729	1287.27	NA	45	14	31	NA	NA	0.0254555	3.52645:4.13395:1:1:1:1	0.510779(0.525705:0.41874:0.587894)	NA	NA	NA	NA
OG0014628_NT	Tfasc_v1.04193-RA:cds	Tlei_v1.08668-RA:cds	MYN	0.00609613	0.0218541	0.278946	0.0224163	1314	325.168	988.832	NA	13	7	6	NA	NA	0.00999568	1.90892:6.51805:1:1:1:1	0.485606(0.492045:0.4:0.564773)	NA	NA	NA	NA
OG0007466_NT	Tfasc_v1.22392-RA:cds	Tlei_v1.19894-RA:cds	MYN	0.0215911	0.0787183	0.274283	4.85612e-06	1461	379.541	1081.46	NA	51	28	23	NA	NA	0.0364317	3.26611:2.40106:1:1:1:1	0.520543(0.507952:0.416501:0.637177)	NA	NA	NA	NA
OG0006248_NT	Tfasc_v1.06023-RA:cds	Tlei_v1.01406-RA:cds	MYN	0.00258766	0.0156284	0.165574	2.89878e-06	4779	1294.59	3484.41	NA	29	20	9	NA	NA	0.00612029	3.72046:2.50642:1:1:1:1	0.441656(0.510665:0.40872:0.405583)	NA	NA	NA	NA
OG0012482_NT	Tfasc_v1.05024-RA:cds	Tlei_v1.00158-RA:cds	MYN	0.00827307	0.0182767	0.452655	0.0667325	1857	481.572	1375.43	NA	20	8.68486	11.3151	NA	NA	0.0108673	1.47295:2.53383:1:1:1:1	0.47957(0.527419:0.368548:0.542742)	NA	NA	NA	NA
OG0011898_NT	Tfasc_v1.23292-RA:cds	Tlei_v1.23487-RA:cds	MYN	0.00611096	0.0195989	0.311801	0.0163501	1785	467.097	1317.9	NA	17	9	8	NA	NA	0.00964047	2.25068:2.16578:1:1:1:1	0.461766(0.556543:0.428918:0.399838)	NA	NA	NA	NA
OG0007060_NT	Tfasc_v1.08712-RA:cds	Tlei_v1.13314-RA:cds	MYN	0.00284793	0.0249639	0.114082	1.53323e-07	3240	776.094	2463.91	NA	26	19	7	NA	NA	0.00814547	1.22239:2.66354:1:1:1:1	0.450015(0.541858:0.387764:0.420423)	NA	NA	NA	NA
OG0004255_NT	Tfasc_v1.08138-RA:cds	Tlei_v1.14079-RA:cds	MYN	0.0174799	0.0217409	0.804008	0.608152	975	280.197	694.803	NA	18	6	12	NA	NA	0.0187044	3.07132:1.85375:1:1:1:1	0.573852(0.61976:0.497006:0.60479)	NA	NA	NA	NA
OG0010132_NT	Tfasc_v1.17488-RA:cds	Tlei_v1.26391-RA:cds	MYN	0.00814691	0.0182699	0.44592	0.194104	1197	333	864	NA	13	6	7	NA	NA	0.0109631	4.25205:0.869968:1:1:1:1	0.568966(0.570197:0.511084:0.625616)	NA	NA	NA	NA
OG0012049_NT	Tfasc_v1.21564-RA:cds	Tlei_v1.17181-RA:cds	MYN	0.00470617	0.0192375	0.244635	0.00434067	2022	529.826	1492.17	NA	17	10	7	NA	NA	0.00851382	2.88435:2.81029:1:1:1:1	0.482716(0.542963:0.422963:0.482222)	NA	NA	NA	NA
OG0012792_NT	Tfasc_v1.21994-RA:cds	Tlei_v1.20532-RA:cds	MYN	0.0161125	0.0369122	0.436508	0.0211189	1407	381.566	1025.43	NA	30	13.6791	16.3209	NA	NA	0.0217532	3.12752:4.23047:1:1:1:1	0.419905(0.489775:0.285276:0.484663)	NA	NA	NA	NA
OG0015270_NT	Tfasc_v1.19073-RA:cds	Tlei_v1.16427-RA:cds	MYN	0.0242841	0.0398443	0.609473	0.113076	1632	404.258	1227.74	NA	45	15.6649	29.3351	NA	NA	0.0281384	2.87588:1.72714:1:1:1:1	0.356579(0.432237:0.323026:0.314474)	NA	NA	NA	NA
OG0003502_NT	Tfasc_v1.04304-RA:cds	Tlei_v1.08560-RA:cds	MYN	0.00202624	0.0236629	0.0856295	1.05541e-05	2043	560.135	1482.86	NA	16	13	3	NA	NA	0.00795841	2.02364:1.72266:1:1:1:1	0.486804(0.594575:0.397361:0.468475)	NA	NA	NA	NA
OG0010745_NT	Tfasc_v1.11964-RA:cds	Tlei_v1.11188-RA:cds	MYN	0.0074569	0.0118157	0.631102	0.357047	1911	427.877	1483.12	NA	16	5	11	NA	NA	0.00843284	1.19145:4.27429:1:1:1:1	0.504933(0.553738:0.388629:0.57243)	NA	NA	NA	NA
OG0002023_NT	Tfasc_v1.22335-RA:cds	Tlei_v1.19952-RA:cds	MYN	0.00659853	0.0293673	0.22469	0.165561	237	65.5461	171.454	NA	3	1.87455	1.12545	NA	NA	0.0128956	2:2:1:1:1:1	0.460417(0.575:0.425:0.38125)	NA	NA	NA	NA
OG0009891_NT	Tfasc_v1.03459-RA:cds	Tlei_v1.09418-RA:cds	MYN	0.0218542	0.03626	0.602708	0.0971593	2049	501.67	1547.33	NA	51	17.6787	33.3213	NA	NA	0.0253813	1.56134:1.2203:1:1:1:1	0.418485(0.478819:0.372272:0.404365)	NA	NA	NA	NA
OG0004832_NT	Tfasc_v1.17712-RA:cds	Tlei_v1.04787-RA:cds	MYN	0.00759065	0.0124895	0.607763	0.458262	1122	327.384	794.616	NA	10	4	6	NA	NA	0.00902007	4.73576:5.22189:1:1:1:1	0.46875(0.533854:0.391927:0.480469)	NA	NA	NA	NA
OG0007955_NT	Tfasc_v1.14944-RA:cds	Tlei_v1.21677-RA:cds	MYN	0.00681102	0.0134514	0.506343	0.0433573	4302	1202.68	3099.32	NA	37	16	21	NA	NA	0.00866742	3.63537:3.93952:1:1:1:1	0.47533(0.515983:0.460737:0.44927)	NA	NA	NA	NA
OG0008064_NT	Tfasc_v1.15133-RA:cds	Tlei_v1.21875-RA:cds	MYN	0.00131678	0.0188075	0.0700134	0.00533638	1032	270.299	761.701	NA	6	5	1	NA	NA	0.0058979	2:2:1:1:1:1	0.529215(0.576149:0.445402:0.566092)	NA	NA	NA	NA
OG0002203_NT	Tfasc_v1.03519-RA:cds	Tlei_v1.09477-RA:cds	MYN	0.0225393	0.0218988	1.02925	1	3090	836.998	2253	NA	68	18	50	NA	NA	0.0223658	2.60386:2.44484:1:1:1:1	0.430644(0.502267:0.341795:0.447869)	NA	NA	NA	NA
OG0013372_NT	Tfasc_v1.02570-RA:cds	Tlei_v1.26685-RA:cds	MYN	0.0280642	0.0393963	0.712356	0.250692	1653	426.287	1226.71	NA	50	16.2138	33.7862	NA	NA	0.0309866	4.06973:3.31978:1:1:1:1	0.384674(0.463581:0.363429:0.327011)	NA	NA	NA	NA
OG0012298_NT	Tfasc_v1.06664-RA:cds	Tlei_v1.14528-RA:cds	MYN	0.00741665	0.0415569	0.17847	0.171367	189	53.4102	135.59	NA	3	2	1	NA	NA	0.0170645	2:2:1:1:1:1	0.538462(0.753846:0.507692:0.353846)	NA	NA	NA	NA
OG0013794_NT	Tfasc_v1.01688-RA:cds	Tlei_v1.27506-RA:cds	MYN	0.00514361	0.0212411	0.242153	0.00893924	1896	335.252	1560.75	NA	15	7	8	NA	NA	0.00798998	1.09059:0.602153:1:1:1:1	0.637533(0.618898:0.480315:0.813386)	NA	NA	NA	NA
OG0006414_NT	Tfasc_v1.05600-RA:cds	Tlei_v1.01023-RA:cds	MYN	0.0554868	0.0845536	0.656233	0.192244	747	169.063	577.937	NA	44	13.2194	30.7806	NA	NA	0.0620653	2:2:1:1:1:1	0.360754(0.417738:0.336761:0.327763)	NA	NA	NA	NA
OG0018105_NT	Tfasc_v1.24044-RA:cds	Tlei_v1.25403-RB:cds	MYN	0.0147745	0.0279015	0.529522	0.0204696	2943	705.523	2237.48	NA	52	19.274	32.726	NA	NA	0.0179214	2.50315:3.29497:1:1:1:1	0.402278(0.452909:0.382271:0.371653)	NA	NA	NA	NA
OG0005922_NT	Tfasc_v1.14251-RA:cds	Tlei_v1.30602-RA:cds	MYN	0.000679887	0.0417939	0.0162676	4.24245e-11	1917	444.588	1472.41	NA	19	18	1	NA	NA	0.010215	1.8228:2.18322:1:1:1:1	0.443246(0.540062:0.377504:0.412173)	NA	NA	NA	NA
OG0015385_NT	Tfasc_v1.02282-RA:cds	Tlei_v1.26941-RA:cds	MYN	0.00650894	0.0226457	0.287425	0.0217492	1395	314.592	1080.41	NA	14	7	7	NA	NA	0.010148	2:2:1:1:1:1	0.565083(0.575413:0.441116:0.678719)	NA	NA	NA	NA
OG0007876_NT	Tfasc_v1.20498-RA:cds	Tlei_v1.05192-RA:cds	MYN	0.0809081	0.123137	0.657056	0.163229	741	177.056	563.944	NA	63	19.7585	43.2415	NA	NA	0.0909984	1.64379:0.798819:1:1:1:1	0.426692(0.507519:0.368421:0.404135)	NA	NA	NA	NA
OG0008262_NT	Tfasc_v1.09619-RA:cds	Tlei_v1.24246-RA:cds	MYN	0.00359519	0.0141688	0.253741	0.00340692	3222	712.609	2509.39	NA	19	10	9	NA	NA	0.00593375	1.33287:1.21895:1:1:1:1	0.456218(0.48976:0.444791:0.434105)	NA	NA	NA	NA
OG0013679_NT	Tfasc_v1.03331-RA:cds	Tlei_v1.03689-RA:cds	MYN	0.0191525	0.057043	0.335756	0.0547627	396	128.31	267.69	NA	12	7	5	NA	NA	0.0314296	2.31672:2.49509:1:1:1:1	0.621554(0.706767:0.507519:0.650376)	NA	NA	NA	NA
OG0008623_NT	Tfasc_v1.04438-RA:cds	Tlei_v1.08268-RA:cds	MYN	0.00274301	0.0112385	0.244073	0.00929448	2910	717.618	2192.38	NA	14	8	6	NA	NA	0.00483804	2:2:1:1:1:1	0.484037(0.555613:0.516478:0.380021)	NA	NA	NA	NA
OG0013873_NT	Tfasc_v1.28291-RA:cds	Tlei_v1.29299-RA:cds	MYN	0.0166784	0.0208584	0.799604	0.471376	2340	605.507	1734.49	NA	41	12.4	28.6	NA	NA	0.0177601	3.387:3.46617:1:1:1:1	0.430999(0.497543:0.447789:0.347666)	NA	NA	NA	NA
OG0010555_NT	Tfasc_v1.28810-RA:cds	Tlei_v1.28877-RA:cds	MYN	0.00702252	0.0220753	0.318117	0.0306825	1227	368.089	858.911	NA	14	8	6	NA	NA	0.0115382	5.29605:3.06018:1:1:1:1	0.466667(0.574419:0.397674:0.427907)	NA	NA	NA	NA
OG0006692_NT	Tfasc_v1.01617-RA:cds	Tlei_v1.01839-RA:cds	MYN	0.00347717	0.0104561	0.332548	0.0918614	1635	481.867	1153.13	NA	9	5	4	NA	NA	0.00553401	4.08459:3.6102:1:1:1:1	0.412713(0.446168:0.342153:0.449818)	NA	NA	NA	NA
OG0009511_NT	Tfasc_v1.25188-RA:cds	Tlei_v1.31504-RA:cds	MYN	0.00218272	0.0192046	0.113656	0.00476382	1236	317.683	918.317	NA	8	6	2	NA	NA	0.00655776	2:2:1:1:1:1	0.440274(0.468523:0.443099:0.409201)	NA	NA	NA	NA
OG0007216_NT	Tfasc_v1.09027-RA:cds	Tlei_v1.13002-RA:cds	MYN	0.00735194	0.0323437	0.227307	0.000406055	1689	439.689	1249.31	NA	23	13.8701	9.12989	NA	NA	0.0138579	2.35424:4.28341:1:1:1:1	0.500285(0.519692:0.464041:0.517123)	NA	NA	NA	NA
OG0007541_NT	Tfasc_v1.22243-RA:cds	Tlei_v1.20033-RA:cds	MYN	0.00783115	0.0592562	0.132157	0.000187894	717	191.606	525.394	NA	15	10.911	4.08903	NA	NA	0.0215736	4.37537:5.14516:1:1:1:1	0.544715(0.542683:0.489837:0.601626)	NA	NA	NA	NA
OG0012110_NT	Tfasc_v1.21422-RA:cds	Tlei_v1.17299-RA:cds	MYN	0.020559	0.0684983	0.300139	0.000449807	972	251.18	720.82	NA	31	16.3869	14.6131	NA	NA	0.0329473	2.0016:0.541976:1:1:1:1	0.531915(0.574468:0.442249:0.579027)	NA	NA	NA	NA
OG0010860_NT	Tfasc_v1.11049-RB:cds	Tlei_v1.12453-RA:cds	MYN	0.0794445	0.196867	0.403543	0.000270282	711	182.687	528.313	NA	71	31.1887	39.8113	NA	NA	0.109616	2.03095:1.74157:1:1:1:1	0.450137(0.534836:0.377049:0.438525)	NA	NA	NA	NA
OG0006198_NT	Tfasc_v1.06215-RA:cds	Tlei_v1.01520-RA:cds	MYN	0.0033598	0.0477649	0.0703404	0.00010534	795	197.381	597.619	NA	11	9	2	NA	NA	0.0143846	2:2:1:1:1:1	0.551186(0.529963:0.44382:0.679775)	NA	NA	NA	NA
OG0012206_NT	Tfasc_v1.21380-RA:cds	Tlei_v1.17340-RA:cds	MYN	0.00186393	0.0236757	0.0787275	0.000189791	1461	386.243	1074.76	NA	11	9	2	NA	NA	0.00763028	2:2:1:1:1:1	0.458333(0.541353:0.390038:0.443609)	NA	NA	NA	NA
OG0013174_NT	Tfasc_v1.05563-RA:cds	Tlei_v1.00989-RA:cds	MYN	0.0016461	0.0189277	0.0869681	1.20039e-05	2523	698.199	1824.8	NA	16	13	3	NA	NA	0.00642849	2.80564:2.41266:1:1:1:1	0.541766(0.599169:0.417458:0.60867)	NA	NA	NA	NA
OG0009525_NT	Tfasc_v1.25164-RA:cds	Tlei_v1.31478-RA:cds	MYN	0.00778814	0.0277956	0.280193	0.12596	498	110.408	387.592	NA	6	3	3	NA	NA	0.0122239	2:2:1:1:1:1	0.67433(0.718391:0.528736:0.775862)	NA	NA	NA	NA
OG0008710_NT	Tfasc_v1.04787-RA:cds	Tlei_v1.08091-RA:cds	MYN	NA	0.0245159	-0	NA	642	166.718	475.282	NA	4	4	NA	NA	NA	0.00636645	2:2:1:1:1:1	0.535659(0.627907:0.423256:0.555814)	NA	NA	NA	NA
OG0011948_NT	Tfasc_v1.23204-RA:cds	Tlei_v1.23581-RA:cds	MYN	0.00128418	0.00751926	0.170786	0.145697	1047	267.533	779.467	NA	3	2	1	NA	NA	0.00287739	2:2:1:1:1:1	0.481905(0.525714:0.414286:0.505714)	NA	NA	NA	NA
OG0010182_NT	Tfasc_v1.17585-RA:cds	Tlei_v1.26481-RA:cds	MYN	0.0185338	0.0526479	0.352032	0.00505226	1224	295.277	928.723	NA	32	15	17	NA	NA	0.0267634	1.41889:0.676457:1:1:1:1	0.507504(0.561611:0.494076:0.466825)	NA	NA	NA	NA
OG0006193_NT	Tfasc_v1.06227-RA:cds	Tlei_v1.01534-RA:cds	MYN	0.016146	0.0125848	1.28298	0.796705	1512	322.487	1189.51	NA	23	4	19	NA	NA	0.0153864	1.60466:0.752614:1:1:1:1	0.434983(0.475248:0.455446:0.374257)	NA	NA	NA	NA
OG0007534_NT	Tfasc_v1.22244-RA:cds	Tlei_v1.20032-RA:cds	MYN	0.00525929	NA	NA	NA	249	57.1482	191.852	NA	1	NA	1	NA	NA	0.00405223	2:2:1:1:1:1	0.591085(0.534884:0.52907:0.709302)	NA	NA	NA	NA
OG0015563_NT	Tfasc_v1.06503-RA:cds	Tlei_v1.14383-RA:cds	MYN	0.00998571	0.031725	0.314759	0.0152536	1200	291.24	908.76	NA	18	9	9	NA	NA	0.0152618	2.83835:3.65151:1:1:1:1	0.434414(0.46412:0.424769:0.414352)	NA	NA	NA	NA
OG0007550_NT	Tfasc_v1.22222-RA:cds	Tlei_v1.20048-RA:cds	MYN	0.00873043	0.0210685	0.414382	0.0453983	1980	482.261	1497.74	NA	23	10	13	NA	NA	0.0117356	1.08063:0.932053:1:1:1:1	0.520362(0.573906:0.417798:0.569382)	NA	NA	NA	NA
OG0014652_NT	Tfasc_v1.03869-RA:cds	Tlei_v1.09108-RA:cds	MYN	0.017862	NA	NA	NA	225	54.0751	170.925	NA	3	NA	3	NA	NA	0.0135692	2:2:1:1:1:1	0.532895(0.605263:0.388158:0.605263)	NA	NA	NA	NA
OG0004051_NT	Tfasc_v1.07066-RA:cds	Tlei_v1.15039-RA:cds	MYN	0.00556984	0.0553153	0.100693	2.21126e-07	1401	319.593	1081.41	NA	23	17	6	NA	NA	0.0169177	2.44909:2.94468:1:1:1:1	0.64386(0.576842:0.587368:0.767368)	NA	NA	NA	NA
OG0006775_NT	Tfasc_v1.27884-RB:cds	Tlei_v1.30168-RA:cds	MYN	0.00440849	0.0299484	0.147203	0.0328061	786	103.366	682.634	NA	6	3	3	NA	NA	0.00776722	2:2:1:1:1:1	0.608997(0.536332:0.463668:0.82699)	NA	NA	NA	NA
OG0010939_NT	Tfasc_v1.10897-RA:cds	Tlei_v1.12624-RA:cds	MYN	0.00590246	0.021678	0.272278	0.344126	219	48.0539	170.946	NA	2	1	1	NA	NA	0.009364	2:2:1:1:1:1	0.427928(0.412162:0.472973:0.398649)	NA	NA	NA	NA
OG0011191_NT	Tfasc_v1.19442-RA:cds	Tlei_v1.06516-RA:cds	MYN	0.0140671	0.0363482	0.38701	0.0256508	1185	305.229	879.771	NA	23	10.7419	12.2581	NA	NA	0.0198062	2.08845:2.02564:1:1:1:1	0.402981(0.444343:0.375912:0.388686)	NA	NA	NA	NA
OG0018017_NT	Tfasc_v1.09469-RA:cds	Tlei_v1.05349-RA:cds	MYN	0.082105	0.337315	0.243408	0.00190506	258	44.429	213.571	NA	27	10.4134	16.5866	NA	NA	0.126053	0.43981:0.912387:1:1:1:1	0.355442(0.357143:0.392857:0.316327)	NA	NA	NA	NA
OG0005028_NT	Tfasc_v1.28222-RA:cds	Tlei_v1.29356-RA:cds	MYN	0.00412091	0.0224638	0.183447	0.000836806	1761	544.268	1216.73	NA	17	12	5	NA	NA	0.00979009	5.97174:1.89322:1:1:1:1	0.404328(0.481796:0.370146:0.361044)	NA	NA	NA	NA
OG0006770_NT	Tfasc_v1.27903-RA:cds	Tlei_v1.30193-RA:cds	MYN	0.0120347	0.0186239	0.646197	0.222464	2262	621.658	1640.34	NA	31	11.4226	19.5774	NA	NA	0.0138456	4.12333:1.20624:1:1:1:1	0.50022(0.550725:0.457181:0.492754)	NA	NA	NA	NA
OG0010360_NT	Tfasc_v1.07864-RA:cds	Tlei_v1.15860-RA:cds	MYN	0.00810348	0.048154	0.168283	0.0158564	483	107.611	375.389	NA	8	5	3	NA	NA	0.0170266	2:2:1:1:1:1	0.591716(0.514793:0.565089:0.695266)	NA	NA	NA	NA
OG0006893_NT	Tfasc_v1.27693-RA:cds	Tlei_v1.29980-RA:cds	MYN	0.00367537	0.0328624	0.111841	0.000438106	1101	281.694	819.306	NA	12	9	3	NA	NA	0.0111429	1.86537:1.91656:1:1:1:1	0.542005(0.581301:0.430894:0.613821)	NA	NA	NA	NA
OG0011863_NT	Tfasc_v1.23361-RA:cds	Tlei_v1.23419-RA:cds	MYN	0.0044775	0.0254858	0.175686	0.00115074	1524	400.611	1123.39	NA	15	10	5	NA	NA	0.0099999	2:2:1:1:1:1	0.477214(0.508789:0.485352:0.4375)	NA	NA	NA	NA
OG0011655_NT	Tfasc_v1.00242-RA:cds	Tlei_v1.03493-RA:cds	MYN	0.0138464	0.0238396	0.580813	0.239821	1554	386.016	1167.98	NA	25	9	16	NA	NA	0.0163287	4.45789:6.79979:1:1:1:1	0.437654(0.501852:0.460185:0.350926)	NA	NA	NA	NA
OG0019309_NT	Tfasc_v1.12054-RA:cds	Tlei_v1.11097-RA:cds	MYN	0.00730874	0.0595656	0.122701	1.01825e-06	1158	332.889	825.111	NA	25	19	6	NA	NA	0.022331	2.79902:1.07447:1:1:1:1	0.542636(0.612403:0.428941:0.586563)	NA	NA	NA	NA
OG0006424_NT	Tfasc_v1.15819-RA:cds	Tlei_v1.22547-RA:cds	MYN	0.0271287	0.120816	0.224545	1.95692e-09	1752	292.304	1459.7	NA	71	32.1263	38.8737	NA	NA	0.0427596	1.68326:2.50952:1:1:1:1	0.597756(0.597756:0.429487:0.766026)	NA	NA	NA	NA
OG0003600_NT	Tfasc_v1.02996-RA:cds	Tlei_v1.03937-RA:cds	MYN	0.00787356	0.0182935	0.430402	0.0734259	1650	499.678	1150.32	NA	18	9	9	NA	NA	0.0110291	4.21483:3.97705:1:1:1:1	0.484071(0.519469:0.435398:0.497345)	NA	NA	NA	NA
OG0006433_NT	Tfasc_v1.01066-RA:cds	Tlei_v1.02407-RA:cds	MYN	0.0182845	0.0706561	0.258781	0.0357745	408	75.828	332.172	NA	11	5	6	NA	NA	0.0280179	1.30056:0.778495:1:1:1:1	0.569343(0.635036:0.328467:0.744526)	NA	NA	NA	NA
OG0008765_NT	Tfasc_v1.23980-RA:cds	Tlei_v1.25343-RA:cds	MYN	0.00956043	0.00932039	1.02575	0.816868	2649	672.626	1976.37	NA	25	6.22805	18.772	NA	NA	0.00949948	3.55428:2.17588:1:1:1:1	0.420167(0.513:0.3975:0.35)	NA	NA	NA	NA
OG0004351_NT	Tfasc_v1.12457-RA:cds	Tlei_v1.10039-RA:cds	MYN	0.00524459	0.00588895	0.890581	0.964161	1665	513.613	1151.39	NA	9	3	6	NA	NA	0.00544336	2:2:1:1:1:1	0.514688(0.479317:0.621403:0.443345)	NA	NA	NA	NA
OG0006356_NT	Tfasc_v1.05750-RA:cds	Tlei_v1.01171-RA:cds	MYN	0.0107219	0.0295117	0.363309	0.0420976	1032	280.194	751.806	NA	16	8	8	NA	NA	0.0158234	9.39942:1.52001:1:1:1:1	0.57948(0.631503:0.424855:0.682081)	NA	NA	NA	NA
OG0007518_NT	Tfasc_v1.22281-RA:cds	Tlei_v1.20000-RA:cds	MYN	0.00717719	0.0176735	0.4061	0.0544582	1809	494.043	1314.96	NA	18	8.61125	9.38875	NA	NA	0.0100438	3.96748:0.765673:1:1:1:1	0.515102(0.516474:0.404448:0.624382)	NA	NA	NA	NA
OG0013765_NT	Tfasc_v1.01747-RA:cds	Tlei_v1.27443-RA:cds	MYN	0.0220518	0.0284058	0.776314	0.726935	468	143.891	324.109	NA	11	4	7	NA	NA	0.0240054	2:2:1:1:1:1	0.573958(0.596875:0.53125:0.59375)	NA	NA	NA	NA
OG0012952_NT	Tfasc_v1.18362-RA:cds	Tlei_v1.16063-RA:cds	MYN	0.00324791	0.0126325	0.257108	0.0586826	1326	400.073	925.927	NA	8	5	3	NA	NA	0.00607936	3.91869:3.82597:1:1:1:1	0.50301(0.580135:0.443567:0.485327)	NA	NA	NA	NA
OG0006111_NT	Tfasc_v1.00214-RA:cds	Tlei_v1.01712-RA:cds	MYN	0.00975794	0.00483712	2.0173	0.5024	1350	420.796	929.204	NA	11	2	9	NA	NA	0.00822411	5.91464:2.08605:1:1:1:1	0.497082(0.510941:0.452954:0.527352)	NA	NA	NA	NA
OG0013996_NT	Tfasc_v1.12304-RA:cds	Tlei_v1.09904-RA:cds	MYN	0.0401335	0.0887301	0.45231	0.0375776	726	105.376	620.624	NA	33	8.77702	24.223	NA	NA	0.0471872	0.865653:0.559557:1:1:1:1	0.643501(0.65251:0.480695:0.797297)	NA	NA	NA	NA
OG0012670_NT	Tfasc_v1.02008-RA:cds	Tlei_v1.27181-RA:cds	MYN	0.00739386	0.00839022	0.881248	0.960872	1314	362.495	951.505	NA	10	3	7	NA	NA	0.00766873	3.29801:1.20542:1:1:1:1	0.541847(0.602814:0.41342:0.609307)	NA	NA	NA	NA
OG0014182_NT	Tfasc_v1.17709-RA:cds	Tlei_v1.04789-RA:cds	MYN	0.00578841	NA	NA	NA	474	126.573	347.427	NA	2	NA	2	NA	NA	0.00424271	2:2:1:1:1:1	0.512579(0.528302:0.462264:0.54717)	NA	NA	NA	NA
OG0013804_NT	Tfasc_v1.02350-RA:cds	Tlei_v1.26878-RA:cds	MYN	0.00306416	0.0183416	0.16706	0.000243123	2625	662.867	1962.13	NA	18	12	6	NA	NA	0.00692204	2.43551:1.38923:1:1:1:1	0.437595(0.476598:0.432648:0.403539)	NA	NA	NA	NA
OG0014552_NT	Tfasc_v1.18640-RA:cds	Tlei_v1.16898-RA:cds	MYN	0.00496241	0.0404217	0.122766	0.000209985	1065	255	810	NA	14	10	4	NA	NA	0.0134527	1.79011:2.09649:1:1:1:1	0.556648(0.516854:0.514045:0.639045)	NA	NA	NA	NA
OG0005733_NT	Tfasc_v1.13899-RB:cds	Tlei_v1.19178-RA:cds	MYN	0.00823252	0.0210996	0.390173	0.0590847	1536	436.115	1099.88	NA	18	9	9	NA	NA	0.0118859	1.9059:5.72833:1:1:1:1	0.475962(0.479808:0.421154:0.526923)	NA	NA	NA	NA
OG0014999_NT	Tfasc_v1.14779-RA:cds	Tlei_v1.21526-RA:cds	MYN	0.0176938	0.0153868	1.14993	0.979642	771	198.02	572.98	NA	13	3	10	NA	NA	0.0171013	4.70961:4.72647:1:1:1:1	0.559119(0.556604:0.439623:0.681132)	NA	NA	NA	NA
OG0009769_NT	Tfasc_v1.16285-RA:cds	Tlei_v1.06857-RA:cds	MYN	0.00781117	0.0140248	0.556955	0.431705	1191	289.597	901.403	NA	11	4	7	NA	NA	0.00932203	2:2:1:1:1:1	0.427288(0.471814:0.433824:0.376225)	NA	NA	NA	NA
OG0015458_NT	Tfasc_v1.26043-RA:cds	Tlei_v1.27762-RA:cds	MYN	0.00146141	0.0114141	0.128035	0.0627148	951	265.969	685.031	NA	4	3	1	NA	NA	0.00424492	2:2:1:1:1:1	0.565514(0.641509:0.471698:0.583333)	NA	NA	NA	NA
OG0008403_NT	Tfasc_v1.09358-RA:cds	Tlei_v1.23987-RA:cds	MYN	0.0178681	0.0460789	0.387772	0.0269696	873	170.849	702.151	NA	20	7.60441	12.3956	NA	NA	0.023389	0.963858:1.87391:1:1:1:1	0.4279(0.504702:0.336991:0.442006)	NA	NA	NA	NA
OG0007805_NT	Tfasc_v1.20328-RA:cds	Tlei_v1.05337-RA:cds	MYN	NA	0.0197101	-0	NA	834	205.724	628.276	NA	4	4	NA	NA	NA	0.00486191	1.78981:2.51282:1:1:1:1	0.520908(0.530466:0.448029:0.584229)	NA	NA	NA	NA
OG0006491_NT	Tfasc_v1.01243-RA:cds	Tlei_v1.02214-RA:cds	MYN	0.0193343	0.0240707	0.803227	0.788715	831	253.957	577.043	NA	17	6	11	NA	NA	0.0207817	6.05039:1.04153:1:1:1:1	0.478881(0.563356:0.44863:0.424658)	NA	NA	NA	NA
OG0014559_NT	Tfasc_v1.18646-RA:cds	Tlei_v1.16891-RB:cds	MYN	0.0330644	0.0303197	1.09053	0.840266	1104	263.484	840.516	NA	35	7.81663	27.1834	NA	NA	0.0324093	1.24399:1.20917:1:1:1:1	0.511168(0.494845:0.481959:0.556701)	NA	NA	NA	NA
OG0003728_NT	Tfasc_v1.25371-RA:cds	Tlei_v1.31668-RA:cds	MYN	0.00400617	0.0138561	0.289126	0.10088	1044	292.448	751.552	NA	7	4	3	NA	NA	0.00676536	3.01371:5.45702:1:1:1:1	0.493694(0.556757:0.421622:0.502703)	NA	NA	NA	NA
OG0004717_NT	Tfasc_v1.08303-RA:cds	Tlei_v1.13818-RA:cds	MYN	0.00355337	0.0116571	0.304823	0	372	87.7644	284.236	NA	2	1	1	NA	NA	0.00546525	2:2:1:1:1:1	0.437333(0.504:0.396:0.412)	NA	NA	NA	NA
OG0011904_NT	Tfasc_v1.23278-RA:cds	Tlei_v1.23497-RA:cds	MYN	0.0040585	0.0283447	0.143184	1.19854e-05	2274	542.178	1731.82	NA	22	15	7	NA	NA	0.00984893	2.3023:2.65293:1:1:1:1	0.444444(0.505859:0.427083:0.400391)	NA	NA	NA	NA
OG0010276_NT	Tfasc_v1.28959-RA:cds	Tlei_v1.28734-RA:cds	MYN	0.0023372	0.021441	0.109006	0.0300998	618	189.371	428.629	NA	5	4	1	NA	NA	0.00819109	2:2:1:1:1:1	0.557166(0.652174:0.478261:0.541063)	NA	NA	NA	NA
OG0010136_NT	Tfasc_v1.17507-RA:cds	Tlei_v1.26408-RB:cds	MYN	0.00722531	0.00921028	0.784483	0.449223	4683	1205.52	3477.48	NA	36	11	25	NA	NA	0.00773629	3.25469:2.33696:1:1:1:1	0.455711(0.56993:0.38684:0.410362)	NA	NA	NA	NA
OG0015046_NT	Tfasc_v1.27124-RA:cds	Tlei_v1.29605-RA:cds	MYN	0.024993	0.0414609	0.60281	0.106027	1596	367.575	1228.43	NA	45	14.8085	30.1915	NA	NA	0.0287857	1.00134:1.13837:1:1:1:1	0.534483(0.559483:0.436207:0.607759)	NA	NA	NA	NA
OG0003470_NT	Tfasc_v1.09455-RA:cds	Tlei_v1.24083-RA:cds	MYN	0.0012699	0.0148766	0.0853626	0.0159734	1062	272.797	789.203	NA	5	4	1	NA	NA	0.00476507	2:2:1:1:1:1	0.440476(0.543956:0.332418:0.445055)	NA	NA	NA	NA
OG0017985_NT	Tfasc_v1.04407-RA:cds	Tlei_v1.08240-RA:cds	MYN	0.130958	0.142457	0.919283	0.82096	246	60.1554	185.845	NA	30	7.7082	22.2918	NA	NA	0.13377	1.89071:0.959622:1:1:1:1	0.359539(0.386792:0.320755:0.371069)	NA	NA	NA	NA
OG0015774_NT	Tfasc_v1.26440-RA:cds	Tlei_v1.28081-RA:cds	MYN	0.0114399	0.00984817	1.16163	0.999684	1938	614.409	1323.59	NA	21	6	15	NA	NA	0.0109353	6.56948:3.50754:1:1:1:1	0.457239(0.549459:0.333076:0.489181)	NA	NA	NA	NA
OG0012069_NT	Tfasc_v1.21535-RA:cds	Tlei_v1.17209-RA:cds	MYN	0.0304349	0.0607455	0.501023	0.294272	189	51.9243	137.076	NA	7	3	4	NA	NA	0.0387622	2:2:1:1:1:1	0.395833(0.382812:0.476562:0.328125)	NA	NA	NA	NA
OG0008992_NT	Tfasc_v1.16366-RA:cds	Tlei_v1.06940-RA:cds	MYN	0.0376826	0.0382131	0.986117	0.971001	357	83.6708	273.329	NA	13	3	10	NA	NA	0.0378069	3.30236:8.5042:1:1:1:1	0.630854(0.619835:0.504132:0.768595)	NA	NA	NA	NA
OG0016005_NT	Tfasc_v1.17109-RA:cds	Tlei_v1.07992-RA:cds	MYN	0.00794575	0.0260823	0.304641	0.0147358	1365	352.161	1012.84	NA	17	9	8	NA	NA	0.0126249	2.32044:7.27689:1:1:1:1	0.519006(0.537281:0.39364:0.626096)	NA	NA	NA	NA
OG0011609_NT	Tfasc_v1.00113-RA:cds	Tlei_v1.03572-RA:cds	MYN	0.00891395	0.0138999	0.641295	0.358573	2349	655.708	1693.29	NA	24	9	15	NA	NA	0.0103057	6.78143:2.30374:1:1:1:1	0.401148(0.482143:0.361607:0.359694)	NA	NA	NA	NA
OG0008879_NT	Tfasc_v1.24211-RA:cds	Tlei_v1.25557-RA:cds	MYN	0.056124	0.0389389	1.44133	0.590387	339	116.375	222.625	NA	16	4	12	NA	NA	0.0502245	14.0528:3.17165:1:1:1:1	0.46832(0.520661:0.334711:0.549587)	NA	NA	NA	NA
OG0013569_NT	Tfasc_v1.03636-RA:cds	Tlei_v1.09689-RA:cds	MYN	0.0144038	0.030181	0.477247	0.0590162	1494	441.235	1052.76	NA	28	13	15	NA	NA	0.0190634	4.564:4.62089:1:1:1:1	0.410231(0.471287:0.327723:0.431683)	NA	NA	NA	NA
OG0010070_NT	Tfasc_v1.26759-RA:cds	Tlei_v1.28401-RA:cds	MYN	0.00929778	0.037835	0.245745	0.177932	273	54.5521	218.448	NA	4	2	2	NA	NA	0.0150002	2:2:1:1:1:1	0.650538(0.623656:0.521505:0.806452)	NA	NA	NA	NA
OG0014120_NT	Tfasc_v1.09853-RA:cds	Tlei_v1.24517-RA:cds	MYN	0.0185215	0.0316034	0.586061	0.16486	1215	298.718	916.282	NA	26	9.2396	16.7604	NA	NA	0.0217378	1.74189:0.900816:1:1:1:1	0.476404(0.57191:0.438202:0.419101)	NA	NA	NA	NA
OG0008085_NT	Tfasc_v1.15182-RA:cds	Tlei_v1.21926-RA:cds	MYN	0.00774773	0.0149269	0.519046	0.226733	1578	409.841	1168.16	NA	15	6	9	NA	NA	0.00961231	1.92257:3.41888:1:1:1:1	0.466545(0.527372:0.452555:0.419708)	NA	NA	NA	NA
OG0018588_NT	Tfasc_v1.21700-RA:cds	Tlei_v1.17055-RA:cds	MYN	0.00921659	0.00899592	1.02453	1	7140	1680.65	5459.35	NA	65	15	50	NA	NA	0.00916464	2.60024:2.06318:1:1:1:1	0.426355(0.500827:0.430079:0.348159)	NA	NA	NA	NA
OG0018504_NT	Tfasc_v1.06111-RA:cds	Tlei_v1.09607-RA:cds	MYN	0.00667296	0.0289197	0.230741	0.000801257	1929	423.687	1505.31	NA	22	12	10	NA	NA	0.0115593	1.76509:2.09026:1:1:1:1	0.547804(0.512403:0.439535:0.691473)	NA	NA	NA	NA
OG0010444_NT	Tfasc_v1.07680-RB:cds	Tlei_v1.15688-RA:cds	MYN	0.0182899	0.00949628	1.92601	0.500622	711	212.488	498.512	NA	11	2	9	NA	NA	0.0156619	5.26289:3.39783:1:1:1:1	0.452474(0.478516:0.394531:0.484375)	NA	NA	NA	NA
OG0006951_NT	Tfasc_v1.27531-RA:cds	Tlei_v1.29858-RA:cds	MYN	0.00642888	0.0588805	0.109185	1.0149e-05	1014	232.379	781.621	NA	18	13	5	NA	NA	0.0184492	2:2:1:1:1:1	0.478988(0.484241:0.362464:0.590258)	NA	NA	NA	NA
OG0015749_NT	Tfasc_v1.26963-RA:cds	Tlei_v1.28599-RA:cds	MYN	0.00296859	0.0459252	0.0646395	0.0157479	408	69.2109	338.789	NA	4	3	1	NA	NA	0.0102555	2:2:1:1:1:1	0.6691(0.653285:0.489051:0.864964)	NA	NA	NA	NA
OG0005973_NT	Tfasc_v1.14369-RA:cds	Tlei_v1.30484-RA:cds	MYN	0.00234441	NA	NA	NA	1695	411.602	1283.4	NA	3	NA	3	NA	NA	0.00177511	2:2:1:1:1:1	0.41397(0.525081:0.311489:0.40534)	NA	NA	NA	NA
OG0012567_NT	Tfasc_v1.01799-RA:cds	Tlei_v1.27393-RA:cds	MYN	0.0196197	0.0416472	0.471092	0.00106543	3468	754.521	2713.48	NA	83	30.455	52.545	NA	NA	0.0244121	1.20732:1.0738:1:1:1:1	0.440257(0.506281:0.448911:0.365578)	NA	NA	NA	NA
OG0013315_NT	Tfasc_v1.02211-RA:cds	Tlei_v1.27007-RA:cds	MYN	0.00306704	0.0291635	0.105167	4.77382e-10	3819	876.882	2942.12	NA	34	25	9	NA	NA	0.00905907	1.40392:2.5582:1:1:1:1	0.53054(0.54581:0.3935:0.65231)	NA	NA	NA	NA
OG0015987_NT	Tfasc_v1.26049-RA:cds	Tlei_v1.27766-RA:cds	MYN	0.00382127	0.0372704	0.102528	2.11793e-05	1386	331.98	1054.02	NA	16	12	4	NA	NA	0.0118331	2.67923:3.96486:1:1:1:1	0.538517(0.517279:0.395248:0.703024)	NA	NA	NA	NA
OG0006946_NT	Tfasc_v1.27552-RA:cds	Tlei_v1.29873-RA:cds	MYN	NA	0.0154647	-0	NA	390	67.322	322.678	NA	1	1	NA	NA	NA	0.00266952	2:2:1:1:1:1	0.587591(0.529197:0.452555:0.781022)	NA	NA	NA	NA
OG0013373_NT	Tfasc_v1.02564-RA:cds	Tlei_v1.26695-RA:cds	MYN	0.00464587	0.0213473	0.217632	0.0105222	1245	381.263	863.737	NA	12	8	4	NA	NA	0.00976046	4.34133:3.69479:1:1:1:1	0.492388(0.573317:0.477163:0.426683)	NA	NA	NA	NA
OG0004674_NT	Tfasc_v1.18374-RA:cds	Tlei_v1.16047-RA:cds	MYN	0.00319102	0.0105303	0.303033	0.143398	1230	287.069	942.931	NA	6	3	3	NA	NA	0.00490393	2:2:1:1:1:1	0.421736(0.507299:0.357664:0.400243)	NA	NA	NA	NA
OG0014277_NT	Tfasc_v1.15639-RA:cds	Tlei_v1.22382-RA:cds	MYN	0.00410701	0.0118299	0.347171	0.0512891	660	171.228	488.772	NA	4	2	2	NA	NA	0.00611062	2:2:1:1:1:1	0.477083(0.510417:0.379167:0.541667)	NA	NA	NA	NA
OG0010128_NT	Tfasc_v1.17477-RA:cds	Tlei_v1.26381-RA:cds	MYN	0.00650833	0.0493966	0.131757	0.000352975	828	210.639	617.361	NA	14	10	4	NA	NA	0.0174189	1.75037:2.9946:1:1:1:1	0.542904(0.536304:0.463696:0.628713)	NA	NA	NA	NA
OG0015627_NT	Tfasc_v1.19178-RA:cds	Tlei_v1.16218-RA:cds	MYN	NA	0.0208479	-0	NA	207	49.282	157.718	NA	1	1	NA	NA	NA	0.00496341	2:2:1:1:1:1	0.490868(0.479452:0.431507:0.561644)	NA	NA	NA	NA
OG0007077_NT	Tfasc_v1.08753-RA:cds	Tlei_v1.13277-RA:cds	MYN	0.0140014	0.0248321	0.563841	0.319645	1143	205.53	937.47	NA	18	5	13	NA	NA	0.0159489	0.644974:2.89894:1:1:1:1	0.619234(0.591384:0.455614:0.810705)	NA	NA	NA	NA
OG0011717_NT	Tfasc_v1.00384-RA:cds	Tlei_v1.03341-RA:cds	MYN	0.0144461	0.0871974	0.165671	0.000648992	600	110.363	489.637	NA	16	9	7	NA	NA	0.0278278	2.64657:5.03377:1:1:1:1	0.607843(0.669683:0.404977:0.748869)	NA	NA	NA	NA
OG0014351_NT	Tfasc_v1.18139-RA:cds	Tlei_v1.31997-RA:cds	MYN	0.00526383	0.00897703	0.586367	0.431441	798	224.474	573.526	NA	5	2	3	NA	NA	0.00630834	2:2:1:1:1:1	0.53995(0.561798:0.492509:0.565543)	NA	NA	NA	NA
OG0007282_NT	Tfasc_v1.09183-RA:cds	Tlei_v1.12852-RA:cds	MYN	0.00319801	0.0281375	0.113656	0.000203514	1581	327.017	1253.98	NA	13	9	4	NA	NA	0.00835654	8.20623:3.954:1:1:1:1	0.609533(0.586174:0.448864:0.793561)	NA	NA	NA	NA
OG0008326_NT	Tfasc_v1.09476-RA:cds	Tlei_v1.24106-RA:cds	MYN	0.00415569	0.00833768	0.498423	0.163807	3018	846.24	2171.76	NA	16	7	9	NA	NA	0.00532831	3.72875:1.35704:1:1:1:1	0.480858(0.548515:0.456931:0.437129)	NA	NA	NA	NA
OG0019316_NT	Tfasc_v1.17297-RA:cds	Tlei_v1.26217-RA:cds	MYN	0.00764869	0.0104669	0.730753	0.583485	495	97.3831	397.617	NA	4	1	3	NA	NA	0.00820312	2:2:1:1:1:1	0.574297(0.566265:0.388554:0.768072)	NA	NA	NA	NA
OG0018968_NT	Tfasc_v1.08669-RA:cds	Tlei_v1.13346-RA:cds	MYN	0.00785385	0.0180813	0.434364	0.106578	1362	337.406	1024.59	NA	14	6	8	NA	NA	0.0103875	3.46075:2.1089:1:1:1:1	0.486169(0.482365:0.354772:0.621369)	NA	NA	NA	NA
OG0003734_NT	Tfasc_v1.25305-RA:cds	Tlei_v1.31590-RA:cds	MYN	0.00491693	0.0237548	0.206987	0.00406283	1407	385.076	1021.92	NA	14	9	5	NA	NA	0.0100726	1.76553:1.93164:1:1:1:1	0.449859(0.511653:0.403602:0.434322)	NA	NA	NA	NA
OG0011740_NT	Tfasc_v1.12312-RA:cds	Tlei_v1.09912-RA:cds	MYN	0.00825252	0.0156401	0.527651	0.177951	2175	712.698	1462.3	NA	23	11	12	NA	NA	0.0106733	3.36255:2.52672:1:1:1:1	0.640363(0.697959:0.565306:0.657823)	NA	NA	NA	NA
OG0011129_NT	Tfasc_v1.07967-RA:cds	Tlei_v1.14292-RA:cds	MYN	0.00255479	0.0206025	0.124004	0.00664865	1083	296.103	786.897	NA	8	6	2	NA	NA	0.00748923	2:2:1:1:1:1	0.450276(0.466851:0.447514:0.436464)	NA	NA	NA	NA
OG0010994_NT	Tfasc_v1.10796-RA:cds	Tlei_v1.12734-RA:cds	MYN	0.00884282	0.021874	0.404262	0.122923	918	234.877	683.123	NA	11	5	6	NA	NA	0.0121769	2:2:1:1:1:1	0.573118(0.603226:0.466129:0.65)	NA	NA	NA	NA
OG0008602_NT	Tfasc_v1.04469-RA:cds	Tlei_v1.08297-RA:cds	MYN	0.00615903	0.0401484	0.153407	0.00018544	1158	179.611	978.389	NA	13	7	6	NA	NA	0.0114309	3.95695:2.24299:1:1:1:1	0.703704(0.617571:0.594315:0.899225)	NA	NA	NA	NA
OG0010206_NT	Tfasc_v1.17632-RA:cds	Tlei_v1.04860-RA:cds	MYN	0.0149407	0.0383524	0.389563	0.000860457	2496	631.249	1864.75	NA	51	23.4245	27.5755	NA	NA	0.0208616	3.48553:3.16228:1:1:1:1	0.410486(0.452153:0.370813:0.408493)	NA	NA	NA	NA
OG0009495_NT	Tfasc_v1.25241-RA:cds	Tlei_v1.31551-RA:cds	MYN	0.00335834	0.0194854	0.172351	0.00159263	1212	313.267	898.733	NA	9	6	3	NA	NA	0.00752672	2:2:1:1:1:1	0.482227(0.447867:0.476303:0.522512)	NA	NA	NA	NA
OG0018577_NT	Tfasc_v1.21417-RA:cds	Tlei_v1.17304-RA:cds	MYN	0.00110566	0.0123694	0.0893871	0.0181476	1233	327.786	905.214	NA	5	4	1	NA	NA	0.00410007	2:2:1:1:1:1	0.494792(0.629808:0.429087:0.425481)	NA	NA	NA	NA
OG0011448_NT	Tfasc_v1.30409-RA:cds	Tlei_v1.20992-RB:cds	MYN	0.00769158	0.00493381	1.55895	0.504288	3639	1036.73	2602.27	NA	25	5.09559	19.9044	NA	NA	0.00690591	5.92749:2.08239:1:1:1:1	0.408064(0.503546:0.395587:0.325059)	NA	NA	NA	NA
OG0014237_NT	Tfasc_v1.25777-RA:cds	Tlei_v1.31880-RA:cds	MYN	0.00138368	0.0131029	0.105601	0.00219368	1989	539.001	1450	NA	9	7	2	NA	NA	0.00455949	2:2:1:1:1:1	0.513784(0.587218:0.469925:0.484211)	NA	NA	NA	NA
OG0014965_NT	Tfasc_v1.14673-RA:cds	Tlei_v1.21426-RA:cds	MYN	0.0070936	0.0161728	0.438613	0.243016	756	189.063	566.937	NA	7	3	4	NA	NA	0.00936415	2:2:1:1:1:1	0.54809(0.620553:0.387352:0.636364)	NA	NA	NA	NA
OG0013197_NT	Tfasc_v1.25746-RA:cds	Tlei_v1.31833-RA:cds	MYN	0.00826093	0.0168724	0.489611	0.214978	1215	362.182	852.818	NA	13	6	7	NA	NA	0.0108279	12.9569:5.41779:1:1:1:1	0.441297(0.539409:0.412562:0.371921)	NA	NA	NA	NA
OG0012624_NT	Tfasc_v1.01915-RA:cds	Tlei_v1.27274-RA:cds	MYN	0.013398	0.0344532	0.388876	0.00175649	2895	634.442	2260.56	NA	51	21	30	NA	NA	0.0180123	0.459926:3.55024:1:1:1:1	0.580454(0.63872:0.455285:0.647358)	NA	NA	NA	NA
OG0009688_NT	Tfasc_v1.16135-RA:cds	Tlei_v1.06689-RA:cds	MYN	0.00700388	0.0303835	0.230516	0.00738487	1131	270.314	860.686	NA	14	8	6	NA	NA	0.0125917	1.81262:0.990728:1:1:1:1	0.493955(0.542746:0.378238:0.560881)	NA	NA	NA	NA
OG0007934_NT	Tfasc_v1.14915-RA:cds	Tlei_v1.21650-RA:cds	MYN	0.00252372	0.0141597	0.178232	0.0446225	1083	285.804	797.196	NA	6	4	2	NA	NA	0.00559446	3.40027:2.37656:1:1:1:1	0.476059(0.530387:0.450276:0.447514)	NA	NA	NA	NA
OG0012299_NT	Tfasc_v1.06654-RA:cds	Tlei_v1.14518-RA:cds	MYN	0.00663194	0.0132618	0.500079	0.164819	1899	534.446	1364.55	NA	16	7	9	NA	NA	0.00849782	5.76969:7.14784:1:1:1:1	0.419599(0.489736:0.353372:0.415689)	NA	NA	NA	NA
