Ortho_ID	Tfas_ID	Tlei_ID	Sequence	Method	Ka	Ks	Ka/Ks	P-Value(Fisher)	Length	S-Sites	N-Sites	Fold-Sites(0:2:4)	Substitutions	S-Substitutions	N-Substitutions	Fold-S-Substitutions(0:2:4)	Fold-N-Substitutions(0:2:4)	Divergence-Time	Substitution-Rate-Ratio(rTC:rAG:rTA:rCG:rTG:rCA/rCA)	GC(1:2:3)	ML-Score	AICc	Akaike-Weight	Model
OG0015263_NT	Tfasc_v1.13337-RA:cds	Tlei_v1.18494-RA:cds	MYN	0.251342	0.609523	0.412358	4.87712e-07	804	160.226	643.774	NA	203	66.0925	136.907	NA	NA	0.322723	1.5562:2.4155:1:1:1:1	0.551282(0.521538:0.441538:0.690769)	NA	NA	NA	NA
OG0002221_NT	Tfasc_v1.26839-RA:cds	Tlei_v1.28477-RA:cds	MYN	0.0100547	0.0143846	0.69899	0.643161	714	212.874	501.126	NA	8	3	5	NA	NA	0.0113456	1.63514:5.4375:1:1:1:1	0.587329(0.618151:0.534247:0.609589)	NA	NA	NA	NA
OG0012340_NT	Tfasc_v1.06728-RA:cds	Tlei_v1.14592-RA:cds	MYN	0.0581349	0.0404758	1.43629	0.437716	699	182.686	516.314	NA	36	7.156	28.844	NA	NA	0.0535196	1.46184:1.66101:1:1:1:1	0.445083(0.5:0.480843:0.354406)	NA	NA	NA	NA
OG0019292_NT	Tfasc_v1.11835-RA:cds	Tlei_v1.11322-RA:cds	MYN	0.426409	2.84886	0.149677	1.46989e-11	564	120.157	443.843	NA	224	80.1311	143.869	NA	NA	0.942497	0.907313:0.852579:1:1:1:1	0.376608(0.435088:0.349123:0.345614)	NA	NA	NA	NA
OG0018158_NT	Tfasc_v1.24894-RA:cds	Tlei_v1.26159-RA:cds	MYN	0.141459	0.49623	0.285067	0.000323074	345	48.6727	296.327	NA	55	16.9708	38.0292	NA	NA	0.19151	1.01389:1.78811:1:1:1:1	0.603571(0.578571:0.457143:0.775)	NA	NA	NA	NA
OG0007086_NT	Tfasc_v1.08766-RA:cds	Tlei_v1.13264-RA:cds	MYN	0.0043955	0.1261	0.0348573	1.34036e-11	852	167.035	684.965	NA	22	19	3	NA	NA	0.0282557	1.64554:8.16769:1:1:1:1	0.600811(0.645897:0.381459:0.775076)	NA	NA	NA	NA
OG0015326_NT	Tfasc_v1.17992-RA:cds	Tlei_v1.04352-RA:cds	MYN	0.0352056	0.0909575	0.387055	0.000552759	1308	260.635	1047.37	NA	58	22.0242	35.9758	NA	NA	0.0463148	0.17156:0.555238:1:1:1:1	0.417769(0.443289:0.439509:0.37051)	NA	NA	NA	NA
OG0011733_NT	Tfasc_v1.16930-RA:cds	Tlei_v1.07848-RA:cds	MYN	0.0111748	0.027239	0.41025	0.0749999	984	262.039	721.961	NA	15	7	8	NA	NA	0.0154527	1.60437:3.00777:1:1:1:1	0.411538(0.444872:0.361538:0.428205)	NA	NA	NA	NA
OG0011538_NT	Tfasc_v1.22995-RA:cds	Tlei_v1.23764-RA:cds	MYN	0.000851189	0.0207032	0.0411138	9.99424e-05	1569	393.202	1175.8	NA	9	8	1	NA	NA	0.00582624	3.79819:7.29568:1:1:1:1	0.461604(0.52901:0.465017:0.390785)	NA	NA	NA	NA
OG0010756_NT	Tfasc_v1.11947-RA:cds	Tlei_v1.11202-RA:cds	MYN	0.0182029	0.0442545	0.411323	0.0623607	822	210.006	611.994	NA	20	9	11	NA	NA	0.0248586	1.52133:1.1901:1:1:1:1	0.401471(0.4:0.304412:0.5)	NA	NA	NA	NA
OG0010629_NT	Tfasc_v1.28365-RA:cds	Tlei_v1.29236-RA:cds	MYN	0.0167907	0.0319707	0.52519	0.3062	582	160.28	421.72	NA	12	5	7	NA	NA	0.0209712	2.54778:3.41843:1:1:1:1	0.434591(0.445283:0.420755:0.437736)	NA	NA	NA	NA
OG0013575_NT	Tfasc_v1.03611-RA:cds	Tlei_v1.09707-RA:cds	MYN	0.00985921	0.0467091	0.211077	0.0376069	498	89.064	408.936	NA	8	4	4	NA	NA	0.0164496	2:2:1:1:1:1	0.564103(0.507692:0.461538:0.723077)	NA	NA	NA	NA
OG0001925_NT	Tfasc_v1.05644-RA:cds	Tlei_v1.01060-RA:cds	MYN	0.004022	0.0405414	0.0992072	8.37354e-05	1029	280.227	748.773	NA	14	11	3	NA	NA	0.0139673	2.30234:6.65671:1:1:1:1	0.634095(0.577411:0.598985:0.725888)	NA	NA	NA	NA
OG0006905_NT	Tfasc_v1.27665-RA:cds	Tlei_v1.29956-RA:cds	MYN	0.0150322	0.0708604	0.212138	0.000226014	882	208.385	673.615	NA	24	14	10	NA	NA	0.0282224	12.7026:13.449:1:1:1:1	0.501938(0.462209:0.398256:0.645349)	NA	NA	NA	NA
OG0002403_NT	Tfasc_v1.05430-RA:cds	Tlei_v1.12067-RA:cds	MYN	0.024083	0.0422429	0.570106	0.278262	636	171.493	464.507	NA	18	6.99289	11.0071	NA	NA	0.0289797	0.560924:1.19203:1:1:1:1	0.400339(0.40458:0.399491:0.396947)	NA	NA	NA	NA
OG0006472_NT	Tfasc_v1.01205-RA:cds	Tlei_v1.02252-RA:cds	MYN	0.0692391	0.213182	0.324788	0.00302772	336	49.0909	286.909	NA	28	9.04293	18.9571	NA	NA	0.0902697	0.834435:0.725062:1:1:1:1	0.507299(0.427007:0.416058:0.678832)	NA	NA	NA	NA
OG0009994_NT	Tfasc_v1.26588-RA:cds	Tlei_v1.28235-RA:cds	MYN	0.0132789	0.0426026	0.311692	0.00523158	753	219.53	533.47	NA	16	9	7	NA	NA	0.0218279	9.03855:17.6952:1:1:1:1	0.565711(0.566308:0.498208:0.632616)	NA	NA	NA	NA
OG0018180_NT	Tfasc_v1.22010-RA:cds	Tlei_v1.20545-RA:cds	MYN	0.0595095	0.0531536	1.11958	0.999912	471	138.273	332.727	NA	26	7	19	NA	NA	0.0576436	3.69049:1.72636:1:1:1:1	0.401116(0.409091:0.423445:0.370813)	NA	NA	NA	NA
OG0018207_NT	Tfasc_v1.22360-RA:cds	Tlei_v1.19926-RA:cds	MYN	0.0146974	0.0371615	0.395502	0.329315	195	57.2197	137.78	NA	4	2	2	NA	NA	0.0212892	2:2:1:1:1:1	0.565789(0.625:0.526316:0.546053)	NA	NA	NA	NA
OG0018837_NT	Tfasc_v1.02730-RA:cds	Tlei_v1.04677-RA:cds	MYN	0.0453327	0.149069	0.304105	0.000149348	672	161.517	510.483	NA	44	21.5587	22.4413	NA	NA	0.0702662	1.05006:0.653747:1:1:1:1	0.521818(0.52:0.432727:0.612727)	NA	NA	NA	NA
OG0011131_NT	Tfasc_v1.07961-RA:cds	Tlei_v1.14296-RA:cds	MYN	0.0459784	0.0167021	2.75284	0.13863	198	61.8846	136.115	NA	7	1	6	NA	NA	0.0368281	2:2:1:1:1:1	0.458333(0.434211:0.394737:0.546053)	NA	NA	NA	NA
OG0006339_NT	Tfasc_v1.05818-RA:cds	Tlei_v1.01245-RA:cds	MYN	0.0239411	0.0777769	0.307818	0.0308504	594	84.4015	509.598	NA	18	6	12	NA	NA	0.0315907	1.64555:2.63996:1:1:1:1	0.320621(0.425847:0.338983:0.197034)	NA	NA	NA	NA
OG0019437_NT	Tfasc_v1.14795-RA:cds	Tlei_v1.21538-RA:cds	MYN	0.0618552	0.0574453	1.07677	0.859308	693	207.6	485.4	NA	40	11.4103	28.5897	NA	NA	0.0605341	5.93245:8.49885:1:1:1:1	0.515532(0.510753:0.478495:0.557348)	NA	NA	NA	NA
OG0006570_NT	Tfasc_v1.01394-RA:cds	Tlei_v1.02063-RA:cds	MYN	0.00514068	0.019962	0.257523	0.0590518	840	254.181	585.819	NA	8	5	3	NA	NA	0.00962556	2:2:1:1:1:1	0.498932(0.584936:0.458333:0.453526)	NA	NA	NA	NA
OG0010799_NT	Tfasc_v1.11867-RA:cds	Tlei_v1.11293-RA:cds	MYN	0.0106294	0.0214181	0.496284	0.291663	522	142.471	379.529	NA	7	3	4	NA	NA	0.013574	5.38811:6.40266:1:1:1:1	0.540429(0.534653:0.467822:0.618812)	NA	NA	NA	NA
OG0010816_NT	Tfasc_v1.11837-RA:cds	Tlei_v1.11320-RA:cds	MYN	0.0212163	0.0415858	0.510183	0.23598	387	99.0512	287.949	NA	10	4	6	NA	NA	0.0264298	2:2:1:1:1:1	0.500921(0.519337:0.39779:0.585635)	NA	NA	NA	NA
OG0001948_NT	Tfasc_v1.30239-RA:cds	Tlei_v1.20697-RA:cds	MYN	0.0353289	0.03058	1.15529	0.995189	513	136.046	376.954	NA	17	4	13	NA	NA	0.0340695	3.90949:2.84819:1:1:1:1	0.421227(0.40796:0.385572:0.470149)	NA	NA	NA	NA
OG0004432_NT	Tfasc_v1.17968-RA:cds	Tlei_v1.04363-RA:cds	MYN	NA	0.0107002	-0	NA	381	95.3073	285.693	NA	1	1	NA	NA	NA	0.00267665	2:2:1:1:1:1	0.422297(0.435811:0.368243:0.462838)	NA	NA	NA	NA
OG0014304_NT	Tfasc_v1.17022-RA:cds	Tlei_v1.07890-RA:cds	MYN	0.0735364	0.186014	0.395328	0.000921475	684	132.09	551.91	NA	60	21.4319	38.5681	NA	NA	0.0952573	0.65812:1.37168:1:1:1:1	0.433225(0.456026:0.384365:0.459283)	NA	NA	NA	NA
OG0000796_NT	Tfasc_v1.12467-RA:cds	Tlei_v1.10049-RA:cds	MYN	0.00170236	0.0280706	0.0606455	0.0032098	771	181.627	589.373	NA	6	5	1	NA	NA	0.00791402	1.77415:2.0698:1:1:1:1	0.524798(0.49827:0.458478:0.617647)	NA	NA	NA	NA
OG0010709_NT	Tfasc_v1.12039-RA:cds	Tlei_v1.11111-RA:cds	MYN	0.0112529	0.0137727	0.817044	0.426383	942	225.033	716.967	NA	11	3	8	NA	NA	0.0118549	2.17035:3.17743:1:1:1:1	0.408015(0.405738:0.396175:0.422131)	NA	NA	NA	NA
OG0013017_NT	Tfasc_v1.23731-RA:cds	Tlei_v1.22879-RA:cds	MYN	0.00505972	0.00701529	0.721241	0.653302	1224	430.225	793.775	NA	7	3	4	NA	NA	0.00574708	11.4263:2.86883:1:1:1:1	0.416485(0.501089:0.328976:0.41939)	NA	NA	NA	NA
OG0019454_NT	Tfasc_v1.14952-RA:cds	Tlei_v1.10793-RA:cds	MYN	0.318568	0.545052	0.584473	0.536181	180	38.1148	141.885	NA	48	11.339	36.661	NA	NA	0.366526	5.44031:1.38559:1:1:1:1	0.278571(0.392857:0.207143:0.235714)	NA	NA	NA	NA
OG0019246_NT	Tfasc_v1.10997-RA:cds	Tlei_v1.12515-RA:cds	MYN	0.0153388	0.0121435	1.26313	0.752165	282	84.1042	197.896	NA	4	1	3	NA	NA	0.0143858	2:2:1:1:1:1	0.571078(0.569853:0.551471:0.591912)	NA	NA	NA	NA
OG0010981_NT	Tfasc_v1.10822-RA:cds	Tlei_v1.12709-RA:cds	MYN	0.0457725	0.0560215	0.817052	0.516132	300	76.6505	223.35	NA	14	4.0889	9.9111	NA	NA	0.0483911	3.16874:1.48507:1:1:1:1	0.445906(0.442982:0.346491:0.548246)	NA	NA	NA	NA
OG0014259_NT	Tfasc_v1.25849-RA:cds	Tlei_v1.31962-RA:cds	MYN	0.00923053	0.0552819	0.166972	0.000163056	1389	189.83	1199.17	NA	21	10	11	NA	NA	0.0155242	2.18477:1.00908:1:1:1:1	0.583333(0.519737:0.426692:0.803571)	NA	NA	NA	NA
OG0006986_NT	Tfasc_v1.27283-RA:cds	Tlei_v1.29706-RA:cds	MYN	0.0360473	0.0877002	0.411028	0.0234585	534	152.797	381.203	NA	26	12.6062	13.3938	NA	NA	0.0508271	2:2:1:1:1:1	0.397297(0.432432:0.374324:0.385135)	NA	NA	NA	NA
OG0004435_NT	Tfasc_v1.24779-RA:cds	Tlei_v1.26108-RA:cds	MYN	0.0724975	0.131343	0.55197	0.0771489	435	118.256	316.744	NA	36	14.1416	21.8584	NA	NA	0.0884948	1.18035:0.40119:1:1:1:1	0.522549(0.505882:0.467647:0.594118)	NA	NA	NA	NA
OG0009802_NT	Tfasc_v1.03072-RA:cds	Tlei_v1.03877-RA:cds	MYN	0.0118584	0.0549871	0.215658	0.0764046	312	56.88	255.12	NA	6	3	3	NA	NA	0.0197211	2:2:1:1:1:1	0.522409(0.516807:0.441176:0.609244)	NA	NA	NA	NA
OG0011241_NT	Tfasc_v1.18108-RA:cds	Tlei_v1.04193-RA:cds	MYN	0.0529494	0.0995611	0.531828	0.0613786	648	216.623	431.377	NA	42	20	22	NA	NA	0.0685315	1.74156:1.10964:1:1:1:1	0.634(0.606:0.63:0.666)	NA	NA	NA	NA
OG0004893_NT	Tfasc_v1.03333-RA:cds	Tlei_v1.03688-RA:cds	MYN	0.00128831	0.0120555	0.106865	0	1029	251.183	777.817	NA	4	3	1	NA	NA	0.00391664	2.19844:2.78185:1:1:1:1	0.411245(0.453012:0.380723:0.4)	NA	NA	NA	NA
OG0008970_NT	Tfasc_v1.16326-RA:cds	Tlei_v1.06893-RA:cds	MYN	0.00652374	0.0321274	0.203059	0.0901766	405	96.7653	308.235	NA	5	3	2	NA	NA	0.0126411	2:2:1:1:1:1	0.558824(0.633987:0.379085:0.663399)	NA	NA	NA	NA
OG0014137_NT	Tfasc_v1.09933-RA:cds	Tlei_v1.24600-RA:cds	MYN	0.0715365	0.102165	0.700204	0.246028	636	179.011	456.989	NA	48	16.8928	31.1072	NA	NA	0.0801573	3.12569:2.80469:1:1:1:1	0.408203(0.453125:0.349609:0.421875)	NA	NA	NA	NA
OG0003654_NT	Tfasc_v1.29770-RA:cds	Tlei_v1.31064-RA:cds	MYN	0.0154219	0.0225472	0.683983	0.447579	1233	315.402	917.598	NA	21	7	14	NA	NA	0.0172446	1.78907:2.64828:1:1:1:1	0.477899(0.507609:0.41087:0.515217)	NA	NA	NA	NA
OG0015131_NT	Tfasc_v1.13406-RA:cds	Tlei_v1.18582-RA:cds	MYN	0.0245734	0.0878093	0.27985	0.00132039	627	152.878	474.122	NA	24	12.5415	11.4585	NA	NA	0.0399919	1.91093:1.9514:1:1:1:1	0.356092(0.368697:0.340336:0.359244)	NA	NA	NA	NA
OG0015662_NT	Tfasc_v1.24609-RA:cds	Tlei_v1.11528-RA:cds	MYN	0.0232549	0.0276987	0.839566	0.772326	624	184.814	439.186	NA	15	5	10	NA	NA	0.0245711	18.481:14.1512:1:1:1:1	0.431915(0.529787:0.421277:0.344681)	NA	NA	NA	NA
OG0009095_NT	Tfasc_v1.29657-RA:cds	Tlei_v1.31183-RB:cds	MYN	0.0101708	0.0665459	0.152838	2.37488e-05	1014	221.927	792.073	NA	22	14	8	NA	NA	0.0225092	1.0795:1.22086:1:1:1:1	0.481197(0.484615:0.438462:0.520513)	NA	NA	NA	NA
OG0010506_NT	Tfasc_v1.28703-RA:cds	Tlei_v1.28973-RA:cds	MYN	0.018173	0.0778194	0.233528	0.000920875	720	162.465	557.535	NA	22	12	10	NA	NA	0.031632	2.03089:1.23695:1:1:1:1	0.592593(0.595486:0.520833:0.661458)	NA	NA	NA	NA
OG0007283_NT	Tfasc_v1.22734-RA:cds	Tlei_v1.19558-RA:cds	MYN	0.00319312	0.00897937	0.355606	0.250844	1170	227.455	942.545	NA	5	2	3	NA	NA	0.00431801	2:2:1:1:1:1	0.406367(0.473034:0.321348:0.424719)	NA	NA	NA	NA
OG0008379_NT	Tfasc_v1.09407-RA:cds	Tlei_v1.24033-RA:cds	MYN	0.0497743	0.153101	0.325107	0.000201627	690	158.093	531.907	NA	47	21.3988	25.6012	NA	NA	0.0734487	1.90238:0.399277:1:1:1:1	0.400332(0.450166:0.398671:0.352159)	NA	NA	NA	NA
OG0018035_NT	Tfasc_v1.09811-RA:cds	Tlei_v1.24446-RA:cds	MYN	0.0936859	0.115874	0.808514	0.484868	270	76.8392	193.161	NA	25	8.0059	16.9941	NA	NA	0.1	1.13666:0.375151:1:1:1:1	0.505848(0.583333:0.377193:0.557018)	NA	NA	NA	NA
OG0013036_NT	Tfasc_v1.13147-RA:cds	Tlei_v1.10975-RA:cds	MYN	0.0113391	0.153974	0.0736429	6.23196e-09	660	123.83	536.17	NA	23	17	6	NA	NA	0.0381003	5.04428:1.92665:1:1:1:1	0.551066(0.547138:0.43771:0.66835)	NA	NA	NA	NA
OG0008824_NT	Tfasc_v1.24106-RA:cds	Tlei_v1.25464-RA:cds	MYN	0.00416313	0.0169671	0.245365	0.0522262	1023	300.134	722.866	NA	8	5	3	NA	NA	0.00791962	4.30236:3.01972:1:1:1:1	0.440417(0.51:0.3825:0.42875)	NA	NA	NA	NA
OG0008158_NT	Tfasc_v1.15546-RA:cds	Tlei_v1.22220-RA:cds	MYN	0.105402	0.121196	0.869678	0.62134	513	138.177	374.823	NA	52	15.3056	36.6944	NA	NA	0.109656	2:2:1:1:1:1	0.463768(0.514493:0.371981:0.504831)	NA	NA	NA	NA
OG0013125_NT	Tfasc_v1.19295-RA:cds	Tlei_v1.16090-RA:cds	MYN	0.0279233	0.0128094	2.17992	0.234669	900	315.708	584.292	NA	20	4	16	NA	NA	0.0226215	5.5841:0.490461:1:1:1:1	0.477808(0.525815:0.414402:0.493207)	NA	NA	NA	NA
OG0015410_NT	Tfasc_v1.28448-RB:cds	Tlei_v1.29171-RA:cds	MYN	0.0315073	0.0486785	0.647253	0.239426	750	179.976	570.024	NA	26	8.43277	17.5672	NA	NA	0.0356278	2:2:1:1:1:1	0.448934(0.493266:0.457912:0.395623)	NA	NA	NA	NA
OG0013984_NT	Tfasc_v1.12279-RA:cds	Tlei_v1.09876-RA:cds	MYN	0.0217379	0.0743758	0.292271	0.0157089	456	128.946	327.054	NA	16	9	7	NA	NA	0.0366226	3.84842:2.70094:1:1:1:1	0.515326(0.522989:0.451149:0.571839)	NA	NA	NA	NA
OG0011252_NT	Tfasc_v1.24486-RA:cds	Tlei_v1.25850-RA:cds	MYN	NA	0.014316	-0	NA	255	70.6342	184.366	NA	1	1	NA	NA	NA	0.0039655	2:2:1:1:1:1	0.505155(0.474227:0.479381:0.561856)	NA	NA	NA	NA
OG0000614_NT	Tfasc_v1.02756-RA:cds	Tlei_v1.04180-RA:cds	MYN	0.16067	0.386983	0.415185	4.31203e-05	603	148.8	454.2	NA	110	44.3957	65.6043	NA	NA	0.216516	1.77867:1.67865:1:1:1:1	0.380952(0.422492:0.294833:0.425532)	NA	NA	NA	NA
OG0012108_NT	Tfasc_v1.21427-RA:cds	Tlei_v1.17294-RA:cds	MYN	0.0168589	0.0284739	0.59208	0.266093	801	239.524	561.476	NA	16	6.65451	9.34549	NA	NA	0.0203321	2:2:1:1:1:1	0.591991(0.625:0.542208:0.608766)	NA	NA	NA	NA
OG0019057_NT	Tfasc_v1.06462-RA:cds	Tlei_v1.14346-RA:cds	MYN	0.224508	0.49075	0.45748	0.00926733	324	81.2062	242.794	NA	75	27.9004	47.0996	NA	NA	0.291238	1.4538:1.15875:1:1:1:1	0.335548(0.363787:0.305648:0.337209)	NA	NA	NA	NA
OG0010321_NT	Tfasc_v1.26958-RA:cds	Tlei_v1.28595-RA:cds	MYN	0.0261753	0.0676547	0.386895	0.0272368	450	114.22	335.78	NA	16	7.36817	8.63183	NA	NA	0.0367037	1.70317:3.21447:1:1:1:1	0.44041(0.405028:0.460894:0.455307)	NA	NA	NA	NA
OG0013801_NT	Tfasc_v1.02337-RA:cds	Tlei_v1.16639-RA:cds	MYN	0.145307	0.223245	0.650885	0.00608438	1335	344.164	990.836	NA	197	66.2257	130.774	NA	NA	0.165399	1.08264:2.36354:1:1:1:1	0.460332(0.489343:0.408526:0.483126)	NA	NA	NA	NA
OG0012046_NT	Tfasc_v1.21566-RA:cds	Tlei_v1.17178-RA:cds	MYN	0.00431736	0.0128851	0.335066	0.173024	933	235.874	697.126	NA	6	3	3	NA	NA	0.00648339	5.64342:2.45109:1:1:1:1	0.404896(0.473164:0.388418:0.353107)	NA	NA	NA	NA
OG0011571_NT	Tfasc_v1.22948-RA:cds	Tlei_v1.23814-RA:cds	MYN	0.0361847	0.0886288	0.408272	0.00405395	966	209.674	756.326	NA	44	17.2996	26.7004	NA	NA	0.0475678	1.09667:2.44963:1:1:1:1	0.462222(0.446667:0.410667:0.529333)	NA	NA	NA	NA
OG0006362_NT	Tfasc_v1.05745-RA:cds	Tlei_v1.01161-RA:cds	MYN	0.0279495	0.0428513	0.652244	0.312102	681	169.66	511.34	NA	21	7	14	NA	NA	0.031662	5.3639:3.37347:1:1:1:1	0.49262(0.512915:0.335793:0.629151)	NA	NA	NA	NA
OG0012313_NT	Tfasc_v1.06679-RB:cds	Tlei_v1.14546-RA:cds	MYN	0.227221	0.968922	0.234509	0.00266559	228	43.9553	184.045	NA	54	18.0647	35.9353	NA	NA	0.37021	0.5626:0.698618:1:1:1:1	0.368721(0.393836:0.318493:0.393836)	NA	NA	NA	NA
OG0012129_NT	Tfasc_v1.16002-RA:cds	Tlei_v1.22628-RA:cds	MYN	0.0406914	0.0716283	0.568091	0.197096	426	75.7834	350.217	NA	19	5.13096	13.869	NA	NA	0.0461949	2.33218:1.23762:1:1:1:1	0.573864(0.539773:0.451705:0.730114)	NA	NA	NA	NA
OG0003043_NT	Tfasc_v1.05666-RA:cds	Tlei_v1.01091-RA:cds	MYN	0.0198831	0.0276685	0.718619	0.575426	243	37.9534	205.047	NA	5	1	4	NA	NA	0.0210991	2:2:1:1:1:1	0.494737(0.442105:0.342105:0.7)	NA	NA	NA	NA
OG0007442_NT	Tfasc_v1.22418-RA:cds	Tlei_v1.19869-RA:cds	MYN	0.0162073	0.0379008	0.427625	0.0530406	999	288.585	710.415	NA	22	10.6107	11.3893	NA	NA	0.022474	3.79919:3.59267:1:1:1:1	0.488948(0.533156:0.403183:0.530504)	NA	NA	NA	NA
OG0014341_NT	Tfasc_v1.18182-RA:cds	Tlei_v1.05143-RA:cds	MYN	0.00867889	0.0217946	0.398213	0.123951	1023	327.36	695.64	NA	13	7	6	NA	NA	0.0128759	6.05081:3.10554:1:1:1:1	0.456882(0.50995:0.366915:0.493781)	NA	NA	NA	NA
OG0007953_NT	Tfasc_v1.14951-RA:cds	Tlei_v1.21682-RA:cds	MYN	0.0139379	0.0371665	0.375011	0.154934	591	83.2099	507.79	NA	10	3	7	NA	NA	0.0172083	4.55379:15.3571:1:1:1:1	0.622222(0.568889:0.484444:0.813333)	NA	NA	NA	NA
OG0018785_NT	Tfasc_v1.01922-RA:cds	Tlei_v1.27268-RA:cds	MYN	0.119006	0.226569	0.52525	0.00535937	813	163.609	649.391	NA	103	31.6221	71.3779	NA	NA	0.140652	1.01115:0.795832:1:1:1:1	0.435618(0.380062:0.38162:0.545171)	NA	NA	NA	NA
OG0013233_NT	Tfasc_v1.02039-RA:cds	Tlei_v1.27151-RA:cds	MYN	0.0209409	0.072777	0.287741	0.000488717	783	203.442	579.558	NA	26	14.0378	11.9622	NA	NA	0.0344092	0.711127:4.0045:1:1:1:1	0.56776(0.536066:0.493443:0.67377)	NA	NA	NA	NA
OG0006845_NT	Tfasc_v1.27782-RA:cds	Tlei_v1.30067-RA:cds	MYN	0.0361041	0.0850036	0.424737	0.00551682	1041	256.728	784.272	NA	48	20.3668	27.6332	NA	NA	0.0481636	1.67195:1.76139:1:1:1:1	0.411184(0.441886:0.358553:0.433114)	NA	NA	NA	NA
OG0018358_NT	Tfasc_v1.00331-RA:cds	Tlei_v1.03400-RA:cds	MYN	0.00337802	NA	NA	NA	378	80.2747	297.725	NA	1	NA	1	NA	NA	0.00266064	2:2:1:1:1:1	0.4749(0.695783:0.325301:0.403614)	NA	NA	NA	NA
OG0011294_NT	Tfasc_v1.00700-RA:cds	Tlei_v1.03030-RA:cds	MYN	0.0560011	0.0326837	1.71343	0.442007	228	58.1783	169.822	NA	11	1.83839	9.16161	NA	NA	0.0500513	3.23573:0.831784:1:1:1:1	0.507576(0.5:0.414773:0.607955)	NA	NA	NA	NA
OG0009647_NT	Tfasc_v1.16054-RA:cds	Tlei_v1.06612-RA:cds	MYN	0.0338827	0.0580662	0.583519	0.219389	561	153.316	407.684	NA	22	8.52291	13.4771	NA	NA	0.0404918	2.42492:4.14221:1:1:1:1	0.459541(0.503623:0.429348:0.445652)	NA	NA	NA	NA
OG0009900_NT	Tfasc_v1.03423-RA:cds	Tlei_v1.09390-RA:cds	MYN	0.00845216	0.050127	0.168615	0.0122072	582	105.486	476.514	NA	9	5	4	NA	NA	0.0160056	2:2:1:1:1:1	0.553097(0.550885:0.435841:0.672566)	NA	NA	NA	NA
OG0018561_NT	Tfasc_v1.21249-RA:cds	Tlei_v1.17483-RA:cds	MYN	0.0330432	0.00787834	4.19418	0.0612447	768	195.111	572.889	NA	20	1.52352	18.4765	NA	NA	0.02665	2:2:1:1:1:1	0.527964(0.590604:0.407718:0.58557)	NA	NA	NA	NA
OG0008797_NT	Tfasc_v1.24059-RA:cds	Tlei_v1.25421-RA:cds	MYN	0.0123613	0.00316294	3.90816	0.0853962	1536	637.105	898.895	NA	13	2	11	NA	NA	0.00854596	2:2:1:1:1:1	0.65958(0.801871:0.603741:0.573129)	NA	NA	NA	NA
OG0018896_NT	Tfasc_v1.30391-RA:cds	Tlei_v1.05973-RA:cds	MYN	0.0174351	0.0262774	0.663503	0.5508	216	38.9848	177.015	NA	4	1	3	NA	NA	0.019031	2:2:1:1:1:1	0.445122(0.47561:0.304878:0.554878)	NA	NA	NA	NA
OG0013417_NT	Tfasc_v1.30643-RA:cds	Tlei_v1.21223-RA:cds	MYN	0.10823	0.244282	0.443054	0.00255459	534	107.715	426.285	NA	65	22.1232	42.8768	NA	NA	0.135674	1.06929:0.243251:1:1:1:1	0.438596(0.466507:0.351675:0.497608)	NA	NA	NA	NA
OG0004724_NT	Tfasc_v1.03570-RA:cds	Tlei_v1.09554-RA:cds	MYN	0.0489741	0.167329	0.292681	0.0216525	261	48.4255	212.575	NA	17	7	10	NA	NA	0.0709335	16.3845:16.2396:1:1:1:1	0.566343(0.582524:0.378641:0.737864)	NA	NA	NA	NA
OG0007535_NT	Tfasc_v1.22245-RA:cds	Tlei_v1.20031-RA:cds	MYN	0.00744208	0.0192512	0.386578	0.0557774	1584	368.542	1215.46	NA	16	7	9	NA	NA	0.0101896	3.08885:2.09203:1:1:1:1	0.585166(0.576142:0.481387:0.69797)	NA	NA	NA	NA
OG0018861_NT	Tfasc_v1.03120-RA:cds	Tlei_v1.03842-RA:cds	MYN	0.225003	0.38126	0.590156	0.0127654	519	143.538	375.462	NA	115	42.3632	72.6368	NA	NA	0.268218	1.43011:2.53769:1:1:1:1	0.468992(0.523256:0.418605:0.465116)	NA	NA	NA	NA
OG0007113_NT	Tfasc_v1.08826-RA:cds	Tlei_v1.13198-RA:cds	MYN	0.00484637	0.00588471	0.823552	0.550993	1377	341.796	1035.2	NA	7	2	5	NA	NA	0.0051041	2:2:1:1:1:1	0.481982(0.543436:0.425676:0.476834)	NA	NA	NA	NA
OG0018506_NT	Tfasc_v1.06153-RA:cds	Tlei_v1.01460-RA:cds	MYN	0.00854496	0.0412447	0.207178	0.00427821	1119	174.807	944.193	NA	15	7	8	NA	NA	0.0136532	2.62953:3.43053:1:1:1:1	0.647105(0.607981:0.518779:0.814554)	NA	NA	NA	NA
OG0013609_NT	Tfasc_v1.03130-RA:cds	Tlei_v1.03834-RA:cds	MYN	0.0100242	0.024866	0.403127	0.292917	384	82.5643	301.436	NA	5	2	3	NA	NA	0.0132153	2:2:1:1:1:1	0.437229(0.448052:0.298701:0.564935)	NA	NA	NA	NA
OG0018310_NT	Tfasc_v1.29324-RA:cds	Tlei_v1.30867-RA:cds	MYN	0.00968457	0.0348444	0.277938	0.125818	402	89.1704	312.83	NA	6	3	3	NA	NA	0.0152654	2:2:1:1:1:1	0.503205(0.509615:0.38141:0.61859)	NA	NA	NA	NA
OG0018041_NT	Tfasc_v1.09865-RA:cds	Tlei_v1.24534-RA:cds	MYN	0.0335748	0.171667	0.195582	7.13321e-05	444	108.667	335.333	NA	27	16	11	NA	NA	0.0673722	1.83537:1.23933:1:1:1:1	0.664835(0.659341:0.568681:0.766484)	NA	NA	NA	NA
OG0014935_NT	Tfasc_v1.14581-RA:cds	Tlei_v1.21351-RA:cds	MYN	0.0287325	0.0443686	0.647587	0.160796	1299	362.738	936.262	NA	42	15.6139	26.3861	NA	NA	0.0330988	1.21633:2.10609:1:1:1:1	0.514733(0.589319:0.467772:0.487109)	NA	NA	NA	NA
OG0013776_NT	Tfasc_v1.01738-RA:cds	Tlei_v1.27455-RA:cds	MYN	0.00319434	0.0344486	0.0927279	0.0330183	405	89.5216	315.478	NA	4	3	1	NA	NA	0.0101028	2:2:1:1:1:1	0.584291(0.583333:0.477011:0.692529)	NA	NA	NA	NA
OG0011042_NT	Tfasc_v1.08133-RA:cds	Tlei_v1.14087-RA:cds	MYN	0.0500707	0.0811797	0.616788	0.11921	1125	203.033	921.967	NA	60	15.3631	44.6369	NA	NA	0.055685	1.11305:0.583739:1:1:1:1	0.330937(0.365016:0.344249:0.283546)	NA	NA	NA	NA
OG0012737_NT	Tfasc_v1.20765-RA:cds	Tlei_v1.18160-RA:cds	MYN	0.0226977	0.0523744	0.433374	0.0506393	825	198.785	626.215	NA	24	10	14	NA	NA	0.0298483	1.7609:2.22028:1:1:1:1	0.435363(0.463141:0.413462:0.429487)	NA	NA	NA	NA
OG0010797_NT	Tfasc_v1.11878-RA:cds	Tlei_v1.11281-RA:cds	MYN	0.0152716	0.0402934	0.37901	0.0562335	762	230.865	531.135	NA	17	9	8	NA	NA	0.0228525	11.2698:15.1956:1:1:1:1	0.582192(0.583904:0.467466:0.695205)	NA	NA	NA	NA
OG0008705_NT	Tfasc_v1.04777-RA:cds	Tlei_v1.08103-RA:cds	MYN	0.00763557	0.0166381	0.458921	0.192951	1035	244.967	790.033	NA	10	4	6	NA	NA	0.00976632	2:2:1:1:1:1	0.460643(0.493976:0.372289:0.515663)	NA	NA	NA	NA
OG0018810_NT	Tfasc_v1.02284-RA:cds	Tlei_v1.26939-RA:cds	MYN	0.0180943	0.0154208	1.17336	0.982713	645	197.437	447.563	NA	11	3	8	NA	NA	0.0172759	4.94635:0.740721:1:1:1:1	0.483607(0.559426:0.409836:0.481557)	NA	NA	NA	NA
OG0014691_NT	Tfasc_v1.02897-RA:cds	Tlei_v1.04042-RA:cds	MYN	0.0267757	0.0644341	0.415551	0.021294	795	235.422	559.578	NA	29	14.2891	14.7109	NA	NA	0.0379274	5.10555:3.37676:1:1:1:1	0.417471(0.467846:0.38746:0.397106)	NA	NA	NA	NA
OG0006610_NT	Tfasc_v1.01481-RA:cds	Tlei_v1.01977-RA:cds	MYN	0.0157406	0.0518215	0.303746	0.0353835	513	117.855	395.145	NA	12	5.90108	6.09892	NA	NA	0.0240297	2:2:1:1:1:1	0.489796(0.487245:0.428571:0.553571)	NA	NA	NA	NA
OG0015699_NT	Tfasc_v1.24470-RA:cds	Tlei_v1.25824-RA:cds	MYN	0.0620125	0.115037	0.539065	0.100411	495	121.401	373.599	NA	35	12.7678	22.2322	NA	NA	0.075017	1.7737:1.4232:1:1:1:1	0.457885(0.502688:0.333333:0.537634)	NA	NA	NA	NA
OG0010292_NT	Tfasc_v1.28977-RA:cds	Tlei_v1.28715-RB:cds	MYN	0.00349147	0.0267949	0.130304	0.0122292	765	190.506	574.494	NA	7	5	2	NA	NA	0.00929467	2:2:1:1:1:1	0.45515(0.561462:0.360465:0.443522)	NA	NA	NA	NA
OG0010654_NT	Tfasc_v1.21077-RA:cds	Tlei_v1.17755-RA:cds	MYN	NA	0.0433352	-0	NA	738	167.138	570.862	NA	7	7	NA	NA	NA	0.00981432	2.02186:2.22327:1:1:1:1	0.511945(0.498294:0.428328:0.609215)	NA	NA	NA	NA
OG0019587_NT	Tfasc_v1.28214-RA:cds	Tlei_v1.29363-RA:cds	MYN	0.0202541	0.0399647	0.506799	0.256579	633	182.418	450.582	NA	16	7	9	NA	NA	0.0259343	3.27357:6.60601:1:1:1:1	0.375691(0.381215:0.319061:0.426796)	NA	NA	NA	NA
OG0012782_NT	Tfasc_v1.21968-RA:cds	Tlei_v1.20498-RA:cds	MYN	0.020998	0.0998908	0.21021	0.0213119	264	68.4213	195.579	NA	10	6	4	NA	NA	0.0414448	2:2:1:1:1:1	0.455556(0.409524:0.480952:0.47619)	NA	NA	NA	NA
OG0006386_NT	Tfasc_v1.05663-RA:cds	Tlei_v1.01089-RA:cds	MYN	0.00404414	0.0463872	0.0871821	0.00302831	609	112.41	496.59	NA	7	5	2	NA	NA	0.0118599	2:2:1:1:1:1	0.597163(0.582979:0.482979:0.725532)	NA	NA	NA	NA
OG0011619_NT	Tfasc_v1.00131-RA:cds	Tlei_v1.03556-RA:cds	MYN	0.00713258	0.0269906	0.264262	0.0151919	1251	264.35	986.65	NA	14	7	7	NA	NA	0.0113288	0.94828:1.07756:1:1:1:1	0.468142(0.490946:0.37827:0.535211)	NA	NA	NA	NA
OG0012322_NT	Tfasc_v1.06708-RA:cds	Tlei_v1.14574-RA:cds	MYN	0.0232644	0.0051832	4.48843	0.0407075	825	387.703	437.297	NA	12	2	10	NA	NA	0.0147673	0.826101:1.7331:1:1:1:1	0.657407(0.811728:0.682099:0.478395)	NA	NA	NA	NA
OG0014281_NT	Tfasc_v1.17069-RA:cds	Tlei_v1.07942-RA:cds	MYN	0.00391894	0.0122042	0.321115	0.106617	1356	332.479	1023.52	NA	8	4	4	NA	NA	0.00595041	2:2:1:1:1:1	0.41068(0.468932:0.341748:0.421359)	NA	NA	NA	NA
OG0012582_NT	Tfasc_v1.01836-RA:cds	Tlei_v1.27345-RA:cds	MYN	0.112805	0.362009	0.311609	7.927e-08	735	170.436	564.564	NA	106	47.0321	58.9679	NA	NA	0.170592	2.31158:1.17403:1:1:1:1	0.633102(0.604167:0.576389:0.71875)	NA	NA	NA	NA
OG0018184_NT	Tfasc_v1.22062-RA:cds	Tlei_v1.10583-RA:cds	MYN	0.626568	0.647819	0.967195	0.89884	294	92.3606	201.639	NA	124	38.5766	85.4234	NA	NA	0.633244	1.96061:1.35033:1:1:1:1	0.538462(0.553846:0.534615:0.526923)	NA	NA	NA	NA
OG0012744_NT	Tfasc_v1.20771-RA:cds	Tlei_v1.18154-RC:cds	MYN	0.00413608	0.0244309	0.169297	0.0109284	978	250.255	727.745	NA	9	6	3	NA	NA	0.00932922	2:2:1:1:1:1	0.427706(0.445455:0.416883:0.420779)	NA	NA	NA	NA
OG0015638_NT	Tfasc_v1.21297-RA:cds	Tlei_v1.17429-RA:cds	MYN	0.00142719	0.0220062	0.0648541	0.0041324	933	231.55	701.45	NA	6	5	1	NA	NA	0.00653445	2:2:1:1:1:1	0.460405(0.482044:0.385359:0.513812)	NA	NA	NA	NA
OG0019511_NT	Tfasc_v1.19587-RA:cds	Tlei_v1.06356-RA:cds	MYN	0.0174539	0.0565228	0.308794	0.0037653	1002	244.875	757.125	NA	26	12.9737	13.0263	NA	NA	0.0270018	10.7554:10.8522:1:1:1:1	0.615612(0.626582:0.494937:0.725316)	NA	NA	NA	NA
OG0014528_NT	Tfasc_v1.16873-RA:cds	Tlei_v1.07801-RA:cds	MYN	0.0136006	0.0181464	0.749493	0.562602	1170	279.559	890.441	NA	17	5	12	NA	NA	0.0146868	2.63875:0.347393:1:1:1:1	0.455114(0.524283:0.312362:0.528698)	NA	NA	NA	NA
OG0014902_NT	Tfasc_v1.07472-RA:cds	Tlei_v1.15444-RA:cds	MYN	0.0267599	0.0144251	1.85509	0.118206	1329	489.336	839.664	NA	29	6.98	22.02	NA	NA	0.0222183	4.9861:3.78487:1:1:1:1	0.607981(0.679074:0.547284:0.597586)	NA	NA	NA	NA
OG0012598_NT	Tfasc_v1.01864-RA:cds	Tlei_v1.27317-RA:cds	MYN	0.0165732	0.00441249	3.75597	0.079927	1068	456.304	611.696	NA	12	2	10	NA	NA	0.0113775	2:2:1:1:1:1	0.639937(0.878538:0.602594:0.438679)	NA	NA	NA	NA
OG0006602_NT	Tfasc_v1.01472-RA:cds	Tlei_v1.01989-RA:cds	MYN	0.00209304	0.0104955	0.199423	0.00811679	1341	383.948	957.052	NA	6	4	2	NA	NA	0.00449878	2:2:1:1:1:1	0.493827(0.503899:0.534113:0.44347)	NA	NA	NA	NA
OG0015955_NT	Tfasc_v1.12106-RA:cds	Tlei_v1.11032-RA:cds	MYN	0.0384126	0.11634	0.330176	0.00130008	711	137.595	573.405	NA	36	14.5436	21.4564	NA	NA	0.0534934	0.434804:1.07104:1:1:1:1	0.518192(0.570423:0.380282:0.603873)	NA	NA	NA	NA
OG0008572_NT	Tfasc_v1.04508-RA:cds	Tlei_v1.08342-RA:cds	MYN	0.00965293	0.027085	0.356393	0.0347632	1245	304.753	940.247	NA	17	8	9	NA	NA	0.01392	2:2:1:1:1:1	0.400654(0.388235:0.370588:0.443137)	NA	NA	NA	NA
OG0011003_NT	Tfasc_v1.10786-RA:cds	Tlei_v1.12744-RA:cds	MYN	0.0168998	0.0644883	0.26206	0.000786244	825	182.716	642.284	NA	22	11.275	10.725	NA	NA	0.0274394	2:2:1:1:1:1	0.59735(0.56422:0.522936:0.704893)	NA	NA	NA	NA
OG0011662_NT	Tfasc_v1.00257-RA:cds	Tlei_v1.03480-RA:cds	MYN	0.0267792	0.0571998	0.468169	0.0320329	930	228.855	701.145	NA	31	12.5732	18.4268	NA	NA	0.0342651	2.23974:5.96823:1:1:1:1	0.451456(0.490291:0.333738:0.53034)	NA	NA	NA	NA
OG0019282_NT	Tfasc_v1.11585-RA:cds	Tlei_v1.09084-RA:cds	MYN	0.117829	0.063285	1.86188	0.135325	453	108.735	344.265	NA	44	6.56307	37.4369	NA	NA	0.104736	1.77465:2.56925:1:1:1:1	0.401473(0.39779:0.342541:0.464088)	NA	NA	NA	NA
OG0012132_NT	Tfasc_v1.15978-RA:cds	Tlei_v1.22670-RA:cds	MYN	0.00395637	0.053771	0.0735782	3.07819e-06	1233	218.746	1014.25	NA	15	11	4	NA	NA	0.012794	8.9424:3.66991:1:1:1:1	0.565678(0.542373:0.380297:0.774364)	NA	NA	NA	NA
OG0015637_NT	Tfasc_v1.28356-RA:cds	Tlei_v1.29243-RA:cds	MYN	0.0106853	0.00624894	1.70993	0.365965	1332	482.754	849.246	NA	12	3	9	NA	NA	0.00907742	2:2:1:1:1:1	0.581848(0.764356:0.514851:0.466337)	NA	NA	NA	NA
OG0006387_NT	Tfasc_v1.05671-RA:cds	Tlei_v1.01095-RA:cds	MYN	0.0155865	0.12917	0.120667	0.00316748	246	51.2228	194.777	NA	9	6	3	NA	NA	0.0392373	10.2896:3.64976:1:1:1:1	0.534722(0.536458:0.3125:0.755208)	NA	NA	NA	NA
OG0012269_NT	Tfasc_v1.21242-RA:cds	Tlei_v1.17490-RA:cds	MYN	0.00913198	0.0674522	0.135384	0.00381579	633	77.8835	555.117	NA	10	5	5	NA	NA	0.0163076	7.89656:22.1133:1:1:1:1	0.689776(0.651261:0.609244:0.808824)	NA	NA	NA	NA
OG0015899_NT	Tfasc_v1.26206-RA:cds	Tlei_v1.27937-RA:cds	MYN	0.00840807	0.0272328	0.308748	0.0991885	630	151.261	478.739	NA	8	4	4	NA	NA	0.0129278	2:2:1:1:1:1	0.573848(0.587398:0.495935:0.638211)	NA	NA	NA	NA
OG0012993_NT	Tfasc_v1.23780-RA:cds	Tlei_v1.22853-RA:cds	MYN	0.0174309	0.0353917	0.492515	0.112225	1335	231.758	1103.24	NA	27	8	19	NA	NA	0.020549	0.758683:1.92064:1:1:1:1	0.587041(0.558027:0.458414:0.744681)	NA	NA	NA	NA
OG0012976_NT	Tfasc_v1.05399-RA:cds	Tlei_v1.00552-RA:cds	MYN	0.0096532	0.00842693	1.14552	0.716701	537	119.427	417.573	NA	5	1	4	NA	NA	0.00938048	2:2:1:1:1:1	0.323427(0.410839:0.283217:0.276224)	NA	NA	NA	NA
OG0019333_NT	Tfasc_v1.17544-RA:cds	Tlei_v1.26444-RA:cds	MYN	0.106698	0.14756	0.723081	0.578818	168	46.1658	121.834	NA	18	6	12	NA	NA	0.117927	2:2:1:1:1:1	0.358796(0.423611:0.291667:0.361111)	NA	NA	NA	NA
OG0005346_NT	Tfasc_v1.07888-RA:cds	Tlei_v1.15882-RA:cds	MYN	0.0142664	NA	NA	NA	318	105.439	212.561	NA	3	NA	3	NA	NA	0.00953607	6.72343:2.36525:1:1:1:1	0.538567(0.636364:0.433884:0.545455)	NA	NA	NA	NA
OG0019519_NT	Tfasc_v1.19706-RA:cds	Tlei_v1.06126-RA:cds	MYN	0.00241139	0.0292243	0.0825132	0.0150131	558	141.394	416.606	NA	5	4	1	NA	NA	0.00920564	2:2:1:1:1:1	0.448012(0.504587:0.376147:0.463303)	NA	NA	NA	NA
OG0010599_NT	Tfasc_v1.28526-RA:cds	Tlei_v1.29035-RA:cds	MYN	NA	0.0278779	-0	NA	1467	366.361	1100.64	NA	10	10	NA	NA	NA	0.00696207	2:2:1:1:1:1	0.49118(0.520985:0.381387:0.571168)	NA	NA	NA	NA
OG0018134_NT	Tfasc_v1.24596-RA:cds	Tlei_v1.25979-RA:cds	MYN	0.0259869	0.04947	0.525307	0.139936	471	135.03	335.97	NA	15	6.43	8.57	NA	NA	0.0327193	5.95513:4.24684:1:1:1:1	0.366806(0.401674:0.389121:0.309623)	NA	NA	NA	NA
OG0006395_NT	Tfasc_v1.05639-RA:cds	Tlei_v1.01054-RA:cds	MYN	0.0034995	0.0434276	0.0805823	0.00115207	720	144.163	575.837	NA	8	6	2	NA	NA	0.0114941	2:2:1:1:1:1	0.539881(0.519643:0.408929:0.691071)	NA	NA	NA	NA
OG0010196_NT	Tfasc_v1.17596-RA:cds	Tlei_v1.26493-RA:cds	MYN	0.0290417	0.0427188	0.679833	0.238728	861	195.025	665.975	NA	27	8.03494	18.9651	NA	NA	0.0321397	1.44789:1.62808:1:1:1:1	0.483488(0.501548:0.396285:0.552632)	NA	NA	NA	NA
OG0010798_NT	Tfasc_v1.11862-RA:cds	Tlei_v1.11299-RA:cds	MYN	0.0246831	0.0396783	0.622082	0.216921	744	208.145	535.855	NA	21	8	13	NA	NA	0.0288782	5.55731:2.51648:1:1:1:1	0.521714(0.545775:0.397887:0.621479)	NA	NA	NA	NA
OG0011831_NT	Tfasc_v1.12527-RA:cds	Tlei_v1.10114-RA:cds	MYN	0.00630926	0.00799046	0.789599	0.542013	891	251.997	639.003	NA	6	2	4	NA	NA	0.00678475	2:2:1:1:1:1	0.404229(0.425373:0.347015:0.440299)	NA	NA	NA	NA
OG0006871_NT	Tfasc_v1.27752-RA:cds	Tlei_v1.30038-RA:cds	MYN	0.00247837	0.024278	0.102083	0.0019568	1104	294.761	809.239	NA	9	7	2	NA	NA	0.00829872	2.39238:3.82795:1:1:1:1	0.443366(0.504854:0.377427:0.447816)	NA	NA	NA	NA
OG0010042_NT	Tfasc_v1.26708-RA:cds	Tlei_v1.28341-RA:cds	MYN	0.0303191	0.0688126	0.440604	0.0363841	720	214.205	505.795	NA	29	14	15	NA	NA	0.0417712	3.15513:2.07253:1:1:1:1	0.568841(0.586957:0.501812:0.617754)	NA	NA	NA	NA
OG0015247_NT	Tfasc_v1.13364-RA:cds	Tlei_v1.18526-RA:cds	MYN	0.00491218	0.0353412	0.138993	0.0109089	585	176.007	408.993	NA	8	6	2	NA	NA	0.0140673	2:2:1:1:1:1	0.684397(0.717021:0.617021:0.719149)	NA	NA	NA	NA
OG0012251_NT	Tfasc_v1.21259-RA:cds	Tlei_v1.17477-RA:cds	MYN	0.00871943	0.0363765	0.239699	0.0440322	690	112.842	577.158	NA	9	4	5	NA	NA	0.0132424	2:2:1:1:1:1	0.559343(0.547348:0.376894:0.753788)	NA	NA	NA	NA
OG0012473_NT	Tfasc_v1.05051-RA:cds	Tlei_v1.00176-RA:cds	MYN	0.00618737	0.0210334	0.294169	0.0117644	1620	483.214	1136.79	NA	17	10	7	NA	NA	0.0106157	4.76214:4.54164:1:1:1:1	0.467331(0.516611:0.404485:0.480897)	NA	NA	NA	NA
OG0012355_NT	Tfasc_v1.06772-RA:cds	Tlei_v1.14635-RA:cds	MYN	0.0280786	0.0450441	0.623358	0.495174	393	102.62	290.38	NA	12	4	8	NA	NA	0.0325086	3.85542:0.559771:1:1:1:1	0.451168(0.433121:0.353503:0.566879)	NA	NA	NA	NA
OG0012539_NT	Tfasc_v1.07266-RA:cds	Tlei_v1.15185-RA:cds	MYN	0.027116	0.0325714	0.832509	0.583577	606	172.487	433.513	NA	17	5.47322	11.5268	NA	NA	0.0286688	2.56773:3.72665:1:1:1:1	0.378663(0.428571:0.384615:0.322802)	NA	NA	NA	NA
OG0002371_NT	Tfasc_v1.22959-RA:cds	Tlei_v1.23807-RA:cds	MYN	0.054866	0.116461	0.471111	0.0398181	588	128.458	459.542	NA	38	13.7021	24.2979	NA	NA	0.0683224	0.950684:1.14798:1:1:1:1	0.488555(0.538627:0.401288:0.525751)	NA	NA	NA	NA
OG0002721_NT	Tfasc_v1.22780-RA:cds	Tlei_v1.19523-RA:cds	MYN	0.0276326	0.0897028	0.308046	0.000746011	873	203.552	669.448	NA	35	16.8737	18.1263	NA	NA	0.0421051	1.18218:3.19108:1:1:1:1	0.4657(0.488406:0.346377:0.562319)	NA	NA	NA	NA
OG0008346_NT	Tfasc_v1.09468-RA:cds	Tlei_v1.24098-RA:cds	MYN	0.0051226	0.00571645	0.896115	0.648861	765	176.938	588.062	NA	4	1	3	NA	NA	0.00525995	2:2:1:1:1:1	0.415836(0.495017:0.392027:0.360465)	NA	NA	NA	NA
OG0005221_NT	Tfasc_v1.28264-RA:cds	Tlei_v1.29325-RA:cds	MYN	0.0236692	0.071076	0.333012	0.00150447	1056	235.375	820.625	NA	35	15.8843	19.1157	NA	NA	0.0342358	1.12568:2.29463:1:1:1:1	0.647595(0.63806:0.544776:0.75995)	NA	NA	NA	NA
OG0000798_NT	Tfasc_v1.04210-RA:cds	Tlei_v1.15139-RA:cds	MYN	0.0185665	0.0264235	0.702653	0.640608	444	116.601	327.399	NA	9	3	6	NA	NA	0.0206299	3.76155:2.17564:1:1:1:1	0.322976(0.361582:0.327684:0.279661)	NA	NA	NA	NA
OG0018932_NT	Tfasc_v1.08080-RA:cds	Tlei_v1.14159-RA:cds	MYN	0.120069	0.350232	0.342826	0.00387022	327	75.0431	251.957	NA	46	18.2296	27.7704	NA	NA	0.172889	0.447479:2.28405:1:1:1:1	0.485294(0.488971:0.4375:0.529412)	NA	NA	NA	NA
OG0008273_NT	Tfasc_v1.09607-RA:cds	Tlei_v1.24233-RA:cds	MYN	0.00561951	0.0195924	0.286821	0.0257678	1437	364.718	1072.28	NA	13	7	6	NA	NA	0.00916589	3.32991:3.71414:1:1:1:1	0.447464(0.516304:0.324275:0.501812)	NA	NA	NA	NA
OG0003014_NT	Tfasc_v1.05918-RA:cds	Tlei_v1.01316-RA:cds	MYN	0.0407479	0.0423962	0.961123	0.840544	774	225.344	548.656	NA	31	9.25459	21.7454	NA	NA	0.0412278	2.39291:1.17049:1:1:1:1	0.459322(0.457627:0.422034:0.498305)	NA	NA	NA	NA
OG0011188_NT	Tfasc_v1.19441-RA:cds	Tlei_v1.06517-RA:cds	MYN	0.014166	0.113053	0.125304	1.53829e-06	1092	163.849	928.151	NA	28	14.9775	13.0225	NA	NA	0.0290034	0.367061:1.69143:1:1:1:1	0.626744(0.575581:0.488372:0.816279)	NA	NA	NA	NA
OG0016021_NT	Tfasc_v1.30709-RA:cds	Tlei_v1.21289-RA:cds	MYN	0.00960211	0.0205419	0.46744	0.210532	723	197.551	525.449	NA	9	4	5	NA	NA	0.0125913	2.08128:2.32377:1:1:1:1	0.428349(0.451713:0.392523:0.44081)	NA	NA	NA	NA
OG0012352_NT	Tfasc_v1.06767-RA:cds	Tlei_v1.14630-RA:cds	MYN	0.00765761	0.0471706	0.162339	0.00408107	351	87.7316	263.268	NA	6	4	2	NA	NA	0.0175338	2:2:1:1:1:1	0.671605(0.662963:0.581481:0.77037)	NA	NA	NA	NA
OG0004814_NT	Tfasc_v1.30541-RA:cds	Tlei_v1.21128-RA:cds	MYN	0.0119234	0.0252345	0.472502	0.218074	585	162.015	422.985	NA	9	4	5	NA	NA	0.0156099	5.22729:4.81849:1:1:1:1	0.477339(0.493421:0.412281:0.526316)	NA	NA	NA	NA
OG0014742_NT	Tfasc_v1.11229-RA:cds	Tlei_v1.12242-RA:cds	MYN	0.00353816	0.0254219	0.139177	0.0241357	729	161.974	567.026	NA	6	4	2	NA	NA	0.00840043	2:2:1:1:1:1	0.527778(0.527174:0.447464:0.608696)	NA	NA	NA	NA
OG0012852_NT	Tfasc_v1.18089-RA:cds	Tlei_v1.04202-RA:cds	MYN	0.011903	0.0123778	0.961644	0.899474	588	163.737	424.263	NA	7	2	5	NA	NA	0.0120352	5.98171:6.53009:1:1:1:1	0.488789(0.491031:0.38565:0.589686)	NA	NA	NA	NA
OG0011101_NT	Tfasc_v1.08025-RA:cds	Tlei_v1.14226-RA:cds	MYN	0.208476	0.304755	0.684077	0.0283042	1146	242.53	903.47	NA	224	59.767	164.233	NA	NA	0.228852	1.12298:0.877843:1:1:1:1	0.453829(0.440315:0.317568:0.603604)	NA	NA	NA	NA
OG0010573_NT	Tfasc_v1.28826-RA:cds	Tlei_v1.28860-RA:cds	MYN	0.0162009	0.0661887	0.244769	0.0234832	408	95.5103	312.49	NA	11	6	5	NA	NA	0.0279028	2:2:1:1:1:1	0.416667(0.39959:0.401639:0.44877)	NA	NA	NA	NA
OG0018100_NT	Tfasc_v1.24004-RA:cds	Tlei_v1.08728-RA:cds	MYN	0.0519324	0.317204	0.163719	2.43253e-06	534	72.917	461.083	NA	40	17	23	NA	NA	0.0881549	6.37528:11.7982:1:1:1:1	0.656716(0.614428:0.512438:0.843284)	NA	NA	NA	NA
OG0005110_NT	Tfasc_v1.10088-RA:cds	Tlei_v1.24807-RA:cds	MYN	0.00287701	0.0100592	0.286009	0.350358	450	101.59	348.41	NA	2	1	1	NA	NA	0.00449842	2:2:1:1:1:1	0.398148(0.45202:0.383838:0.358586)	NA	NA	NA	NA
OG0005081_NT	Tfasc_v1.27048-RA:cds	Tlei_v1.29540-RA:cds	MYN	0.00753083	0.0276204	0.272654	0.0136649	1233	298.395	934.605	NA	15	8	7	NA	NA	0.0123927	1.8149:3.03767:1:1:1:1	0.449093(0.468619:0.41318:0.465481)	NA	NA	NA	NA
OG0015748_NT	Tfasc_v1.26971-RA:cds	Tlei_v1.28607-RA:cds	MYN	0.144293	0.236031	0.61133	0.0890038	315	96.704	218.296	NA	48	19.4308	28.5692	NA	NA	0.172456	1.55667:0.758778:1:1:1:1	0.507752(0.531977:0.468023:0.523256)	NA	NA	NA	NA
OG0018643_NT	Tfasc_v1.26885-RA:cds	Tlei_v1.28525-RA:cds	MYN	0.00382973	0.0446193	0.0858312	0.0303937	336	72.1801	263.82	NA	4	3	1	NA	NA	0.0125922	2:2:1:1:1:1	0.669251(0.686047:0.523256:0.79845)	NA	NA	NA	NA
OG0015303_NT	Tfasc_v1.00036-RA:cds	Tlei_v1.03637-RA:cds	MYN	0.0105886	0.0201694	0.524981	0.390613	387	101.236	285.764	NA	5	2	3	NA	NA	0.0130948	2:2:1:1:1:1	0.529083(0.52349:0.463087:0.600671)	NA	NA	NA	NA
OG0011375_NT	Tfasc_v1.18336-RA:cds	Tlei_v1.04990-RA:cds	MYN	0.00815535	0.0421216	0.193614	0.00861073	666	171.952	494.048	NA	11	7	4	NA	NA	0.016925	2.3001:2.13248:1:1:1:1	0.436782(0.409962:0.333333:0.56705)	NA	NA	NA	NA
OG0012702_NT	Tfasc_v1.20599-RA:cds	Tlei_v1.18274-RA:cds	MYN	0.00253032	0.0611434	0.0413833	8.6402e-08	1035	242.987	792.013	NA	16	14	2	NA	NA	0.0162909	6.29249:2.48043:1:1:1:1	0.548851(0.497537:0.45936:0.689655)	NA	NA	NA	NA
OG0018768_NT	Tfasc_v1.23896-RA:cds	Tlei_v1.31765-RA:cds	MYN	0.204656	1.16472	0.175713	1.00403e-07	273	70.2354	202.765	NA	72	36.035	35.965	NA	NA	0.451654	3.02719:5.22396:1:1:1:1	0.488673(0.519417:0.383495:0.563107)	NA	NA	NA	NA
OG0019465_NT	Tfasc_v1.15255-RA:cds	Tlei_v1.21994-RA:cds	MYN	0.0507635	0.0690539	0.735129	0.347755	945	287.736	657.264	NA	51	18.7544	32.2456	NA	NA	0.0563327	3.4101:2.65914:1:1:1:1	0.52193(0.6:0.453947:0.511842)	NA	NA	NA	NA
OG0012295_NT	Tfasc_v1.06643-RA:cds	Tlei_v1.14507-RA:cds	MYN	0.0104308	0.0101881	1.02382	0.916241	585	198.31	386.69	NA	6	2	4	NA	NA	0.0103485	2:2:1:1:1:1	0.665945(0.467532:0.829004:0.701299)	NA	NA	NA	NA
OG0007984_NT	Tfasc_v1.14996-RA:cds	Tlei_v1.21726-RA:cds	MYN	0.0154596	0.011495	1.3449	0.950166	639	179.962	459.038	NA	9	2	7	NA	NA	0.014343	5.42855:13.0311:1:1:1:1	0.36693(0.466403:0.272727:0.36166)	NA	NA	NA	NA
OG0009403_NT	Tfasc_v1.30171-RA:cds	Tlei_v1.20751-RA:cds	MYN	0.0327557	0.0336467	0.973518	0.997386	528	153.48	374.52	NA	17	5	12	NA	NA	0.0330147	3.68039:3.80126:1:1:1:1	0.549261(0.586207:0.477833:0.583744)	NA	NA	NA	NA
OG0006382_NT	Tfasc_v1.05674-RA:cds	Tlei_v1.01098-RB:cds	MYN	0.00804589	0.0377452	0.213163	0.0774451	459	83.8573	375.143	NA	6	3	3	NA	NA	0.0134718	2:2:1:1:1:1	0.594286(0.571429:0.468571:0.742857)	NA	NA	NA	NA
OG0015589_NT	Tfasc_v1.16745-RA:cds	Tlei_v1.07530-RA:cds	MYN	0.0107801	0.0389113	0.277043	0.00706539	816	194.264	621.736	NA	14	7.34722	6.65278	NA	NA	0.0174773	3.94849:0.909255:1:1:1:1	0.404153(0.472843:0.405751:0.333866)	NA	NA	NA	NA
OG0008517_NT	Tfasc_v1.04610-RA:cds	Tlei_v1.08440-RA:cds	MYN	0.0120983	0.0188867	0.640574	0.525355	936	269.339	666.661	NA	13	5	8	NA	NA	0.0140517	3.5247:2.63482:1:1:1:1	0.535876(0.475477:0.535422:0.59673)	NA	NA	NA	NA
OG0018322_NT	Tfasc_v1.29516-RA:cds	Tlei_v1.31302-RB:cds	MYN	-nan	-nan	-nan	0	321	-nan	-nan	NA	155	6	10	NA	NA	-nan	-nan:1.23362:1:1:1:1	0.351464(0.364017:0.351464:0.338912)	NA	NA	NA	NA
OG0015900_NT	Tfasc_v1.26217-RA:cds	Tlei_v1.27944-RA:cds	MYN	0.0450559	0.038677	1.16493	0.984168	384	85.9254	298.075	NA	16	3.15662	12.8434	NA	NA	0.0436285	2:2:1:1:1:1	0.36(0.363333:0.34:0.376667)	NA	NA	NA	NA
OG0002355_NT	Tfasc_v1.26070-RA:cds	Tlei_v1.27793-RA:cds	MYN	0.00902306	0.0587981	0.153458	0.000391679	756	198.502	557.498	NA	16	11	5	NA	NA	0.0220924	3.04:1.36549:1:1:1:1	0.444064(0.491438:0.342466:0.498288)	NA	NA	NA	NA
OG0018569_NT	Tfasc_v1.21316-RA:cds	Tlei_v1.17411-RA:cds	MYN	0.0234323	0.0788818	0.297056	0.0391947	342	80.7238	261.276	NA	12	6	6	NA	NA	0.0365203	2:2:1:1:1:1	0.460833(0.4125:0.4225:0.5475)	NA	NA	NA	NA
OG0015426_NT	Tfasc_v1.25941-RA:cds	Tlei_v1.27612-RA:cds	MYN	0.0107263	0.0100739	1.06477	0.703005	384	101.234	282.766	NA	4	1	3	NA	NA	0.0105543	2:2:1:1:1:1	0.444828(0.47931:0.341379:0.513793)	NA	NA	NA	NA
OG0015499_NT	Tfasc_v1.07894-RA:cds	Tlei_v1.15889-RA:cds	MYN	0.00604709	0.0311277	0.194267	0.000321642	1320	372.545	947.455	NA	17	11.2974	5.70264	NA	NA	0.0131256	5.09461:1.95241:1:1:1:1	0.437418(0.502964:0.4417:0.367589)	NA	NA	NA	NA
OG0002744_NT	Tfasc_v1.28317-RA:cds	Tlei_v1.29274-RA:cds	MYN	0.00565283	0.0122806	0.460307	0.204529	1218	328.996	889.004	NA	9	4	5	NA	NA	0.00744306	2.04557:3.24788:1:1:1:1	0.489407(0.534958:0.440678:0.492585)	NA	NA	NA	NA
OG0018679_NT	Tfasc_v1.16557-RA:cds	Tlei_v1.07124-RA:cds	MYN	0.00624634	NA	NA	NA	513	186.601	326.399	NA	2	NA	2	NA	NA	0.00397427	2:2:1:1:1:1	0.682906(0.515385:0.866667:0.666667)	NA	NA	NA	NA
OG0007689_NT	Tfasc_v1.20101-RA:cds	Tlei_v1.05548-RA:cds	MYN	0.0228677	0.0735031	0.311112	0.00320424	762	211.533	550.467	NA	27	14.618	12.382	NA	NA	0.0369242	3.28544:1.68858:1:1:1:1	0.410215(0.540323:0.243548:0.446774)	NA	NA	NA	NA
OG0015731_NT	Tfasc_v1.26931-RA:cds	Tlei_v1.28572-RA:cds	MYN	0.0111471	0.0118118	0.94373	0.895717	624	171.454	452.546	NA	7	2	5	NA	NA	0.0113298	2:2:1:1:1:1	0.491489(0.502128:0.519149:0.453191)	NA	NA	NA	NA
OG0018508_NT	Tfasc_v1.06171-RA:cds	Tlei_v1.01477-RA:cds	MYN	0.0118534	NA	NA	NA	198	27.7132	170.287	NA	2	NA	2	NA	NA	0.0101943	2:2:1:1:1:1	0.544444(0.46:0.38:0.793333)	NA	NA	NA	NA
OG0014346_NT	Tfasc_v1.18166-RA:cds	Tlei_v1.32014-RA:cds	MYN	0.0934296	0.205337	0.455007	0.00242001	660	150.423	509.577	NA	71	26.5006	44.4994	NA	NA	0.118935	0.798932:2.02743:1:1:1:1	0.439063(0.504687:0.445312:0.367188)	NA	NA	NA	NA
OG0003424_NT	Tfasc_v1.30706-RA:cds	Tlei_v1.21286-RA:cds	MYN	NA	0.0592655	-0	NA	837	106.122	730.878	NA	6	6	NA	NA	NA	0.00751418	1.90413:5.45851:1:1:1:1	0.602403(0.551724:0.460815:0.794671)	NA	NA	NA	NA
OG0011224_NT	Tfasc_v1.19539-RA:cds	Tlei_v1.06421-RA:cds	MYN	0.118108	0.303249	0.389474	1.43142e-05	720	170.942	549.058	NA	102	42.1147	59.8853	NA	NA	0.162064	1.46803:2.59343:1:1:1:1	0.444444(0.45614:0.424561:0.452632)	NA	NA	NA	NA
OG0006842_NT	Tfasc_v1.27783-RA:cds	Tlei_v1.30068-RA:cds	MYN	0.0131515	0.126248	0.104172	1.05655e-07	693	156.023	536.977	NA	25	18	7	NA	NA	0.0386141	1.96844:0.890799:1:1:1:1	0.52799(0.515267:0.416031:0.652672)	NA	NA	NA	NA
OG0005153_NT	Tfasc_v1.15693-RA:cds	Tlei_v1.22342-RA:cds	MYN	0.0198986	0.0338369	0.588074	0.194819	915	226.415	688.585	NA	21	7.48103	13.519	NA	NA	0.0233476	3.03719:0.786362:1:1:1:1	0.616715(0.616715:0.554755:0.678674)	NA	NA	NA	NA
OG0015125_NT	Tfasc_v1.16769-RA:cds	Tlei_v1.07460-RA:cds	MYN	0.0124611	0.0760286	0.1639	3.2316e-07	1434	278.874	1155.13	NA	34	19.7304	14.2696	NA	NA	0.0248233	0.971431:1.81906:1:1:1:1	0.543777(0.543152:0.409944:0.678236)	NA	NA	NA	NA
OG0008121_NT	Tfasc_v1.15260-RA:cds	Tlei_v1.21999-RA:cds	MYN	0.00456235	0.0103469	0.440941	0.320592	855	195.116	659.884	NA	5	2	3	NA	NA	0.00588241	2:2:1:1:1:1	0.54624(0.509146:0.484756:0.644817)	NA	NA	NA	NA
OG0010038_NT	Tfasc_v1.26707-RA:cds	Tlei_v1.28339-RA:cds	MYN	0.0344783	0.0291544	1.18261	0.823546	807	223.249	583.751	NA	26	6.34635	19.6536	NA	NA	0.0330055	3.56512:2.14493:1:1:1:1	0.489097(0.524922:0.372274:0.570093)	NA	NA	NA	NA
OG0012983_NT	Tfasc_v1.23808-RA:cds	Tlei_v1.22820-RA:cds	MYN	0.0145902	0.0234998	0.620866	0.538051	252	44.075	207.925	NA	4	1	3	NA	NA	0.0161485	7.00923:1.97281:1:1:1:1	0.589347(0.536082:0.42268:0.809278)	NA	NA	NA	NA
OG0005732_NT	Tfasc_v1.13897-RA:cds	Tlei_v1.19176-RA:cds	MYN	0.0181956	0.0599625	0.30345	0.00682473	711	209.94	501.06	NA	21	12	9	NA	NA	0.0305283	5.82394:5.06354:1:1:1:1	0.600707(0.659011:0.507067:0.636042)	NA	NA	NA	NA
OG0013293_NT	Tfasc_v1.02165-RA:cds	Tlei_v1.27036-RB:cds	MYN	0.00372922	0.0142412	0.261861	0.0152083	1092	284.905	807.095	NA	7	4	3	NA	NA	0.00647183	2:2:1:1:1:1	0.446067(0.510949:0.399027:0.428224)	NA	NA	NA	NA
