204748
142469
157058
109189
302301
288461
332623
70371
282734
340656
220812
471000
288973
313973
23642332
211702
377618
209919
258407
205304
270685
202138
624743
200196
195577
195040
389301
464076
197799
188303
243853
251073
51215
200051
229154
284842
302216
224789
179881
315348
169206
573326
239534
164271
30864
163493
160478
231257
157302
156033
356631
227019
13520883
83301
150055
336384
299057
145470
143467
197305
417906
141226
140614
140750
204647
205168
488070
138243
202066
222399
201976
243514
266857
134658
221734
134249
133197
132725
326373
132435
132322
266122
537208
305676
267024
203914
129967
129743
129462
165623
129012
128213
126613
126613
380484
321952
125507
125329
157262
200416
122832
122662
57585
301794
117468
117232
427604
180399
115783
114970
495621
114426
149853
114069
362397
147896
113934
266727
112487
113031
108594
478834
111911
312258
110482
173206
109871
195108
109570
131602
107563
106804
106783
106669
481129
106387
106209
106199
106003
105958
342421
105675
105433
321133
105296
372449
104719
104380
104362
104213
104131
225926
304178
320280
103446
394060
123632
126883
131597
392655
137663
123929
102330
102282
193864
102146
307242
319517
240628
101370
184381
101157
172807
100750
447615
100475
401296
100157
99936
99648
277689
99154
98870
141171
337701
98345
200287
98090
143087
97448
97446
169994
147933
149954
290521
95969
495257
175320
176516
171155
271834
215157
152022
93387
93028
290225
122235
91847
159052
91350
91347
91132
90623
338563
379015
417690
215166
344345
141795
89755
89441
190151
89147
88762
88620
151857
144359
249846
217832
135414
87713
87638
168588
87087
87042
86859
184132
507992
147095
408148
86165
85887
145243
294579
85531
115768
85231
85021
300041
84667
84620
84409
179623
83921
83661
83643
83602
139543
139320
83009
195619
202948
82773
247736
82593
82329
211193
590081
93642
242364
81700
81563
81463
81097
80917
167545
80524
80357
80338
80185
80164
80031
171551
79995
301614
209072
79263
79198
79116
78919
184002
179908
78586
434892
462061
77712
77680
77612
77549
168793
135762
187261
77194
77157
77103
77098
76920
76881
289306
101261
351486
76202
76148
281142
76086
235608
75782
75735
75414
75393
75177
404758
75109
74983
406694
26509606
454595
115020
73902
119625
73713
150715
73674
73620
73647
73533
73474
72892
107407
72243
110615
166616
71870
71667
287541
19367790
71266
71133
71048
71042
198941
70776
70704
235322
70553
292355
70304
70246
70247
70248
70244
69936
167074
143475
267369
248298
239200
69508
312315
69458
69387
69252
128796
69037
99763
68935
322388
68819
68770
68716
68605
68542
68478
68453
68432
68378
119598
68253
68088
68072
67814
165355
67842
88842
158430
177819
67384
67334
207772
67299
211700
272715
67174
67036
430915
176533
111157
66680
169651
66569
66486
66489
66234
66211
66128
65891
65886
325308
127568
65786
239166
271785
315648
483470
65256
65251
393729
64960
64885
92156
64849
295496
100464
64727
407290
64679
64641
64609
64535
64608
64564
64588
64526
655846
64458
64405
64348
393519
64275
64190
64201
64154
64006
64009
64018
63889
63737
352215
63367
208088
63168
244616
63062
62983
128732
62865
306467
62819
62726
62784
62660
62665
62638
62577
62609
101677
62560
242513
62400
62414
62414
62297
101023
61798
61733
134718
61685
61645
61590
107472
61546
212104
61416
283220
61259
173219
145164
211830
60895
60842
106684
60808
119752
60539
60536
60429
60351
60347
60348
60279
60262
60231
267166
59936
59915
119080
178885
102644
145834
59624
59577
59584
59580
59508
59406
59322
59309
386067
59037
59039
59010
58984
58942
412288
58840
58739
58715
58630
353635
58516
58487
58376
58295
372302
58218
58223
58190
58137
58173
58067
58036
58043
185736
57978
57889
57844
57793
57688
57679
57682
57626
57325
57359
57235
57145
109821
57075
212383
159129
86083
145224
56984
56879
56778
56685
56759
56753
155307
56571
56563
56417
56407
292094
56283
56243
361661
56144
56066
56057
84513
55820
91408
61374
55663
55445
55448
345042
55244
55197
317950
252372
55116
55096
992221
54959
54957
54924
54914
54908
54721
59958
54653
208886
273916
307783
54397
54294
89231
95871
119816
54000
174308
53990
214302
53923
53886
110513
212893
106925
53842
53660
309858
236381
53596
53573
53568
53472
53466
53443
53429
53372
53240
139447
53134
53030
152239
52951
52885
474352
52845
52768
52690
277098
52627
173021
52681
52552
31698969
52520
52439
52404
52339
52316
52250
174063
52206
206361
52133
52080
52013
357519
152783
51911
207807
51766
51663
51656
1111046
51595
51556
51518
354004
51559
51272
51220
129649
142179
51016
50998
119297
50955
545017
50834
50804
136424
50744
50698
50656
200875
50588
50530
521256
50458
50475
50388
365717
81579
50308
50198
50202
50143
138123
50076
50106
50056
50029
50010
49983
273337
49934
97397
49844
129414
49862
49746
49714
49696
49660
49663
49538
49388
49396
49352
49317
49306
49317
165238
49137
49116
49083
49070
49068
49072
48985
48960
48939
48874
48814
118947
48798
306439
48692
48592
300489
48505
48366
48328
48228
48181
48166
147385
48109
48118
48108
48102
48087
47944
117696
147376
47808
152580
47601
47533
47505
291311
47511
634933
47426
47307
225177
47171
47177
47085
47014
163428
46885
260539
46820
60277
46591
488228
46479
150423
46420
46401
46357
46302
46280
542454
252006
46168
83966
46151
46008
210611
45897
104803
45858
45746
45688
45662
346674
45628
45568
119269
45520
45445
45463
23784123
45359
45306
45324
45250
45219
45224
45097
45066
45049
45039
44972
146067
44960
325551
44863
44751
44703
112328
44466
44389
44358
44333
44324
44202
44217
18018563
231650
44000
43976
43963
43911
43916
43723
340226
73194
88869
43589
43555
43525
46267
43489
43451
137397
43408
152548
327924
167523
43297
43286
43271
43181
101201
43137
43128
43058
43090
43073
43038
42954
42943
64367
406166
42861
42833
183460
42800
42786
42729
42688
42637
42620
103864
42586
74674
42475
42387
42250
42214
42148
42082
201288
42086
42052
42032
41978
41964
41954
41882
41868
41879
41850
41822
199076
41823
41754
41705
41711
41656
41583
41489
41421
41176
41145
41116
41051
41042
40998
40929
40913
94149
40842
40843
40792
40751
40697
87838
40648
40659
127581
40570
208429
40537
40529
78376
40494
40468
40473
40421
40411
40405
40397
112238
85042
40307
143319
40130
101864
40019
40007
39798
39788
39767
39713
39721
39750
655980
39613
205306
114635
39471
39472
39422
178701
39399
588019
39306
39202
39093
39059
38979
38985
38982
38989
327841
76068
38867
38839
38817
38800
38778
38749
38748
38741
38675
192537
38660
38652
319772
38641
38583
38539
38526
38520
38481
38478
38467
38320
38312
247208
38197
38184
38107
444982
38019
38032
37982
37986
37984
89434
37936
37941
37935
37934
37887
37835
37833
215044
37722
265813
37672
37641
37604
37523
37504
101844
154592
37424
37405
37434
37415
37400
37396
37362
37352
37321
317999
37298
37308
37256
37235
37181
37118
37117
137300
130611
36992
36981
36860
185647
36807
36764
36714
36672
36668
36668
36631
36579
36566
36550
36513
36457
36322
36329
36278
36138
36125
36102
190506
36065
36031
36019
35994
245323
35921
35908
35892
35918
35890
35881
35839
35857
35794
134548
35754
35759
259149
35735
291648
223279
35688
35676
35661
126266
35642
35637
35629
35601
35582
35524
35523
35519
35512
35484
65699
102653
35397
227402
35376
35341
35326
35260
35222
35226
35200
35202
35208
35085
35040
35033
35000
34979
34951
334932
34942
34892
34877
34845
34844
34825
34820
34799
34789
34795
116336
34748
34733
34711
34684
34684
34692
34665
34661
233918
157011
34591
34570
34552
34532
34451
34461
34389
282903
57589
34293
34257
34268
34235
34189
34178
34080
34069
33981
66532
33929
26021936
33877
33815
33767
33778
33779
33716
33729
33677
33696
33664
33601
33596
33572
33510
33477
33424
33343
142054
33233
33190
33122
73147
33125
33014
32994
32975
32930
32946
32952
32939
32905
32884
32878
32868
32859
32812
32818
32817
32770
32781
69559
32730
197116
32702
32660
32632
32614
57868
32579
32617
233174
128342
32448
32438
32280
32213
32216
32215
32195
32109
32115
32119
32068
32042
412252
31934
31922
31869
31851
31813
31698
150560
31662
31665
137474
470089
31583
31587
31586
31538
31515
31515
31445
31380
31335
31324
31252
31248
31235
31234
31197
31159
31155
31144
31136
31123
31117
31061
30975
30971
30972
30920
30922
30918
30916
30893
30843
30824
30793
30791
30740
30734
30734
30706
56746
30597
30536
30538
115014
30457
30418
30410
142042
30342
306373
30336
30345
30324
30326
30329
130834
30232
30213
30229
30200
146700
30083
30045
29960
29949
29918
429029
29856
583691
29797
29783
29704
29687
29647
29579
132330
29455
29441
384976
29402
151566
29400
29390
29384
29371
29370
29329
29306
686986
29236
29199
29193
29065
29100
29070
28993
28977
148252
28915
399453
68233
145515
28872
28871
28786
28795
28753
28737
28714
28675
28614
403104
28604
28592
286571
28515
28488
28494
28472
28461
314553
28414
28365
28337
28335
309473
67005
28310
28277
60027
28219
28183
28162
24649150
28137
28083
28056
28017
27984
27982
28002
27917
27918
501804
27867
27846
27849
27782
27731
27713
27691
103440
27674
27653
27579
87961
27496
27481
27457
27435
27423
27408
48871
27398
27393
27310
27300
27285
27233
27265
27231
27244
27225
27210
27154
27139
27081
27061
277032
26972
26965
26908
26929
251611
26879
26831
26810
26768
26731
26712
26731
26700
26685
26622
236492
26612
26564
26510
26509
26497
26447
26432
26404
26358
26335
26301
26287
26276
26287
26257
26253
26192
26152
26158
26141
26136
26112
122386
26007
25941
25981
25889
89022
25852
25792
25763
25744
25706
25692
25679
25560
25532
25570
83106
25521
25483
25483
25474
25472
25456
25441
25438
25405
25323
25243
25219
25193
25166
25143
25116
145471
25002
24988
24979
52767
24978
24966
24988
24927
24898
24870
24857
24832
24753
24703
24675
24630
24613
114380
24513
24495
24500
24476
24459
24436
24356
67593
24291
24284
24266
24279
24266
24262
24204
24187
24131
24102
24061
41306
24011
23987
23929
23928
23910
71690
23863
23860
23762
51053
23717
23698
23638
23585
23570
23566
107549
23535
148802
23463
23457
23455
23405
23398
143658
312912
23231
23213
23196
23169
23083
23115
23108
23098
23040
22972
103323
22937
22864
22854
22835
22820
234365
22786
22764
22742
22726
22681
22586
175759
22521
22499
22439
22471
22413
22399
113819
22313
22312
22305
333486
22241
22158
22125
22108
22095
22061
22054
22034
154399
21977
65287
21932
21916
21850
21850
21829
221841
21650
21608
21565
273019
21554
927377
21501
21444
21415
21312
21316
21301
308937
21283
21234
21230
179965
21104
21050
21050
21048
236505
21001
20946
20881
20880
20848
20846
20855
80172
20793
20791
20729
20717
20677
20639
20628
20615
20620
148685
20486
66626
20480
20435
80380
20425
20416
20402
128058
20357
20338
20321
273651
107622
20137
20132
20097
74707
20095
20078
20068
20058
20034
19947
19867
19792
19709
19646
19543
98447
19489
19451
19419
19370
19287
19290
19244
19229
19243
19074
19030
160007
18998
18909
18965
18892
18881
18874
100852
18733
18722
18717
18659
18655
18635
18602
18604
18486
18451
18395
18394
18375
18229
18112
18057
18030
17909
17686
17517
17501
17489
17442
17427
228414
17327
17264
17260
227436
17189
17188
17164
17147
17137
17147
17127
17118
17114
17095
17058
16957
16951
16826
16790
16630
16527
60957
16342
16241
16251
16260
16256
16200
16178
16153
16127
16104
16114
16040
15942
15885
15809
15700
15570
15560
15558
15519
15525
15446
15301
15290
15201
15102
15059
14987
14945
14937
14831
14769
14760
14645
14641
14646
14602
14607
14553
14537
14393
14415
14377
14308
14290
14151
14136
14120
14088
14081
14064
14071
106572
13972
13957
13838
13742
13720
13222
13174
13036
13003
12872
12710
12621
222946
12465
12357
12350
12343
12300
12040
11977
139953
11827
11680
11626
272986
11393
11281
11251
11179
10925
10827
10748
10747
228538
10717
10717
10607
10590
10570
10486
10409
10172
10142
10094
10042
9906
9825
9817
9743
9552
9422
9282
8882
8774
8762
8757
8414
8146
8136
8068
7972
7846
7397
7267
7239
7116
7053
7011
7012
6959
6955
6899
6885
6536
6524
6384
6375
6366
5960
5937
5911
5878
5864
5797
5694
5688
5667
5575
5523
5487
5471
5430
5336
5185
5107
5090
5090
4760
4695
4561
4445
4444
4428
4413
4295
4285
4152
4073
4051
3929
3885
3873
3855
3773
3750
3732
3664
3610
3540
3535
3526
3501
3348
3330
3265
3133
3125
3115
3089
3075
3048
2951
2946
2934
2936
2931
2925
2913
2894
2859
2848
2829
2806
2783
2709
2745
2707
2705
2697
2623
2605
2587
2541
2518
2495
2484
2478
2443
2399
2395
2373
2360
2292
2293
2285
2184
2178
2176
2163
2119
2077
2071
2047
2040
2022
1987
1967
1964
1956
1932
1817
1816
1653
1579
1573
1532
1525
1511
1398
1378
1287
1098
1097
1063
1037
1025
1010
1001
132385
220727
151303
261621
134409
180780
232147
206371
116159
439668
565035
169690
341971
75745
226986
181655
348198
128745
148564
43570
59253
74681
112793
320329
79035
213773
57549
281143
160580
460770
311968
352499
522522
57943
91927
52297
215821
30972320
221936
281360
174192
210671
212992
100194
145438
55056
302442
51061
158808
108667
82984
148530
324322
150348
35821
311290
143831
194553
183749
359653
248439
61608
264909
151808
42741
133418
249882
342354
293592
21704838
376627
235630
249163
279226
321281
490622
276780
27273
220837
192022
353511
372237
326433
282577
410308
272987
105269
586031
69630
143858
325125
130320
30145683
327596
88703
404402
220705
571879
346529
90042
178424
141706
318216
411606
278939
112080
114134
197057
60670
343592
228336
278980
291297
321060
115656
115683
80375
177822
670388
147133
222469
425629
114002
152655
89509
111972
373331
337523
602031
128658
35165
138726
82689
77827
147599
199955
115129
318313
220802
192350
71021
426607
77598
139829
119418
209564
391507
250475
40293
254769
186563
154203
117833
135683
239282
388032
619647
402231
134012
334653
199669
200175
317429
337533
158144
180276
142801
190896
130725
290235
167780
383895
167626
119602
170753
133092
154206
264432
147339
434067
347218
84092
388913
193280
174049
358906
344127
222029
203134
385719
56239
491648
206424
164206
566333
32162447
253037
148796
269310
112421
50309
135603
236359
161157
221767
49206
133904
89974
699952
342861
624309
729739
215783
514144
299966
104116
406116
94596
119972
318082
207148
24881768
83059
280520
93990
206212
405348
122840
66215
103018
96690
217156
331663
299745
117995
778425
202189
354301
154477
180251
187128
684759
206969
292500
249304
289149
212426
267735
277861
430968
218155
218773
292978
241595
137636
79936
239308
159780
44448
247114
252331
77120
256541
78473
224652
39560
277500
273795
148574
329430
168967
314373
202426
206403
88147
276966
240254
80751
511463
131137
179813
137176
120421
27210704
315945
203729
331869
312086
176506
229625
145059
444192
511081
319947
246272
327374
93290
54912
55494
15359
54749
267462
159749
352672
40398
60205
162486
73260
16741216
25341332
25842354
29567185
17107477
27230796
31153634
12332728
19440187
21234157
