53964
23306
26898
60992
20814
11700
54858
23284
37631
25382
13934
27410
49080
83033
25373
27486
23709
139586
53142
24290
16863
65269
56030
55055
19501
16637
66372
28700
41177
15007
70552
19832
67664
22401
37605
25419
18164
34923
57384
12612
34259
30378
37849
55161
29184
217188
16376
87225
53841
26843
18517
20164
117555
34281
50384
23764
82186
31733
62789
25349
29398
26650
26091
15407
32741
23191
83998
17579
33274
33776
46192
35571
20797
22896
22412
50057
21394
27442
90591
44710
30695
37064
25384
52750
25169
38795
26960
14300
35171
33113
19731
29482
19077
19230
7588
53016
25079
18121
34737
54883
17564
21231
37248
67545
58653
47064
20717
31268
73218
19090
34762
20899
35296
67888
25265
27076
38132
39580
66106
94696
43568
125949
25220
47119
20367
55924
23742
57809
71706
23379
12382
32614
19181
31785
151411
24597
20430
23114
24359
38684
39486
36964
84904
34561
24560
22690
100839
14201
16700
19063
38236
49538
97810
20900
46328
77938
21307
5688
34926
37860
24029
37395
15669
27153
164679
27856
19743
30413
60713
49928
26181
28606
60046
20624
42953
59589
24560
36393
43616
17628
14359
35495
25913
41395
17519
201576
18215
30976
16006
19990
28589
17060
34277
49602
34303
22076
24011
29091
73852
16047
66276
20739
22739
38198
28346
23126
52690
13397
33614
33113
14680
22301
54259
19239
125675
37760
32998
23793
31151
33346
31800
36880
13162
24439
43837
51590
41553
36583
26971
54284
53522
28544
17136
119924
23377
20528
32964
19884
46416
139780
36082
21357
24948
42549
18187
114323
78140834
19189
24804
28657
28493
26045
20386
23400
12124
30603
72798
67683
57135
20934
12836
30132
16425
20255
28623
22143
111441
61205
45942540
18806
62668
72442
30156
21032
25626
24390
27060
36071
48014
108663
36203
23252
12029
20077
53566
25556
7455
86373
29226
30863
46220
30903
37975
44614
44886
33043
26381
12644
33074
26436
20433
37963
17504
39569
25870
18715
33744
28279
34244
26279
73991
78506
44850
21708
21019
48155
13120
28665
68579
19334
21204
26959
63407
25839
23522
47489
43103
21847
24821
43946
20774
44271
21292
20471
19943
27312
54145
35159
48250
10561
46547
20780
23432
13892
125611
57662
18741
4035
30151
18024
3232
23229
13553
46900
64209
35667
31968
26056
22983
100215
32857
22393
18327
82160
45279
58886
27135
20943
23115
91213
23083
22962
23389
33488
49416
23518
26237
29256
30929
27465
19490
73400
15011
41681
24130
34601
39991
38438
16084
17591
30474
31264
19996
34367
23961
28588
37271
88813
18998
46573
23509
10837
173401
24335
47063
15781
55077
21534
91885
32698
23374
20275
37813
26691
38973
19334
26448
42421
35742
21275
19983
28516
10125
23169
34256
32320
41595
21435
34931
32894
19998
34247
15023
13553
22264
27580
41222
21285
54425
22566
46178
41105
29282
65831
21231
54471
15243
19007
41030
29160
31637
23179
30767
15892
15038
44189
19393
32292
20708
38025
25040
22061
15599
104687
76327
17129
34259
35119
90730
54392
25092
14930
21723
25238
24355
20518
35107
43460
38124
21323
25948
33592
19562
39423
24932
30764
23084
18370
35971
48563
37703
20874
52065
41739
19347
35073
30188
21568
27041
53970
42367
57541
74887
22210
40588
19144
37722
38314
37949
49949
77955
88433
22343
116629
23951
19623
27201
24938
33539
15198
16394
17082
43003
24733
43463
41186
17422
40047
19205
21637
27994
41655
19552
283657
54668
26438
20722
17988
240870
25266
53767
23159
99545
26515
19176
30823
16820
25174
14737
43329
25124
44888
79733
47819
20577
40090
42364
23864
23682
58768
55798
44483
43317
35110
30724
42050
12365
13264
20082
18048
41929
22089
17272
58767
76852
59445
13953
43834
10269
32696
22868
28397
22530
11662
34841
18194
22416
10419
17479
34987
70227
68183
32770
14007
24268
76069
19580
34492
15036
87490
74190
30949
14287
36702
20632
39967
26210
19507
66388
50775
67534
126844176
18347
21566
48848
22797
23733
78211
38304
18606
21650
22914
28553
34103
76356
35514
32419
63233
81392
17528
14060
79117
19332
22133
34687
29501
46417
18460
35424
26039
28085
18048
27840
16128
41093
62310
117031
26836
121338
27231
26939
38376
23337
24009
31046
30411
30016
30499
113113
15272
66362
24737
52591
14881
17148
28580
29015
37170
25201
32503
42778
21551
14921
36993
20312
11615
88531
21077
10909
30855
41160
27516
19676
20888
34709
23457
4039
24306
20147
19476
170676
42244
23709
81866
53905
41184
17341
19897
28157
22179
34738
20647
13139
35351
29074
20989
24665
35041
38718
14021
17261
25314
106986
44982
44529
54704
48140
44911
33279
20519
42762
18145
46467
102683
28965
40900
19776
17329
66760
19634
24826
34652
13615
95914
14426
29148
59384
20777
26368
19543
145682
14884
23398
34205
36034
46635
19056
30296
67635
24512
21135
30292
23612
19685
19720
32694
37405
15143
28838
115396
15609
34104
56672
21175
12557
29739
29212
25796
13226
36387
25473
53807
29730
26227
63837
29282
18273
19726
21739
124867
33074
144249
92168
64548
23080
21606
55868
21920
22662
14422
16159
16510
16584
143135
25864
28503
34172
61910
33046
30230
30516
14970
130376
59719
33572
19673
24278
20014
60935
53447
44833
30146
20868
58352
54181
17535
34670
22640
19787
23616
55486
26609
31469
25028
21171
24396
30866
37701
18930
66103
84632
16481
21852
23906
20629
28915
35346
10196
56624
76839
41381
42114
15630
56522
21651
31635
23461
70012
48567
42388
59862
38218
22453
147257
43306
23872
63823
23857
27443
20200
22231
14963
35536
109740
19453
50997
27674
14169
10994
76875
31283
31964
25076
56684
17167
30347
32876
17272
22728
34406
26194
22991
37478
49130
99891
21752
19267
21924
15494
61102
37868
75008
39501
18149
19714
21566
51756
18357
55818
28041
12237
8024
22222
22418
50349
74678
28064
30829
17416
15913
22755
21760
16542
52113
35864
54828
45814
55835
59223
45141
38218
14452
26808
23685
16690
28778
29952
52718
56951
9295
29047
31020
45302
32329
29911
50833
20760
72828
23142
14875
47155
19955
16404
26958
15924
29427
20753
34697
19337
10774
24643
35678
23730
28818
23106
72250
121642
22374
28555
35484
54324
35693
48917
18766
26504
14606
11432
59211
19013
54677
43568
50284
18369
29076
23851
32155
8814
63652
25029
79789
25442
20546
18928
61545
17518
42018
26584
13920
92807
23404
22337
58869
28090
36230
38825
11087
73283
11017
46450
28697
20226
18378
34195
28198
15405
24305
30102
26473
5981
22072
41792
111846
68121
39756
60330
24856
26046
46318
24903
18067
27830
32719
44632
31433
25123
45422
10764
39345
19822
37518
33932
18544
34407
52333
27402
18889
12247
13158
57517
20297
17195
14012
124638
28468
41235
25516
13717
16317
20433
12088
24244
35944
53331
53593
29380
38109
17956
31007
25813
19128
38360
36377
26906
25472
26180
28444
40638
53532
37221
59070
29453
28008
50398
48780
25282
18325
37859
28838
26691
49781
33098
28973
45808
18039
19846
24280
22123
15456
15776
17940
42807
24334
19491
22282
23216
28314
21049
20532
25071
21559
35721
16282
28050
36195
21966
23683
19695
11190
69987
11913
20314
17795
16957
21206
21766
22092
13911
21975
18819
48249
27831
17670
29496
19086
21388
12870
20552
31902
19370
20973
72681
10943
3454
13569
23714
10838
12291
23830
18371
10163
21706
15334
2276
12041
18258
50361
12039
15637
16746
10370
20320
13597
8742
30382
10915
12367
14817
17256
10903
11562
12189
15594
13400
14290
10492
3332
21189
14491
18182
13358
11372
31241
15589
15913
13378
9664
17195
1370
3980
18521
18307
17978
12816
12816
27063
16314
17876
2497
12038
11782
12083
2021
12781
12561
3339
10821
10376
13368
11238
2251
11446
2445
13146
17011
20879
11951
14334
14105
12527
14463
17051
6642
7784
10976
10101
10544
14650
11035
11166
1530
11539
1536
10075
3867
10810
5969
12729
10820
7572
11599
10555
8735
11034
10184
10989
6193
9040
12025
10578
12453
11683
14492
11157
10375
3285
21534
9961
11720
11323
3517
2865
2985
11799
12934
11801
11291
2532
10934
15079
11708
10191
4469
11976
8850
9537
3485
4738
18664
4839
10440
14324
7008
3177
13330
13380
8103
10995
11671
12894
9688
9909
5621
9791
7657
5125
1514
11846
1821
5843
1531
11056
10958
11066
10583
6225
11213
3154
2775
7167
2488
1435
9551
6070
9673
11163
6162
5719
6334
10561
11873
12703
6389
4953
6302
5264
10454
10761
13524
13495
12278
7807
5788
4393
11603
9925
9578
9528
10102
8704
1989
13343
2640
10650
14028
10059
12319
2241
1340
4539
3448
2091
14868
15218
1426
10108
11615
3688
9057
5528
5049
2039
7613
7230
9577
11530
3018
10094
4171
13251
8159
10144
11562
6963
2501
9765
10345
13837
14895
12725
11790
11000
5497
15201
1695
17037
10653
2019
6712
11355
6910
5089
7525
7032
2869
3312
9841
10853
14706
10820
2942
6477
1509
10781
7473
13688
8932
13517
7378
7045
10844
10034
11269
3890
15604
12308
2992
13075
13256
10736
8574
1880
2989
10775
10382
9393
3089
10724
10290
11775
9624
13175
14889
13369
7435
8266
12841
9364
1983
2450
9820
7980
11480
10073
1451
10069
10061
4584
5114
2898
2904
15425
1775
10465
3367
7721
4280
1715
21688
13602
12868
10782
3453
12262
9892
6482
8184
10093
1480
7937
3309
15463
5223
10344
2695
10878
10317
10197
10861
9980
13568
1788
11119
6132
15645
13935
11394
4192
1671
7092
2718
3142
8628
9833
1152
3313
3819
16818
7463
5687
13994
9934
14987
6737
15814
5542
6333
1468
10718
4985
5448
1866
9083
5207
10968
3911
11758
2049
13783
15295
5005
3573
7556
5911
16009
6817
13150
14727
12129
10507
7628
6101
9366
7060
2126
12605
14459
9360
13627
14792
11002
2098
1994
2998
6740
14707
5536
11657
13569
9554
2345
11392
13951
13205
3023
12851
10505
12332
11525
1257
10348
7560
13664
12938
6309
11010
10448
11962
12092
9522
11023
9607
11118
12941
11670
5390
13701
3123
5030
7888
8832
8403
10647
4094
2644
8403
13844
4203
10686
10976
8797
9820
10534
8421
10271
1317
4891
8122
1375
12554
3037
1393
11893
11457
5045
8177
11416
10664
2048
16467
12050
12282
8371
5185
10627
10062
4262
3710
7331
10690
9263
4767
10817
15018
10635
2517
12563
4141
7246
6487
10887
2395
3318
15751
6914
13248
9855
9616
3101
8064
12028
16832
10782
3407
9734
7437
10908
1458
5940
9060
13152
15238
10859
11562
6217
11379
11142
4058
1592
8895
10546
12894
13454
2275
10408
13105
6734
9373
13507
12395
7150
16525
10927
10465
10814
12935
3029
1774
13084
11199
8134
11670
14252
12490
1724
10248
8986
4389
10765
2050
10536
2554
5553
4662
13386
11019
13474
11081
11070
7951
11835
1556
11532
11384
10101
9735
5420
3576
11906
8665
8874
7154
6321
10127
3737
12002
6948
2256
12168
12235
10463
3799
2988
9889
6826
7457
9962
10407
8049
10691
3008
11401
10511
10286
13020
9611
10208
6288
10135
11402
4639
16322
11325
5598
6367
2280
12883
3055
11014
13938
4190
4713
14751
10667
11640
10177
39909
8150
5170
3144
8274
10306
4002
4707
2571
2729
7775
7640
11154
11167
6490
10027
7441
3467
1590
4531
9181
2916
5071
1410
3509
10444
13577
12859
1367
11181
10380
11398
2628
4812
10757
10451
3870
9902
8182
1152
6712
6709
3892
10466
1293
5969
7799
4697
6290
9416
6776
8533
10283
12181
5367
16720
11407
2722
9013
4236
5278
11640
7004
4760
6306
4705
5537
3324
4083
10337
4512
6902
11325
8669
3168
12125
7138
4713
11775
15663
3317
10811
1757
2605
16843
10119
9884
3620
10572
4622
12545
4642
1480
5876
10987
4431
7093
8135
1029
10872
5635
15877
13217
4930
10955
11337
7944
6580
11963
3342
8631
13584
5698
10370
15214
5361
1843
10792
8827
5855
7479
5519
3647
1956
11179
17508
9774
4610
4395
1721
2727
3935
3356
3787
4914
4452
7372
5438
9709
5440
8240
1490
10805
9546
7142
12028
8853
6580
11592
9684
4743
9411
9452
9696
12496
2805
3886
10842
11436
14849
6312
9921
5644
1286
11412
2210
10173
8586
7860
5536
11194
7159
2031
4298
12174
6651
12371
12447
2178
7230
1760
9801
3942
16282
12569
11025
4214
10748
3235
4078
13793
10623
9690
10819
11295
3490
10740
12457
9252
9280
10083
11240
12745
7658
6735
8841
8976
1417
10099
2529
4905
5011
2337
2932
2099
10628
9576
11904
12562
15575
5534
1942
8157
9778
4573
13737
4312
2308
10078
10498
5528
11363
4361
14174
9577
8156
7086
11151
13838
7621
1338
3758
11523
7162
10648
10397
2725
15479
14353
2265
14596
10591
2771
11509
15301
12914
3403
11214
1901
11290
1611
9200
4548
13116
13336
7821
7158
10673
12239
12727
1822
2076
16196
2172
6607
5856
14316
1268
13188
11317
8843
10362
12367
5353
4281
14073
14474
13084
6128
5803
11642
1825
4244
10499
9869
15074
9052
3090
7004
5589
3630
13869
13600
9794
10396
8622
11506
8245
11184
4929
10778
13896
13699
11485
12935
9664
7825
9859
9708
9915
8068
5135
6676
11018
12425
15535
13488
1945
4286
9898
4211
11334
4645
1115
11058
11910
11306
11454
13327
11009
10246
9979
3235
15218
13348
13625
10816
13034
3120
8847
9858
8557
14630
13456
3098
9719
3699
17121
12601
12540
4635
11291
12228
14653
1337
6090
15058
14162
11009
13456
1524
8853
4801
7982
13246
13858
8304
10977
15828
1930
12605
16917
10630
12133
10626
10905
9700
10523
11949
6623
8153
5952
5724
18770
10917
7819
8634
3036
5947
11911
1385
9755
14702
15150
11757
7907
9415
4067
1725
14414
6649
3130
10241
10753
3340
2183
10081
9610
3330
1927
6490
2045
3154
11333
11135
6413
3164
13192
11475
6029
8228
8907
10203
3291
10437
8580
14746
6926
4051
6407
5802
5342
1778
8189
8670
10014
10901
13995
8992
11354
10431
10625
1845
12370
2765
13226
3119
3723
3270
2954
9413
5424
7176
10091
10807
14228
4442
11758
12856
16835
6360
1615
13353
8930
16899
10885
5919
10252
10794
16011
12890
10261
9581
4173
13408
7747
11087
12121
3561
5419
11011
9595
17987
10427
2373
2253
10256
10038
9918
6389
1660
2980
14019
12964
4536
14663
13248
2325
16672
4655
10184
10540
10406
13963
2561
6224
13613
2335
7963
1151
4882
17696
4542
4104
11144
11227
9923
4991
13857
5790
10808
9772
14343
6795
12454
11806
7220
7171
5290
10908
4289
4750
11927
9959
11727
10891
2322
11057
3563
9141
15001
8062
5652
7643
11636
8611
2940
5548
6034
1079
1801
13579
6194
14858
10800
16840
1818
10672
9950
14066
13038
10538
1488
12001
6866
7689
5397
5795
12827
10035
11061
5540
6914
11751
5748
5540
6354
9098
9725
6936
14489
14251
14075
19702
2416
5632
3800
5534
11229
3866
11447
1956
13231
10315
13360
8083
12890
11700
1843
11423
11223
2161
9578
8421
13996
12163
7857
3463
8175
10067
7698
9631
11060
6384
11135
12699
17615
8580
1731
15077
10576
6267
18254
3651
11070
1579
10405
16962
14144
13837
7521
2027
3149
3935
9618
1560
12235
4294
5505
11363
9810
10521
10142
1206
2598
7472
11327
11773
13598
2255
14985
7008
7518
4742
1881
4857
4674
10174
14765
7647
9608
6621
5660
12207
5663
11407
7734
16677
4743
9177
11920
9804
12444
5633
9045
7245
1145
10392
3043
9690
14512
2547
9596
2000
6885
8128
7298
10082
11640
13787
1740
12109
6903
3615
6104
11186
3238
10184
11284
12499
13807
8099
5900
10687
10087
1919
11480
20263
6398
3762
14515
6004
10682
8070
11151
3785
11417
1380
6110
13674
12505
12464
4777
10438
5152
1724
8747
10487
10679
10600
5245
14322
4706
15808
4913
5411
14020
8351
11664
3740
12277
9716
2094
3492
3860
5051
12297
8295
4203
12166
4135
14459
10552
10995
12427
4588
9475
13299
13816
10258
11752
8783
2027
2312
11245
12223
10504
10126
6193
9574
1901
5677
3336
11034
6021
3404
12108
8057
12391
3543
5251
10662
11840
4129
10150
2588
5074
14283
1186
12678
9228
14051
9184
10910
14176
13882
5263
7812
2954
10781
1262
5910
4259
13142
8820
7767
9873
6261
11315
13220
12210
6350
13660
9383
11668
8518
11177
14554
10547
3645
3393
12631
1541
11865
10587
9383
10690
4629
13807
4664
4629
9012
10035
2713
9620
5314
17106
11491
10231
4296
3139
3607
12346
4547
11684
11495
13485
12703
15002
5550
5976
1839
4942
6225
8616
2485
4389
8185
12543
7000
1527
5798
11290
7757
11635
12043
5642
7212
10187
10938
3528
13650
1949
3328
12966
3274
16127
12566
10886
7649
5351
10656
7241
11353
6040
10660
10290
5639
12175
5478
11294
10622
5839
10297
4171
7646
9483
10043
5153
8835
10369
10494
7294
5334
2949
6040
12125
1623
8197
11597
10734
12585
3392
7359
4331
2003
2443
3589
5489
4969
8656
11958
13959
2209
11971
2253
10130
11987
3454
6541
11916
9965
8860
3570
2388
4750
9174
8613
3918
3679
11743
11880
6996
8652
15663
3437
10686
8010
2227
4324
4861
7157
3184
8648
3351
12975
10920
1653
12024
7507
6957
3788
6783
11276
13060
2371
11205
7291
11903
11223
10908
11335
11391
9396
4723
3681
7850
8819
8423
1536
5565
9177
6650
8232
13792
7875
4763
12728
8097
9434
10918
2021
11064
6251
7451
8043
3595
1526
9215
9509
11365
7519
15403
3433
14363
10298
3868
8342
10668
12216
12900
13397
8179
1947
2252
9975
2319
13846
7683
10203
5194
10524
6996
5780
9198
3566
11632
4099
8867
22603
3876
3726
5020
7107
1618
3945
13316
5196
10911
6833
11185
13256
5997
13010
13347
7293
11384
8741
7287
5336
10671
10988
11283
2418
8883
10384
2843
11499
8016
2933
10984
1479
1847
9977
5652
13419
4580
12451
14183
11130
13279
10902
10425
10521
6021
9437
11783
13631
12307
7315
6517
1888
1613
11512
11009
9294
4100
5956
1306
2921
9863
11202
5813
11476
6349
4344
10461
5013
6564
5253
1122
5638
3208
7231
2206
5758
7956
10513
5654
2431
9684
10578
15655
10657
12825
10247
10933
10598
1703
14838
11625
15165
10089
10863
4999
6034
7604
3856
6585
3374
7964
10805
2182
9894
5665
11350
6240
1796
12793
10143
10953
9802
11617
15005
12274
10200
10777
12746
8540
9677
2667
11689
16083
9257
2107
2629
11313
3925
13103
11185
2388
3103
2923
2262
11669
9225
6630
13743
3743
2228
16477
11418
7599
4345
2381
7330
8365
6326
5327
11616
6945
11177
4348
3174
11499
4933
6405
9003
12386
7234
8039
4237
12145
4189
2381
8612
8053
3268
7099
10766
10375
2236
10744
18061
6684
11255
1925
13465
10380
10332
2449
1294
10221
6720
11573
10115
11865
4155
1702
1318
2515
4740
12429
6370
5301
10926
10733
5046
1792
1730
10616
10697
1413
9685
7242
9285
10396
13910
4939
11211
2092
8260
7534
11436
5935
7855
15612
12421
4699
7839
8317
9488
2279
10418
6342
4116
12311
1857
9301
1809
11507
13645
4783
10244
9783
5529
1082
5782
1108
9621
1879
9175
1021
12469
6731
6911
7532
6922
1997
9308
6291
10188
12324
10848
9111
11141
11436
4806
4451
10697
1644
4523
11811
3154
11620
8172
10063
10466
16154
2184
11469
2639
13152
4673
9685
8503
6890
12317
6267
7984
12478
11981
10764
3343
10712
5436
2567
2047
12031
8411
10860
6967
8200
6267
2493
10779
10367
9794
1964
10879
1110
5435
12758
5191
9905
13067
4621
13219
11120
11805
3507
13067
2974
4301
1531
1392
10698
5269
13808
7063
3533
4281
8246
10201
10018
10132
5571
11195
8202
1777
13337
2352
3069
8783
13299
6223
3274
3805
13114
8182
8068
1926
4727
2113
3148
9804
6946
14944
11447
8876
5809
10471
3670
13019
9969
12841
13231
8297
10437
7815
5701
14852
2557
7220
4280
11949
10817
6370
11166
8301
6621
10663
11005
15057
3759
10924
8417
11630
16773
2314
5350
8637
3499
6202
5244
1962
4442
10848
4048
1996
7217
9738
3327
3687
10108
1403
11519
7478
7088
13783
5386
9906
10949
9444
2064
12065
1651
12257
9667
1890
5043
4524
9923
13898
12407
7290
10332
2477
11107
10317
7389
1393
4568
12713
2290
12299
2994
2969
3531
7918
14823
9004
14879
15152
5364
7775
4759
11576
6473
2363
1303
11311
4337
11993
15776
11735
5663
10152
3738
11425
10374
14006
2297
4537
4158
10023
4254
10628
9381
11611
6620
11292
13266
12295
11761
1949
7823
9650
11131
4346
4483
3531
5882
5556
2981
3366
3534
6119
4881
7515
9233
11332
6210
1189
1639
12701
10349
2854
4587
8327
10168
10408
6525
10375
1715
6035
12059
10716
8122
10166
11060
7939
10158
14640
6846
10185
9727
2015
2783
10221
6402
4875
7030
3921
10424
3314
2667
8482
11905
7404
9811
6167
10997
9154
5700
1434
12242
5250
4915
9985
1636
10323
3080
5418
2303
8670
2139
1911
16329
6003
2893
10451
3134
2365
11570
12426
4356
10569
12031
3108
3764
1892
10559
2107
10987
11887
11214
10898
4430
11267
1308
3376
4684
7471
10079
2312
3720
2400
4622
14988
2267
1802
3087
3069
4879
10770
13484
4179
9793
6982
11342
2597
11245
6508
1798
14966
9821
9294
2700
9763
2364
9122
6155
8146
12026
2990
1441
8324
12830
12171
5568
9426
11675
3786
3491
6138
6206
5619
1428
7644
6839
9955
13204
3282
11730
4245
2176
5443
1736
12911
12149
3142
6500
3983
3192
11866
9085
10654
11956
15245
2000
4659
30772
20657
13865
15356
11449
29281
13568
16246
29701
75608
13861
13346
17620
23046
79965
128217
58699
81652
17625
14222
28495
44784
59976
28375
35707
35080
131051
41813
109634
28562
22953
85725
15517
24414
18417
38777
122277
28664
16463
37382
14242
93179
18277
36540
14863
20057
21946
12842
29408
35169
52022
6257
17612
20126
12584
27710
15211
14297
17550
46527
4254
72076
20174
35787
54872
15925
42174
10283
17781
20022
212844
37396
14882
69553
87282
35952
142443
77053
83156
14796
109845
31580
9828
44749
38773
33500
33765
10988
26295
48701
39682
79476
44988
23621
28931
43006
20624
35540
56185
51376
29325
63656
18281
26057
56033
14052
21914
24584
55227
31192
39155
47118
25418
26991
48933
31541
32158
18289
34635
23334
15181
39861
12712
31424
8301
26300
21044
18341
37943
61716
28167
19426
30072
14877
22666
51193
33946
37146
30951
27799
39463
41242
91144
54943
65613
83468
45078
32041
55366
53734
42549
16780
60204
37413
31943
26776
36929
12731
17392
11588
9508
50265
52548
53424
16333
32429
16259
19625
28263
12672
54605
20502
27341
18914
41153
29732
24081
31355
12409
26538
30076
13962
30802
36184
22705
29598
16398
45196
40668
1885
27881
19183
44770
30131
28972
35491
17823
28013
16699
24251
7396
29589
94057
22465
36429
30254
10312
18128
76182
16315
58359
32816
17931
46369
23463
64934
30500
49116
117299
30749
92553
41482
24968
46126
28003
7254
13315
20052
58049
24002
136606
17013
46034
16074
20435
17998
32599
36718
31563
29302
18855
18169
21265
21605
16178
29559
97267
33220
111341
37984
10782
26111
19764
24643
57166
78639
50157
43515
80747
32117
10962
37772
46072
13942
24608
63962
35948
44090
14693
52953
19246
16017
67744
76328
47597
23855
30458
148445
39193
15437
20587
51194
27122
30954
17296
20627
28011
23609
19976
15482
65950
43240
32726
31419
36726
34969
34275
31699
12806
55015
11676
43386
34851
35179
41739
15943
28982
46676
37149
14791
45766
15211
14050
24682
56091
45948
53818
23869
16811
45601
72559
15205
13866
15020
36308
16909
15084
88504
18232
16877
24069
30533
58815
16461
18060
72957
35429
25581
14666
19768
14868
39088
98068
46021
110206
38883
21721
56271
90424
55437
13949
63919
50991
54784
57123
85330
42300
62433
30536
7330
33537
52681
148116
22252
43201
14988
37149
56653
31314
59197
49154
54979
17549
166591
119835
25864
30782
29005
86134
20956
11360
16563
18096
160235
67756
37932
18424
24577
30245
20520
27446
40068
53699
26141
30572
12138
53401
16318
12947
47854
12923
161911
78303
55519
30537
31927
35168
39733
32920
24346
73168
10623
29969
24063
17432
90569
12076
12076
19813
29814
16877
32886
23338
30286
38307
52081
46350
15682
35448
65811
21714
17159
41900
54944
13856
15826
15791
31411
44556
14334
42704
52330
38804
15858
55608
28272
65192
38263
33972
30009
23256
25685
14136
187555
47130
18705
14188
31640
48741
65884
65461
26246
34405
70869
35651
14786
28282
20947
14282
34786
16181
25186
17792
47710
16281
61602
123233
16544
40892
38708
31804
33682
37220
22522
14079
27477
71979
14797
20786
33459
10915
13995
51065
111044
33805
36270
38061
14830
23208
14745
71701
50275
94155
58378
42614
58181
21001
25354
160089
11681
25940
36601
37836
15845
20925
14700
29749
22528
28289
116866
12556
22510
25955
15960
48638
32946
44982
20304
13463
45686
13445
48130
29862
15548
136095
103914
37679
19885
20058
16533
23933
16315
90488
40672
63912
24618
31690
41198
37717
42890
30758
14307
111759
23603
31386
25541
20550
27946
41080
51222
32327
43937
75265
22626
55602
14691
19537
21612
16534
39096
22142
25547
15960
40393
18352
87236
13110
33193
16427
38523
34844
15514
18955
51826
37939
29743
28645
40111
42168
14583
17514
56681
77093
19334
19063
50737
70915
9667
17967
30469
67803
34112
25834
12549
23638
69429
18284
14994
39803
84158
55900
109419
19976
46323
25030
88582
30930
29242
48980
25418
20456
16528
19560
21694
137740
131279
16644
97383
20258
19221
65327
11020
12782
116731
97342
25495
89457
17302
16017
28414
31802
34552
43417
22052
14284
14425
13593
20849
50029
122043
33168
13059
45390
13747
25548
45040
59058
12725
62653
21074
36306
8558
21373
12288
22558
19279
65892
16063
23741
23594
28323
135087
33772
23731
35068
25935
46134
106794
19600
63124
35002
18371
40752
123888
12506
16615
182178
38912
63522
53183
14308
18188
20882
61740
58023
17054
47320
141470
42597
26279
12405
14836
22396
14312
21256
32787
41832
12261
24601
21154
14336
14399
54230
33721
44118
72648
48522
17158
23354
31364
71963
12740
13477
22125
164176
33605
20530
41989
1623
9739
24245
15736
35262
59803
12269
23895
15891
42384
18779
19873
13429
13709
30742
33316
72688
24059
39694
14825
14805
24257
14442
51641
30991
32884
34652
11987
25440
13223
55849
32852
13320
27361
28958
12392
54147
37607
55717
24639
99118
18476
129611
32601
50244
22000
30445
25715
17458
34950
31232
15238
34589517
54771
7824
57095
14715
39818
19313
35498
13292
16398
33525
19627
11949
51808
13310
14557
16541
35801
14467
41082
48771
46935
56124
6004
29242
23516
43512
34922
35360
55804
40426
20107
18861
34633
40994
143880
62266
17232
16523
16500
37774
14237
17431
12608
13653
34121
13198
16814
14531
18370
8584
25804
20962
80422
21384
67530
25264
20115
29589
20499
16585
24250
48341
10858
4913
18565
132667
14272
22550
33835
61142
81902
39231
13804
103793
14502
15353
11229
28525
32581
16870
21424
11186
7536
88165
22952
34006
23811
10318
53572
21161
28204
35452
17984
18529
25043
52540
36151
1108
37947
14434
65718
29527
87084
17512
24970
26700
32529
32979
9798
6325
11176
28180
37367
9633
32848
84022
30694
212945
42942
20267
12215
35985
32930
15027
26189
16817
32614
14776
50896
51821
30250
34786
27351
73678
46891
30138
21662
25190
37707
73336
19234
16122
23190
33831
14970
15634
27030
20420
20017
20439
66853
18718
66020
47213
56741
21783
39578
49056
77170
57021
17120
17468
34898
33930
34730
19792
21957
11977
15840
12357
46138
32858
28757
14899
12657
118883
199397
89894
32331
20812
11005
53268
25747
43571
28017
46434
139567
42352
38398
17783
37904
25830
88037
17409
15519
69821
12795
19783
16581
16284
13835
25738
39429
38394
22138
32712
29042
29874
42648
42889
21628
19230
20547
30390
21847
32708
24294
16075
54411
116213
26640
25737
34705
26173
15979
33347
56870
39125
23647
24638
44831
19922
13978
54898
44371
43349
25686
33193
63942
34268
23710
39806
27452
29700
117127
20983
11602
15731
78113
17483
33820
55104
17282
20058
52877
23823
57031
31378
67868
14455
28174
17504
132029
84387
135773
89828
68215
63438
21388
43112
30997
112538
58728
96812
20196
63959
238820
21758
19606
50641
29798
14199
62492
12457
20640
31576
13797
16843
11248
62013
14284
27281
21550
146254
48910
15976
17907
13657
16793
23265
55584
26603
12547
15776
18414
21320
23815
36575
47717
38545
37356
34266
155351
37254
115862
30173
24830
47562
24431
36419
81658
24558
21835
39283
58946
64602
73259
31509
57904
23153
72206
18851
18360
22753
41717
21015
25688
18953
32695
12029
44744
15976
69314
19280
16063
14230
47660
69822
38060
28594
69635
44289
26943
43123
16102
167507
30654
36174
30394
55422
35600
85763
114087
47368
33744
42688
27529
33847
39927
47726
29263
110935
19010
80807
30616
48132
89786
71029
57091
33970
22713
46301
16104
50283397
51304
28291
39019
38676
59693
55771
27873
34699
39475
123332
63864
35194
144609
22939
15107
27683
80798
17829
20575
77327
26103
32018
10852
24627
34626
50214
22511
13798
28460
72989
24589
41936
36456
26089
28434
18833
15118
18736
17068
45980
28673
21199
14692
61794
64735
41647
14166
12993
21250
34531
10311
26098
49219
125818
21408
26408
18400
11661
29972
30775
54029
14371
34882
15586
6611
13993
28217
30767
36949
22168
71399
30677
55381659
14038
25839
8372
68177
15175
23608
39248
31929
51240
153648
127347
21411
7310
16990
13078
22206
81887
15248
55450
51892
7374
30504
33042
22667
54802
20527
41445
39538
59329
66173
17395
36535
92671
59221
31705
29555
50561
12111
15597
20037
40429
30704
25516
36157
12578
19040
22919
16978
17449
25061
35041
60573
31551
34093
18543
15869
13947
48201
23230
74467
41270
56848
17911
40542
48347
65443
15180
45064
12402
42950
23804
59342
92533
13639
14010
51915
16803
67650
7999
14482
19380
31943
24818
83654
63645
29060
26491
40646
16919
21736
17711
16060
14074
16641
14927
18863
22739
12151
25839
31408
45662
15294
40280
67862
23192
235578
32750
78822
46321
33820
17487
42606
28733
70023
70448
11918
30027
29451
17341
20011
18962
39889
31100
16788
20606
14377
36742
23620
51595
67642
30837
30924
28087
199434
66107
50669
41950
30740
53053
25302
40026
13945
11750
46201
53389
11022
50398
56594
9714
20373
43521
13373
14165
13349
17612
52740
22170
16572
14730
46424
47592
75426
100489
45850
23500
28818
33304
22919
27971
17730
28079
23035
22437
24945
46207
18240
23619
17623
7042
17620
23345
21308
24390
43256
29893
41261
26254
33682
57198
46328
111752
40870
19249
19115
59681
35337
86180
13514
78718
14259
35407
75208
103318
34202
26296
44539
27526
18601
81494
14099
24447
35191
18244
37973
127387
39117
28348
51548
59190
28327
33110
52166
25568
54107
18129
17439
16443
63811
21229
27411
33195
97960
107444
15916
70927
29213
12096
51449
55360
18573
28987
12501
16141
79625
59137
33793
9317
22489
11908
23547
10212
55040
54473
21627
21739
15927
27948
20286
14168
48694
38357
94493
13592
38712
14732
80007
14135
25012
15937
37322
14747
71152
24216
48769
23075
34491
27544
16781
67449
63914
138840
100800
104248
20446
34298
41595
96224
55685
110895
64524
77606
14708
19628
26231
33344
18965
14748
21510
30297
16286
37291
14899
14669
33128
42780
31266
72971
19491
66835
141140
69356
52613
50747
77152
16734
24815
16509
40857
43037
30297
25788
18171
80152
30792
14261
16353
23768
46543
36849
37900
53485
31365
37903
31520
55489
22945
15843
33715
41402
16142
7325
23877
61448
47645
7861
13030
17152
30719
27468
48349
72747
36396
44335
101926
18177
27759
54268
9701
27816
50025
155283
75794
33041
31494
66570
23745
18406
30842
25059
19766
30939
29469
75433
21100
10744
13211
23315
13340
22435
54537
94991
104692
68677
100856
43088
18514
26755
11299
12807
23120
50070
18805
42660
15407
33753
25999
74593
39338
22297
13396
1945
28310
57444
11444
78085
36429
122574
66960
21628
62717
108446
43622
22833
63836
45984
47848
28311
22095
19691
13698
13080
70741
32613
31421
78026
14133
62414
67609
15598
12920
19900
21152
143833
53815
22458
65209
41564
40073
15614
43015
16939
29274
15779
34177
27621
13690
100958
76523
21171
20249
1213
51337
15432
22904
29832
26046
17833
20078
95642
30595
19645
20609
20045
24467
130391
58101
101526
13640
82593
24006
19206
28173
21286
61864
29656
13404
22541
18833
22620
71071
51440
45442
72069
46795
15923
47226
54329
26658
46950
29912
32783
8701
12115
22378
25008
29160
16715
32320
8543
16051
15733
77401
29382
23609
28731
27519
29037
38111
14291
20091
53780
67747
15650
26633
33184
49478
40261
20417
36334
63639
7464
52596
30254
76753
16416
57674
68942
50202
18284
22115
32945
18943
45298
15897
59521
58797
7821
28900
61201
6210
28432
18183
41394
13069
89131
142550
99383
23505
10322
19916
61949
12465
36314
19053
29212
58370
8658
39393
99178
15423
14803
24243
40292
38451
13058
20324
44696
75681
54288
35270
12269
27870
28568
36536
26228
14824
14333
14843
23109
84505
40691
22730
35150
120491
34350
22807
31127
51025
16696
18539
33520
24063
22506
47954
91295
128027
65775
74778
24770
27726
6776
30104
37512
18816
20572
54101
26308
25528
19001
70931
20776
92951
9966
22226
18777
29309
37137
14738
39626
13371
17018
11225
15721
51041
20888
36363
27437
24183
27692
12738
77771
29186
32603
18669
9259
23148
25752
60234
32004
52793
46954
45664
49043
15743
21212
19401
29481
16981
13691
22015
18206
17376
26899
29541
49320
24406
100767
32553
30024
9945
98511
28463
27491
20916
50055
48283
36936
11906
16535
22361
11920
43781
14474
34920
23826
15920
18385
32232
34105
36975
23173
22143
15947
20467
77001
3500
9164
27113
29423
55429
8732
166045
32329
31623
20911
53906
14336
46365
5464
76055
61465
20587
37506
80020
13807
93786
36972
24334
15553
29392
10983
18252
33917
11451
100135
29091
15116
54763
21490
20909
24249
31613
18299
67754
28371
43769
96684
30796
105665
35192
63717
23637
16136
45219
22536
12904
31454
26535
39098
73645
128953
38527
49513
11964
31330
14193
17456
16285
39839
23242
38947
67205
98034
4633
11798
58666
16218
18869
12957
97373
63174
28256
29421
21723
34826
165608
24566
8839
18882
23391
13539
18938
19058
52177
46539
33347
37057
8614
70307
24545
30967
22413
16986
17088
15275
50533
20510
29178
25824
21009
33175
14486
74282
14060
24158
22025
48752
43361
147374
19763
46501
19115
56415
29096
22134
20479
15818
36136
9422
20332
9937
28455
17289
51852
10153
23780
17363
24242
20429
45099
27130
27002
38290
32874
17884
14259
45209
21751
38649
16306
50269
70799
19896
34787
26598
22604
21259
204492
25737
36484
28545
16768
26984
28230
15715
17576
36052
14804
14820
38533
15731
11836
24323
35614
74451
20016
12869
12160
21139
17557
23617
63035
19322
108016
58721
29111
57776
45582
114055
47918
18539
20064
76462
11273
20972
15034
62616
32370
62481
77783
30323
92796
21561
17369
26824
12342
22464
14737
53690
24539
43755
13141
32606
17911
89102
62520
38266
36534
15694
52303318
25093
144979
35768
42917
66342
32545
48295
26529
32714
17581
14580
20961
25921
64851
20661
19083
20859
37042
33351
23513
29974
11058
25493
15685
14117
31073
13022
21315
11870
30837
32153
24398
46619
57722
100197
42171
24512
30522
43940
22518
31837
18125
31397
38926
18348
28642
31164
24292
17693
17974
39125
31437
14995
18755
21252
27684
15848
19107
138387
26799
16179
16379
44617
28043
20518
31087
60521
14683
13161
35473
18903
50092
26380
149292
35936
23562
13605
13561
90468
87733
12330
30840
19964
25674
34854
56082
299989
46771
18991
66993
28582
19197
31503
18627
16713
55303
46981
125252
16640
31648
61900
30293
13119
18609
12615
79671
14355
50728
39108
34553
8433
366031
16696
45705
10930
31360
16944
16231
16549
32928
64740
43414
30289
8614
20651
29332
33647
26181
52008
91801
109066
87961
53667
31111
33838
17151
30190
28760
35576
47881
48879
29379
13278
19070
22068
15150
32151
15977
77715
19892
16276
49717
130058
33449
45177
15532
85088
25066
24126
68040
35663
37373
31702
47287
45401
34037
34095
13668
58193
22342
61775
64405
85867
44146
23261
26568
50320
28973
66465
22260
18672
25073
86061
22171
14738
21644
14817
19297
20627
19014
17394
9822
22392
44380
17682
15730
22553
30748
58291
30751
49791
31655
60583
14879
31489
9474
12492
29929
32888
43579
31814
27926
26431
126493
2314
36048
43483
34629
45014
11405
15538
35181
20826
18320
33246
23301
20980
27794
18369
23291
85616
11326
31442
44119
20396
33376
12429
11616
23216
24372
29566
53309
10594
24505
47598
37252
42975
57686
21323
41419
44728
42950
21747
1559
28040
8467
73633
48838
13034
50910
30338
81901
102005
23989
52363
52589
21041
33285
41558
51368
34350
23915
26280
21654
23921
26760
40383
100517
32911
15993
25790
32455
15189
41544
58730
72730
17698
175097
23687
24553
67474
28430
41460
29003
126154
33218
82919
94529
42863
22471
39759
32423
29111
23642
22442
66245
35849
38442
50290
34168
19675
18977
23832
10572
20948
18525
13727
22248
52120
107606
23623
54642
12538
37733
40393
37560
20506
33911
37927
39377
59020
45733
57020
22151
47216
22847
33968
26921
183133
14050
15872
30608
15273
31086
44912
36546
43617
18280
19266
30666
31234
17857
25479
74881
18360
45242
26327
38992
25514
90799
16190
30845
17280
41691
20436
32224
30975
42082
25467
37424
77127
8970
37104
7137
19673
54656
20555
24258
51353
18263
6919
13145
20934
20343
14931
27549
34923
59541
7011
21696
27141
45941
42373
56346
31015
30642
16924
23565
38280
84202
37360
16178
18860
26721
32517
42208
34627
38791
72119
30338
17886
53450
31491
15710
52602
14277
16427
58806
11915
36958
12078
17291
29561
35871
19121
41496
51932
53390
87151
20128
31487
21860
10967
44787
40900
89547
26847
41454
72414
36628
50473
36753
66825
36854
25425
35020
113287
24018
26152
2644
34218
78303
13069
28666
55192
20860
65881
53273
32669
28579
56784
29740
34582
17931
15420
14660
23131
16821
22413
20626
20527
24136
23422
38267
19975
72557
38481
26893
77807
15602
36806
19002
13563
24983
10993
17408
32726
13328
84561
14379
34695
15298
26362
23030
20164
216758
36547
29724
14846
33758
26990
21890
17846
46666
53452
41779
22327
37832
26333
19891
35792
23736
25784
43051
19421
16433
17361
2446
20350
39311
17016
31820
26825
73355
11969
35014
20752
19386
35339
37288
12476
69363
15845
39707
25000
23427
28073
16270
33570
33052
3976
20152
15127
14958
27223
17063
15652
52863
18504
57336
22814
11937
21087
52884
85364
29425
43366248
17386
36170
56325
17125
22881
27448
14440
20512
43767
11901
30158
19236
53282
20393
72010
20373
27624
27252
31782
80749
90498
83597
30194
23796
19784
23023
27740
88368
22707
4131
14066
20372
26407
29447
76037
64529
14508
23688
10955
20089
14319
11706
27833
14326
97990
18442
36320
18528
13439
85210
30177
37363
29432
21009
33510
26569
45092
27804
46318
12775
12750
14581
25734
14767
12751
14511
5490
22463
16410
14067
19277
41899
18042
24451
22176
53443
20856
32411
24669
30769
23559
25053
24100
39589
25164
27379
20344
17803
19004
32440
56511
39421
27835
22082
13964
17520
43611
17705
21078
34278
45168
21917
100143
38565
5011
20509
14247
19508
21601
59272
18291
16983
16191
21707
16296
57975
13211
32978
50086
22380
108135
42823
17429
28229
36740
25204
36948
48945
9302
40505
17935
13155
18217
53594
62916
29538
49911
18530
24868
42509
37687
34138
14414
25382
106250
58828
21484
18108
20693
27795
13836
15686
14680
16536
39300
65064
41697
16193
24380
21138
60772
17090
36730
21420
21786
12832
27721
27611
64037
29020
18561
11745
33455
67914
14315
27751
58033
33216
37736
52211
29970
22631
74666
20945
84735
38061
62961
42411
20082
25025
25800
12333
31422
19089
34343
48703
15674
156406
25366
42274
14683
65566
14463
25602
47954
30465
21462
25222
21953
15565
36556
34441
21577
35592
30798
49280
61173
93527
33595
13864
17716
22850
16577
14013
26747
73103
19111
43031
23377
16623
19324
52037
34567
26163
55954
52450
26536
27302
28192
33962
110299
17121
52265
14397
23436
20829
26635
20846
23642
18129
18713
14955
22462
85331
23886
26096
19950
12960
42174
40016
62038
20786
5620
18531
58629
49054
17508
75510
43029
82263
7105
30062
26443
48334
18296
13660
12379
12564
16867
43708
29571
41095
9119
22129
18444
20437
17769
13388
14406
28993
21251
17354
13045
141781
45580
78954
15563
16263
14278
18489
26216
45259
25546
39510
28505
54596
6969
19573
14977
24621
22940
44726
18562
20875
19398
17411
25076
15978
73578
41193
41652
20977
5778
18327
9079
13095
19621
68493
22504
110144
91259
66009
53276
79338
18370
20136
39799
13015
34784
19931
24463
22268
47460
22581
6821
46274
38538
41265
20026
67297
77721
35183
45785
19185
37170
11985
23659
25906
34347
29733
16763
20579
17860
46092
63291
17383
66955
86456
70362
38737
9676
29197
15684
41162
128263
63145
15742
82646
13389
71306
16673
24387
59510
24951
17738
23303
73265
16954
37900
20283
10486
17658
41826
60854
29153
25957
14370
9559
14064
15314
15262
31140
36436
23043
21343
25012
14995
17144
16495
18087
42948
35890
103598
34990
8938
45205
23031
32728
15598
36143
28943
35277
24080
45488
54565
20762
43430
43405
43659
19791
34268
61292
48082
22148
37341
26891
20938
118590
42185
35684
48172
15999
24182
17872
33699
32446
26118
12385
17092
16714
40013
95936
51445
82733
39990
10317
27715
21545
1467
28221
13941
32963
17808
11984
17440
27421
29426
22580
67031
36494
45504
25127
13053
19941
1157
18987
15030
14277
39863
36098
74251
38493
35055
37073
42954
36182
61537
38752
42329
24369
73132
98702
19108
14443
12729
127260
16532
22949
39706
19762
22847
28937
20386
15174
27061
40033
29621
122617
18843
8174
23062
12140
2200
26520
19994
18879
30163
22790
49134
146516
15200
45399
9608
27482
11198
15763
97716
80994
17504
43978
48717
58237
26884
43232
30623
19357
18711
36280
23587
60285
18879
58080
82867
19072
59295
19549
59615
27725
26216
85482
16883
17550
24768
19087
27820
38447
27666
34637
194636
26889
28965
13933
18328
28594
16807
15501
26589
27656
19375
14683
36116
16582
19444
17772
27961
8867
35511
11280
14105
38747
62210
22342
248208
18132
14904
18718
29228
22322
12343
13887
21997
36574
18576
11545
21745
19056
37621
47565
24225
12513
20301
15689
52185
21054
76431
28045
19319
23188
24381
76962
42989
81550
15901
15558
37412
29158
44869
8593
39304
22565
14549
12794
25521
25548
119441
27750
47871
36492
36635
13214
30467
29688
22465
49609
19421
24262
21553
35779
29174
54212
30329
62500
18265
14291
20364
31968
22956
29691
39359
33150
72227
47219
23153
87986
16526
58043
123728
40508
28076
25725
105040
42101
19324
12227
14751
16992
13398
40793
45391
24899
37160
53297
35518
31437
54494
36079
46358
29161
28179
41084
44744
28953
10246
17463
28888
69429
28426
12759
44750
19019
55356
13843
54381
20886
68706
47229
14873
19987
38430
58651
15966
15182
29031
18403
15058
26242
16140
16593
58613
22094
21032
25930
9110
31990
25308
24881
18946
14927
39186
14715
95401
59725
24020
17621
32142
27587
67126
14773
40585
99817
25381
25574
17003
26606
57454
55420
48693
18256
37764
12343
12320
28137
27986
12253
37503
32983
32119
14804
17420
16209
19820
98012
31754
31306
59421
69626
49720
45893
72571
30912
53227
32952
18899
17055
27664
18704
25301
18650
18305
125717
20741
18235
19810
38246
14947
40674
49815
4275
55842
13819
18605
54511
45296
25984
3787
39232
32288
4991
11703
50860
36298
30491
48445
27204
18270
84939
23019
7706
17489
21473
15885
30356
14053
40023
79960
19565
34504
41399
12869
25967
23247
11767
21996
33817
41098
18504
24516
16966
38681
40546
59662
18060
9931
22120
80452
47711
32037
33858
22807
18752
42435
14448
17442
71716
19711
12853
22706
32123
40253
17863
20325
36626
27441
34152
46316
42318
35671
40500
30755
117992
16668
68319
34176
45797
36913
22028
17630
19964
15870
51119
21853
44630
23197
16029
20936
10827
23649
34976
18861
18446
13096
15122
49177
27025
20413
25638
15238
24116
27329
10732
18148
23629
23579
18168
21174
9809
58887
59284
28253
23281
14681
44779
15420
46381
57332
51829
76083
36247
33112
49229
9356
16295
66745
12113
11634
109267
48486
30927
24961
14346
30908
24214
14477
13269
27682
40416
26716
21662
11946
73433
19208
88190
23505
10111
33665
60529
22597
47053
41127
36789
16695
25471
18567
20459
46534
18441
38962
51968
12098
81052
13028
18309
12628
29709
44937
58616
36857
38413
18588
24813
137825
24956
11417
11626
14502
44270
47790
69636
35836
20070
19354
37569
12005
19238
11817
34737
26502
6952
20734
34425
30003
35727
13726
5877
42069
16273
71291
23205
11486
28177
13570
35475
72650
13579
74825
15099
27788
25531
27046
47842
21414
21251
19445
15014
28510
34128
22364
17294
18199
29792
54666
23808
45739
36594
27536
19002
20894
5373
61007
54309
23250
24754
25382
15387
17052
22919
21695
2932
25614
17896
18033
14774
55192
60470
44560
50798
53868
13870
22334
22180
38398
35129
13687
24807
32976
12222
33376
23071
41886
19940
16076
40421
22487
38912
4800
52169
11222
14458
94312
27740
74269
15543
19945
49060
19459
18124
106110
36632
19136
19138
28728
37621
10049
207112
31024
39844
26385
40789
7753
36145
42315
17027
97176
19287
17683
20897
14832
23866
47874
39368
22310
14985
19097
19058
19337
20459
32986
15687
23209
34699
23102
35004
56728
19338
28102
45011
61377
43564
9477
19984
20245
33361
17326
14878
25875
37583
35338
28188
26415
16735
18878
19900
33880
17869
30031
30354
47465
19702
24124
25673
18749
33829
15663
80744
28288
13251
17744
12813
13874
17106
15009
21671
13568
47994
19687
21680
28040
16016
83104
20034
14275
11583
46139
13761
29546
14530
29723
32411
27877
13143
27447
33183
48408
11812
13575
26992
14438
13784
14261
32932
11676
28247
41879
27791
58767
31798
17761
21626
13767
23894
54520
19553
17559
16711
12649
48185
16374
22989
42595
22807
19171
43139
36333
13451
24046
94044
61987
51299
25072
26592
41248
48159
234823
12081
29906
7887
15264
19593
20323
2741
14571
10047
30272907
88874
38481427
38298
33067
50100
148047
48342
29817
12674
28741
27917
14367
73507
45963
22095
41212
61026
51639
12715
22554
11764
25454
18715
21160
10526
30114
13245
23181
31893
21758
31753
47108
11069
13259
44737
14981
21943
21454
21733
27260
27650
45627
25909
38521
37858
10074
20373
29399
43210
13282
29624
13489
27308
25719
24663
19013
46174
38982
30463
102684
39671
21162
13511
66769
29211
13164
19533
18731
21133
44181
25514
74612
16552
20828
10940
50502
14457
23481
94817
86662
13596
57199
19167
102321
75488
64171
15113
7868
32937
32187
63330
16525
13650
17372
31334
18785
27281
56617
64474
33971
68876
27441
28577
70717
17717
28337
89899
141701
19031
20716
14034
17522
26124
12570
30315
59165
26910
22614
44499
26522
50122
35709
74119
15168
28121
33737
40542
31080
125973
16989
16721
23596
28124
25942
24523
25472
20483
27945
22381
37128
26404
49992
10652
34273
12162
19423
17421
30309
23095
28239
20548
29155
40495
42236
14668
28307
17191
38479
17663
29939
25362
30071
18347
24628
15141
23458
52702
63603
25740
24910
24310
16217
39988
44668
30914
137585
40698
25212
16275
26714
22874
31395
16943
22624
76228
31145
15224
25752
19138
87951
22992
19924
26846
18712
23023
53602
10428
14260
11643
30543
34010
18067
12733
47824
13438
16172
16078
22052
9056
31905
24781
30643
46449
26304
37211
15605
22180
28497
48714
58420
14287
43284
22566
12698
17363
45120
37016
32325
24044
17641
35036
16863
12721
18794
18923
26512
37140
7699
16455
36356
16039
28254
50951
14478
14243
15856
54909
12178
18106
16802
31211
14181
79213
41886
33868
126432
61451
40404
54195
37954
24979
18058
60392
116143
24342
46005
12074
54504
46450
17435
23947
11157
16405
51283
75930
52207
19605
20174
22913
23599
26399
69537
20454
21724
18192
55318
78092
29418
23167
36871
22450
34576
27841
10394
19568
20980
35966
35932
28999
13328
12542
38636
12435
22299
13043
12376
40914
66154
18150
30007
25692
14080
20697
15078
15014
55481
14596
18613
21770
36276
40005
26099
41157
32474
36348
97878
20092
37919
23905
21655
20932
66373
53423
32944
32378
29617
36486
129646
153084
55329
59028
36356
21476
29065
43900
21372
49689
53202
20702
13251
32718
52518
27699
41960
29467
21442
14367
64033
38254
43044
41810
46959
49147
21430
59512
78780
24337
78390
60490
21715
14392
31261
111772
13844
24690
16247
20454
13782
82860
21205
8796
38030
43448
64665
68505
21020
28704
29724
23564
120219
30826
19960
57391
64676
41168
22178
55742
33774
70918
13505
91770
57170
39523
40379
7381
24280
19033
26669
19841
26292
18798
22571
34100
12361
44906
22992
55581
18636
46295
25706
45851
105696
16345
16708
73564
88666
53135
28693
22098
18300
13940
17234
26260
21516
76480
17843
52739
31864
30574
11515
92093
25673
23495
13623
21847
7096
85634
29613
19007
81676
30484
29177
43779
19981
23043
74045
17211
9816
19568
14748
41119
23210
74111
32641
109755
13797
52856
21617
25128
11204
15360
58781
59886
26674
28375
17275
33508
67339
11262
20623
3648
20860
12851
23208
30679
31075
13453
40381
24675
48382505
19329
36802
15120
13910
2473
14294
20266
54435
26803
55814
20079
1598
15703
11685
9322
51336
16393
28814
29248
16238
14128
68106
10524
14716
59949
19339
12765
26098
22199
17498
84741
28113
13677
27375
19985
19475
44034
73463
12336
74300
49685
41466
23307
12073
28006
32341
22548
4867
52880
14314
21861
12267
15462
38809
23983
46585
19196
14722
31294
13900
56475
25136
54082
35082
80182
6456
25859
42697
41064
22492
93916
34243
15726
12713
16763
41382
58925
45244
33116
15759
57067
22523
27133
28823
20498
73752
8305
68004
62980
39663
32322
33588
26736
50103
60261
42713
14190
21588
15138
58450
16973
57182
13047
23597
78097
37598
59452
39397
24451
36147
12066
63807
14483
36651
50383
22862
24412
31631
18377
17060
36842
18136
30924
32444
18566
24094
51354
58659
100465
13576
16382
8489
31478
14881
45338
40972
111161
20098
42340
20480
18320
39942
28988
15359
15719
28163
46025
44963
78429
16893
50340
35748
90073
21387
54702
16398
15862
11471
75142
34186
42165
37513
33441
17399
12832
27592
25553
43581
14578
19523
45006
18486
106535
18416
124554
13604
39383
53316
27690
28433
14846
30352
17346
30731
35535
31442
46057
170010
29680
20761
18457
43333
66757
18443
115534
51913
28097
37870
25864
13594
35761
103524
36235
44659
32488
29319
16790
38452
36384
47395
32881
15728
13235
18049
32076
25842
26156
19804
42409
14534
71533
20795
28074
12833
20760
24419
21790
38852
24895
24182
74866
28617
14045
18121
8166
61842
47240
31239
31014
62152
31826
79318
12650
31363
33087
22042
8137
28602
34143
22444
20025
18507
13856
74591
22883
27105
29356
70290
98412
11444
33287
15950
11937
16102
22825
35832
43386
18358
32714
14870
34267
22317
20597
17481
39148
20254
19854
48944
25113
40754
50223
26449
15788
10058
15103
15188
12986
30826
34831
22913
19950
25490
35724
46655
12532
19890
20063
22936
15347
35825
66514
38414
19202
4595
26793
16290
5761
40061
28773
190722
20634
14422
62813
29852
28655
172176
35401
24077
23700
5501
56712
15126
21691
19213
40470
42310
25225
293305
47284
24340
20266
31774
23885
21683
51726
14748
39119
23555
14660
76273
43744
11227
43558
56835
21288
21495
25887
24062
29658
14711
32950
34792
28921
53207
44283
39650
30934
32544
13702
24029
28287
15040
24421
33318
13984
22505
46517
19886
28748
35455
37037
31920
24635
55614
73395
26834
37307
17004
19302
46651
26474
15265
20595
32971
49185
18444
18584
40256
29309
30993
29162
85277
26522
19511
33433
15506
20948
28908
16900
51859
13296
17751
26295
15493
138584
23136
39144
115169
17374
42182
12711
18422
20297
36294
48814
42199
28294
18393
12250
35907
66627
29785
21974
77946
56225
34631
29378
59867
31306
35308
23158
21207
14532
23561
33848
19488
30607
23682
17503
17214
52704
76651
40646
22232
31462
22199
18930
24167
47487
11102
28728
18478
62565
26084
23832
17620
25060
28864
14261
13523
29250
45905
19498
20966
23096
29849
19624
19567
113225
35628
30911
26441
28567
14840
30771
53230
36496
15200
27642
27707
100369
77000
21448
32435
30548
27604
14668
18087
6483
31406
66181
16185
21833
20237
111273
29162
62965
19834
15133
10377
16918
44009
42899
23998
17476
36738
41902
15153
15995
44047
30487
47361
14821
37717
29771
23572
15786
94775
47241
19527
41517
35190
48799
16148
44108
55621
89347
57022
23667
20177
29238
56502
139680
49935
32782
41851
21485
19629
23389
11010
22285
23961
28785
5552
47475
35758
45671
39572
21896
30125
15879
40880
14033
20493
37291
20230
24841
13868
27555
149342
61871
21291
35996
13672
15641
14211
48405
130977
71681
82834
15969
4959
34874
55496
30612
12403
40013
10388
35952
21942
15003
34874
13314
65205
69747
18322
20182
14114
49857
23153
28440
38327
24211
60430822
61334
72864
41615
58002
16902
101586
9941
52497
42934
21606
24855
32014
26616
17105
14436
10651
15897
54190
16059
76759
51682
28799
24848
56353
43428
18886
59749
12450
49494
12810
35312
13136
26752
33158
97121
54886
14025
104023
103635
24129
22112
40459
17071
20960
49924
39132
26712
30334
33360
22973
63144
36327
22709
27413
31293
18954
18704
17929
47330
13876
21932
14489
91849
23364
12046
57047
45609
1038
21981
32307
20092
40755
117515
65606
14866
24779
12689
16369
34747
28470
133662
16060
16117
26403
17101
19067
37170
14732
17377
16918
27112
75073
28264
40684
28049
22171
16159
14992
15645
19129
15324
13094
90221
24405
31674
28868
42857
27713
60126
19087
19801
23764
30654
19674
19964
15167
18139
47545
34009
17345
33116
40828
21545
99902
36478
19625
27621
21582
20032
57950
21906
11456
31071
23779
29563
44457
41543
39214
19893
31224
17419
24896
19860
18433
13053
28172
23200
33051
45204
66835
28391
21395
37107
17561
31500
8577
13194
39440
13779
17990
21038
16320
11167
23622
213088
13350
20417
38164
50200
10341
18220
76947
53441
18176
19268
11901
15552
42323
23808
16229
8081
17617
19306
14785
55712
18700
2597
22038
24689
25220
6648
15909
21912
19480
25668
14179
27897
24386
25813
14710
22470
19165
9518
31051
23175
17816
47527
78027
12348
22479
26445
22828
32869
13777
17030
14733
33321
23632
33013
27149
19954
19994
16557
11805
59889
21348
18214
18760
25632
113840
12245
32195
23855
26404
29202
27127
18702
14415
103155
45714
15556
113740
30860
18327
23010
16894
78113
17982
29868
12640
20904
24614
35013
26646
19686
36303
13480
19589
11518
13454
13072
53912
30406
19218
29681
11813
20998
25862
31882
28317
37411
27376
20833
28443
23836
38078
25172
20492
15520
36873
32620
67358
58748
79292
23630
21814
41946
27986
20601
158016
5684
19268
52278
22787
18563
58477
14572
16763
22468
11955
14410
21150
22074
24925
7386
20255
29432
6518
36863
14885
51063
19418
48459
27987
24399
12112
32042
102419
61870
25675
8493
17755
22476
22926
25735
29698
6202
8615
16044
28127
17651
24180
14406
16255
36297
29626
37555
15122
65697
57844
41088
160490
24657
16214
45789
38622
32137
23298
12385
19597
51626
24402
23318
50590
16417
11251
58247
12787
22516
39248
43483
15853
51202
50219
13501
101916
56707
15501
15872
19060
27705
16939
20330
14631
29695
15911
21560
26479
17554
24364
22431
18340
12826
18210
16574
29939
28660
5347
15295
22477
53078
100323
33564
13885
13169
19993
60274
70536
12346
25453
20749
19249
18242
10939
17183
22738
21055
16605
30014
26267
24080
75951
85382
179508
19829
17719
16067
40641
14178
112684
43952
44833
40184
69765
66911
13765
59781
38188
38210
35307
53266
10554
27396
30843
50746
20511
29359
12407
25384
77463
9530
12816
60449
25233
16305
10135
21183
32356
48925
35490
15174
20488
23039
16127
25131
10073
20417
32679
32821
31031
36143
15530
21165
49003
28715
48796
24586
10021
16647
31864
29771
111019
59987
33383
34080
34345
20267
21560
57530
47714
16754
36451
16044
20243
16204
46775
25204
38145
32654
23598
17626
24415
6624
21356
22899
15892
36104
28413
49370
18409
81165
15959
21050
68233
25799
30764
20256
15858
19531
17563
23921
37862
23997
50510
22883
66300
27520
59297
14514
43369
21125
56541
17342
33468
19127
26269
27776
42041
61531
56016
67539
23849
11301
62026
10896
18051
82670
15887
47365
16808
16971
19417
20606
27435
117428
20544
16779
3367
28317
31139
50928
27176
11266
49194
57992
16662
1368
39450
11752
14223
11393
39099
8172
39425
14789
21334
9917
35392
56223
37094
54583
21267
27925
21190
17176
58149
18991
102391
30895
64178
6030
45092
13042
54573
12237
23350
36496
25823
12116
17591
23315
14910
111989
12082
21193
37742
31701
15878
57930
11249
37256
31088
53182
16708
13353
15485
23545
23415
19573
19992
32092
10687
18962
38498
31386
45564
28091
27583
73098
20415
18915
29267
90181
17148
4645
27023
40019
33605
25276
21559
25234
16993
30291
29853
18053
29165
104219
13827
14141
21644
23900
34661
77780
24428
22763
13795
26796
16898
15376
34041
18402
24151
28912
37485
21377
14211
24018
19282
30694
89573
19646
42317
61040
30007
16297
37293
21011
14880
14755
36947
15968
22917
16107
74299
17678
39416
27149
20884
21368
115723
27519
30965
26882
7212
16293
12701
20935
43517
18639
30426
26456
35818
80908
31933
28191
23065
14507
20832
25259
43471
32201
11315
25655
34381
24326
24132
23946
13034
33546
119198
8579
16140
23409
36445
30877
17478
13684
25088
25785
20382
31739
16353
21329
34574
22296
21060
23754
31283
21922
44182
16709
33949
12178
14850
28690
37590
12428
14691
16317
14810
17049
39969
25749
29627
11476
21112
59692
38671
13894
25001
28957
22898
14236
19240
17444
12510
23064
22071
14879
13568
37531
75186
27379
20015
36640
41362
43565
41043
17331
52636
37746
32296
24422
28771
31657
29744
46896
37083
51785
28971
14922
33320
14921
39047
51521
13330
31058
19768
17527
35396
150321
14540
12943
13733
30443
16013
54054
31031
14245
23116
20397
18337
62097
16598
13507
40416
18131
15525
14867
14151
33374
12897
36152
24567
53162
27945
14197
43194
18048
21832
11397
15599
20052
17493
27230
16401
19760
7599
16444
21768
27250
30139
26645
26450
54364
23180
18779
39569
29821
32056
34636
15983
25041
55600
22262
25010
10886
18942
23492
25808
12999
14841
50182
32155
79816
26855
24966
24709
18459
54283
13832
18232
33363
13394
18700
24260
51019
118976
24592
22371
31541
16563
31765
23964
27147
98631
19614
24763
19318
32750
12684
15693
58954
17785
15126
45505
66012
13023
15940
14179
16238
21883
13971
34784
21906
18380
19062
12011
4247
41133
35390
32574
36411
28326
18943
46008
18972
21346
14375
47819
22362
44731
73921
30118
25863
31044
18882
19316
37045
8887
14091
52216
24575
18281
25347
12832
12530
27033
50225
16579
29016
52531
25893
9904
15062
33368
24470
18073
21958
15528
11648
16713
26381
31581
48130
59262
97528
13299
31038
16356
13839
13129
11424
12727
35343
11246
10370
19672
18782
22720
29766
32212
44411
7863
29306
4564
17257
99360
15875
24215
24543
17582
13559
14692
13206
5732
16155
16095
16124
26788
15171
8084
18620
21596
26890
24095
32083
10498
19626
28029
29692
18186
14322
77994
31437
23849
15634
37592
13987
30268
9065
30866
33893
31207
17129
23441
17999
36654
18030
21612
85107
18995
14042
15943
16380
15510
13055
30952
10884
34052
28301
10793
17344
53584
28153
37330
17619
28462
91577
17134
17945
17443
20639
27921
17316
21982
16116
38711
19679
32534
18948
80432
25327
26491
9667
40155
12055
22906
14659
36618
15082
26505
23512
32613
26063
29533
25814
16878
30306
62623
43411
18107
30119
17784
73398
28623
50080
32489
17586
38217
15320
10363
9495
16799
31899
30273
16818
10711
31941
17901
17598
30127
27580
19531
22162
11596
26767
7876
2163
3051
12092
10229
4309
13863
35958
12633
2152
57627
1344
1693
40428
3102
1292
3189
6880
1452
5060
1103
20646
48832
4217
55844
2869
1145
14476
12139
1690
1749
3836
1049
5562
1453
4611
3717
1496
3704
14854
32104
1034
3900
7074
2763
42012
4648
1454
1070
28099
5147
26256
1172
12609
1202
14344
9971
18083
1183
1937
15458
4178
2304
8485
27239
1667
11307
1007
1065
9706
17191
1307
11906
1495
7261
2446
3270
34846
5527
15397
1775
4062
1854
1247
19098
2779
8626
5624
11430
4152
1065
14382
1011
1484
17063
2147
10151
3685
5914
7801
1568
3751
18476
6328
12175
7756
6721
6074
1427
64712
1057
1682
13462
37904
1532
44973
1579
1860
1513
3442
1004
51861
1346
35100
31907
1188
5693
1504
2473
14279
8377
27484
20425
1035
10064
6002
1198
10347
1799
1488
27408
1127
3474
8485
14876
22215
3648
1545
6240
2470
2367
3963
1301
4262
16057
39039
13641
8155
1710
8796
2559
1055
20381
19178
6229
4931
5947
3426
44349
1969
4930
6423
4674
6779
8030
9350
1143
6424
3447
1042
20617
1230
7356
2197
11912
1081
20285
14638
10950
12958
2402
11441
1515
3431
13558
7800
11224
1422
14763
2553
1008
10235
2231
1782
38965
17559
3563
11459
6675
17237
1369
1027
12731
1706
13569
14055
14158
26966
1042
3430
23598
9685
2992
4064
23531
2263
17873
1014
1635
22745
31549
7493
1172
5980
1871
1174
25400
1455
6587
36956
11930
1078
2282
1304
31635
26794
5657
4280
4215
5136
1754
1836
96489
18329
4158
17180
4821
9861
7117
1436
29943
6613
14904
1163
25291
1030
2555
2527
3354
2598
3026
17799
2900
1183
10707
52930
2506
17410
6525
2636
1664
11923
12289
1907
5771
5993
1641
33303
1861
19301
1958
1824
7136
4605
16783
7193
5161
3603
4703
1531
1199
7728
2923
4227
6370
2969
3084
1251
14974
10286
1827
16983
21636
5462
28407
3987
1447
10682
7705
23182
2428
2688
3500
2090
5588
24685
1008
11049
10449
2420
2423
4945
1051
1504
15070
26089
1146
3889
1390
9651
16530
9476
2220
4981
72176
9559
1183
27176
14413
2232
5464
1263
7298
1521
1862
6484
4293
6223
16301
1457
1556
17239
23989
1301
18898
5763
2725
29326
1711
12494
4602
1332
6748
1211
7704
33020
6915
1766
1125
1126
6322
9071
1604
2982
3240
2876
1588
13702
2019
22942
15539
19686
1009
11453
2051
8395
1103
5878
1292
8440
8702
7447
19787
9666
22845
17929
25183
33577
24461
13618
25471
16226
9749
19839
14148
14119
16189
78353
19154
14078
10223
14325
25703
18174
13807
46372
18116
14596
1247
11740
26436
5310
15687
22702
9221
15996
9523
15192
17831
8953
16538
10951
14394
15959
5358
3136
5435
21887
5116
12044
18571
51383228
17131
49662
19219
18658
36805
13161
12041
17886
19617
13575
10067
19260
12883
17165
18344
4273
7483
5791
5791
21624
68761
9122
2150
27705
16329
21122
17322
14396
12947
3211
16097
12284
15056
7802
10540
24129
14088
21290
5165
10614
10095
6939
13805
14824
17644
5850
11869
34928
11519
27441
14729
3786
28632
2505
10027
4867
11189
37559
8210
10357
10366
12944
12931
7439
2803
14576
8548
10581
8248
2810
9911
9866
7834
7865
7500
2164
12417
11490
7843
7823
10626
2165
10954
10444
12499
7745
7802
11544
10965
11657
11099
11116
2157
10522
10349
11580
11631
9855
9847
2471
27665
5488
11689
2173
10591
10899
9945
9928
4359
2500
5509
3399
10018
11009
1876
11596
11515
11582
6942
6445
3173
3167
11525
11540
10380
4359
3406
11373
10116
11591
3984
14658
11185
9740
14141
14152
10989
10959
10849
4021
14699
13412
13476
10849
11249
10705
2049
1882
10440
9748
10302
10519
10505
11459
14651
14636
9512
9487
11281
11283
9847
10756
2069
12597
12708
10310
25185
3963
9736
9730
9700
9752
10888
10901
11092
2899
2925
13530
13486
9859
9894
11876
11908
11627
11610
6253
40254
11043
9582
9551
10433
11152
3981
9667
9901
11026
11897
6292
8618
11035
11008
14758
10474
7917
7911
12198
12279
11665
11691
22069
9681
10165
4974
11950
4035
4030
10085
10137
14739
8702
12383
2022
2019
14143
10172
11590
9894
9848
5016
12430
7066
7050
14152
14177
14244
7429
7403
9104
9155
16942
16967
9895
9955
1781
3563
4488
4512
1458
4167
11600
12474
5444
12456
4174
3562
1796
1466
5462
10904
21246
13091
6918
16319
19841
76175
16840
18304
14784
13939
19181
12859
11993
13461
13270
10465
12183
14615
15248
72481
14766
14972
14803
10913
18211
15315
17882
23981
12231
20593
19649
18440
9408
15890
11860
6770
14004
11475
15383
17876
4854
13231
5733
63136
4996
63054
19330
55012
84383
41578
60021
102019
26820
48493
52613
93305
81246
49744
140304
150689
88355
105776
96642
90603
112102
137186
76236
80640
32102
74506
40866
54218
142774
92028
85738
73397
73237
37140
29322
32086
49626
35833
103784
50821
72645
102395
36482
75439
18479
56307
38368
60511
26404
48895
112209
30574
100113
62211
45116
45052
74814
50726
56163
55509
54838470
94779
125528
45641
43714
26464
89039
74060
45471
23068
69544
70651
60232
49063
86387
65387
1174
20144
761
6334
106251
11590
66450
147071
115716
55619
125763
76392
48806
111111
138034
29119
80772
25010
39158
90569
43813
49051
2125
22093
65842
109373
87331
31740
842
39116
27970
80235
28967
48638
3813
201524
25844
61662
122787
167852
37375
114126
119400
8802
32520
114447
79250
105682
72668
86163
40969
133431
57145562
121283
54455
54809
6792
30362
107803
105747
78912
49922
45702
49547
183303
4724
4216
54484
89660
29267
94804
96082
29091
94937
72310
141659
119566
60299
17827
40087
45046
99463
42792
49127
10444
26862
199166
178769
110181
95906
25357
66598
109332
94087
48745
93449
89097
51733
61753
277975
18913
58726
94249
80367
62282
78903853
