scaffold	length	orthocount_all	orthocount_one	ratio	order
Scaffold_2199	32162447	1556	686	0.440874035989717	1
Scaffold_658	31698969	1535	712	0.463843648208469	2
Scaffold_2318	31153634	1396	597	0.427650429799427	3
Scaffold_2041	30972320	1474	666	0.451831750339213	4
Scaffold_2096	30145683	1361	633	0.465099191770757	5
Scaffold_2315	29567185	1296	576	0.444444444444444	6
Scaffold_2317	27230796	1353	451	0.333333333333333	7
Scaffold_2287	27210704	1297	561	0.432536622976099	8
Scaffold_326	26509606	960	418	0.435416666666667	9
Scaffold_1174	26021936	1273	586	0.460329929300864	10
Scaffold_2314	25842354	1388	654	0.471181556195965	11
Scaffold_2313	25341332	1044	439	0.420498084291188	12
Scaffold_2225	24881768	1137	509	0.447669305189094	13
Scaffold_1383	24649150	950	362	0.381052631578947	14
Scaffold_819	23784123	1094	547	0.5	15
Scaffold_15	23642332	1081	461	0.426456984273821	16
Scaffold_2073	21704838	1049	550	0.524308865586273	17
Scaffold_2321	21234157	970	442	0.455670103092783	18
Scaffold_2320	19440187	918	388	0.422657952069717	19
Scaffold_346	19367790	884	359	0.406108597285068	20
Scaffold_845	18018563	1040	496	0.476923076923077	21
Scaffold_2316	17107477	959	458	0.477580813347237	22
Scaffold_2312	16741216	891	401	0.450056116722783	23
Scaffold_53	13520883	805	356	0.442236024844721	24
Scaffold_2319	12332728	786	359	0.456743002544529	25
Scaffold_678	1111046	10	0	0	26
Scaffold_604	992221	10	0	0	27
Scaffold_1622	927377	14	2	0.142857142857143	28
Scaffold_2239	778425	6	0	0	29
Scaffold_2215	729739	6	1	0.166666666666667	30
Scaffold_2212	699952	9	0	0	31
Scaffold_1338	686986	8	0	0	32
Scaffold_2245	684759	8	1	0.125	33
Scaffold_2122	670388	8	1	0.125	34
Scaffold_965	655980	3	0	0	35
Scaffold_444	655846	8	0	0	36
Scaffold_777	634933	12	0	0	37
Scaffold_23	624743	5	1	0.2	38
Scaffold_2214	624309	8	0	0	39
Scaffold_2160	619647	12	0	0	40
Scaffold_2132	602031	6	1	0.166666666666667	41
Scaffold_268	590081	4	0	0	42
Scaffold_974	588019	15	0	0	43
Scaffold_2091	586031	5	1	0.2	44
Scaffold_1318	583691	5	0	0	45
Scaffold_42	573326	5	0	0	46
Scaffold_2101	571879	2	0	0	47
Scaffold_2198	566333	13	0	0	48
Scaffold_2014	565035	10	0	0	49
Scaffold_692	545017	6	1	0.166666666666667	50
Scaffold_799	542454	4	1	0.25	51
Scaffold_83	537208	4	0	0	52
Scaffold_2036	522522	7	0	0	53
Scaffold_702	521256	3	0	0	54
Scaffold_2217	514144	4	0	0	55
Scaffold_2282	511463	6	2	0.333333333333333	56
Scaffold_2296	511081	6	0	0	57
Scaffold_238	507992	5	1	0.2	58
Scaffold_1393	501804	6	0	0	59
Scaffold_111	495621	8	1	0.125	60
Scaffold_197	495257	4	0	0	61
Scaffold_2195	491648	8	0	0	62
Scaffold_2079	490622	5	0	0	63
Scaffold_791	488228	4	0	0	64
Scaffold_67	488070	2	0	0	65
Scaffold_424	483470	6	0	0	66
Scaffold_135	481129	3	1	0.333333333333333	67
Scaffold_122	478834	9	0	0	68
Scaffold_649	474352	3	0	0	69
Scaffold_12	471000	1	0	0	70
Scaffold_1250	470089	3	0	0	71
Scaffold_28	464076	2	0	0	72
Scaffold_295	462061	9	1	0.111111111111111	73
Scaffold_2033	460770	7	1	0.142857142857143	74
Scaffold_327	454595	3	0	0	75
Scaffold_175	447615	4	0	0	76
Scaffold_1012	444982	8	0	0	77
Scaffold_2295	444192	2	0	0	78
Scaffold_2013	439668	5	1	0.2	79
Scaffold_294	434892	6	0	0	80
Scaffold_2183	434067	5	0	0	81
Scaffold_2253	430968	8	0	0	82
Scaffold_405	430915	5	0	0	83
Scaffold_1316	429029	6	1	0.166666666666667	84
Scaffold_107	427604	14	0	0	85
Scaffold_2145	426607	2	0	0	86
Scaffold_2125	425629	6	1	0.166666666666667	87
Scaffold_61	417906	7	0	0	88
Scaffold_216	417690	3	0	0	89
Scaffold_534	412288	13	0	0	90
Scaffold_2107	411606	11	1	0.0909090909090909	91
Scaffold_2088	410308	9	1	0.111111111111111	92
Scaffold_240	408148	7	0	0	93
Scaffold_435	407290	9	1	0.111111111111111	94
Scaffold_325	406694	1	0	0	95
Scaffold_881	406166	9	1	0.111111111111111	96
Scaffold_2220	406116	4	0	0	97
Scaffold_2230	405348	16	0	0	98
Scaffold_322	404758	9	0	0	99
Scaffold_2099	404402	3	0	0	100
Scaffold_1361	403104	5	0	0	101
Scaffold_2161	402231	10	0	0	102
Scaffold_177	401296	11	0	0	103
Scaffold_1349	399453	4	0	0	104
Scaffold_156	394060	9	1	0.111111111111111	105
Scaffold_427	393729	3	0	0	106
Scaffold_448	393519	2	1	0.5	107
Scaffold_160	392655	3	1	0.333333333333333	108
Scaffold_2150	391507	9	1	0.111111111111111	109
Scaffold_27	389301	8	0	0	110
Scaffold_2186	388913	4	0	0	111
Scaffold_2159	388032	4	0	0	112
Scaffold_528	386067	5	1	0.2	113
Scaffold_2193	385719	4	0	0	114
Scaffold_1328	384976	9	1	0.111111111111111	115
Scaffold_2175	383895	2	0	0	116
Scaffold_95	380484	2	0	0	117
Scaffold_215	379015	6	0	0	118
Scaffold_17	377618	5	1	0.2	119
Scaffold_2074	376627	6	0	0	120
Scaffold_2130	373331	8	0	0	121
Scaffold_146	372449	7	0	0	122
Scaffold_544	372302	4	0	0	123
Scaffold_2085	372237	5	1	0.2	124
Scaffold_706	365717	7	0	0	125
Scaffold_115	362397	7	0	0	126
Scaffold_586	361661	6	0	0	127
Scaffold_2063	359653	6	0	0	128
Scaffold_2189	358906	3	0	0	129
Scaffold_671	357519	7	0	0	130
Scaffold_51	356631	12	0	0	131
Scaffold_2241	354301	9	0	0	132
Scaffold_682	354004	2	0	0	133
Scaffold_539	353635	6	0	0	134
Scaffold_2084	353511	7	0	0	135
Scaffold_2307	352672	4	0	0	136
Scaffold_2035	352499	2	0	0	137
Scaffold_458	352215	13	1	0.0769230769230769	138
Scaffold_311	351486	3	0	0	139
Scaffold_2020	348198	1	0	0	140
Scaffold_2184	347218	5	0	0	141
Scaffold_812	346674	2	0	0	142
Scaffold_2102	346529	4	0	0	143
Scaffold_597	345042	1	0	0	144
Scaffold_218	344345	5	0	0	145
Scaffold_2113	343592	5	0	0	146
Scaffold_2213	342861	4	0	0	147
Scaffold_141	342421	6	0	0	148
Scaffold_2071	342354	5	0	0	149
Scaffold_2016	341971	10	0	0	150
Scaffold_10	340656	1	0	0	151
Scaffold_853	340226	1	0	0	152
Scaffold_214	338563	2	0	0	153
Scaffold_185	337701	1	0	0	154
Scaffold_2167	337533	2	0	0	155
Scaffold_2131	337523	1	0	0	156
Scaffold_56	336384	4	1	0.25	157
Scaffold_1132	334932	6	1	0.166666666666667	158
Scaffold_2163	334653	3	0	0	159
Scaffold_1599	333486	5	0	0	160
Scaffold_7	332623	14	0	0	161
Scaffold_2290	331869	3	0	0	162
Scaffold_2236	331663	5	1	0.2	163
Scaffold_2273	329430	2	0	0	164
Scaffold_865	327924	2	0	0	165
Scaffold_983	327841	8	0	0	166
Scaffold_2097	327596	4	0	0	167
Scaffold_2299	327374	5	0	0	168
Scaffold_2086	326433	8	1	0.125	169
Scaffold_79	326373	2	0	0	170
Scaffold_833	325551	2	0	0	171
Scaffold_418	325308	11	0	0	172
Scaffold_2094	325125	4	0	0	173
Scaffold_2056	324322	1	0	0	174
Scaffold_377	322388	3	1	0.333333333333333	175
Scaffold_96	321952	2	1	0.5	176
Scaffold_2078	321281	5	0	0	177
Scaffold_144	321133	4	2	0.5	178
Scaffold_2117	321060	2	1	0.5	179
Scaffold_2027	320329	1	1	1	180
Scaffold_154	320280	2	0	0	181
Scaffold_2297	319947	6	0	0	182
Scaffold_997	319772	3	0	0	183
Scaffold_168	319517	2	0	0	184
Scaffold_2141	318313	6	0	0	185
Scaffold_2106	318216	8	0	0	186
Scaffold_2223	318082	7	0	0	187
Scaffold_1045	317999	4	0	0	188
Scaffold_600	317950	6	1	0.166666666666667	189
Scaffold_2166	317429	5	1	0.2	190
Scaffold_2288	315945	3	0	0	191
Scaffold_423	315648	3	0	0	192
Scaffold_40	315348	8	1	0.125	193
Scaffold_1370	314553	5	0	0	194
Scaffold_14	313973	2	0	0	195
Scaffold_1564	312912	2	0	0	196
Scaffold_369	312315	2	0	0	197
Scaffold_124	312258	6	1	0.166666666666667	198
Scaffold_2291	312086	1	0	0	199
Scaffold_2034	311968	3	0	0	200
Scaffold_2059	311290	4	0	0	201
Scaffold_632	309858	2	0	0	202
Scaffold_1375	309473	2	0	0	203
Scaffold_1629	308937	3	0	0	204
Scaffold_615	307783	7	0	0	205
Scaffold_167	307242	2	0	0	206
Scaffold_467	306467	1	0	0	207
Scaffold_751	306439	1	0	0	208
Scaffold_84	305676	6	0	0	209
Scaffold_153	304178	2	0	0	210
Scaffold_2050	302442	4	0	0	211
Scaffold_5	302301	2	0	0	212
Scaffold_37	302216	3	1	0.333333333333333	213
Scaffold_104	301794	3	0	0	214
Scaffold_285	301614	2	0	0	215
Scaffold_754	300489	2	0	0	216
Scaffold_249	300041	4	1	0.25	217
Scaffold_2218	299966	6	0	0	218
Scaffold_2237	299745	3	0	0	219
Scaffold_57	299057	2	0	0	220
Scaffold_432	295496	7	0	0	221
Scaffold_244	294579	2	0	0	222
Scaffold_2072	293592	7	0	0	223
Scaffold_2256	292978	3	0	0	224
Scaffold_2247	292500	3	2	0.666666666666667	225
Scaffold_356	292355	3	0	0	226
Scaffold_583	292094	4	1	0.25	227
Scaffold_1097	291648	6	1	0.166666666666667	228
Scaffold_775	291311	8	2	0.25	229
Scaffold_2116	291297	1	0	0	230
Scaffold_195	290521	4	1	0.25	231
Scaffold_2173	290235	7	0	0	232
Scaffold_206	290225	2	0	0	233
Scaffold_309	289306	1	0	0	234
Scaffold_2249	289149	4	0	0	235
Scaffold_13	288973	7	0	0	236
Scaffold_6	288461	1	0	0	237
Scaffold_345	287541	4	0	0	238
Scaffold_1364	286571	2	1	0.5	239
Scaffold_36	284842	7	0	0	240
Scaffold_494	283220	2	1	0.5	241
Scaffold_1161	282903	2	0	0	242
Scaffold_9	282734	6	0	0	243
Scaffold_2087	282577	5	0	0	244
Scaffold_2043	281360	1	0	0	245
Scaffold_2031	281143	3	0	0	246
Scaffold_314	281142	5	0	0	247
Scaffold_2227	280520	4	0	0	248
Scaffold_2077	279226	6	0	0	249
Scaffold_2115	278980	2	0	0	250
Scaffold_2108	278939	5	0	0	251
Scaffold_2252	277861	2	0	0	252
Scaffold_181	277689	1	0	0	253
Scaffold_2270	277500	4	0	0	254
Scaffold_653	277098	1	0	0	255
Scaffold_1428	277032	7	0	0	256
Scaffold_2279	276966	6	0	0	257
Scaffold_2080	276780	2	1	0.5	258
Scaffold_614	273916	3	1	0.333333333333333	259
Scaffold_1669	273651	3	1	0.333333333333333	260
Scaffold_719	273337	3	1	0.333333333333333	261
Scaffold_1620	273019	3	0	0	262
Scaffold_2089	272987	6	0	0	263
Scaffold_1830	272986	3	0	0	264
Scaffold_402	272715	3	0	0	265
Scaffold_201	271834	1	0	0	266
Scaffold_422	271785	1	0	0	267
Scaffold_21	270685	3	0	0	268
Scaffold_2202	269310	5	0	0	269
Scaffold_2251	267735	10	0	0	270
Scaffold_2305	267462	2	0	0	271
Scaffold_365	267369	4	0	0	272
Scaffold_513	267166	2	0	0	273
Scaffold_85	267024	2	0	0	274
Scaffold_73	266857	1	0	0	275
Scaffold_118	266727	3	0	0	276
Scaffold_82	266122	3	0	0	277
Scaffold_1028	265813	7	0	0	278
Scaffold_2066	264909	4	1	0.25	279
Scaffold_2181	264432	4	1	0.25	280
Scaffold_2007	261621	8	0	0	281
Scaffold_787	260539	2	0	0	282
Scaffold_1095	259149	4	0	0	283
Scaffold_19	258407	2	0	0	284
Scaffold_2266	256541	4	0	0	285
Scaffold_2153	254769	1	0	0	286
Scaffold_2200	253037	6	0	0	287
Scaffold_601	252372	5	0	0	288
Scaffold_2264	252331	4	0	0	289
Scaffold_1433	251611	3	0	0	290
Scaffold_32	251073	1	0	0	291
Scaffold_2151	250475	4	0	0	292
Scaffold_2070	249882	2	0	0	293
Scaffold_228	249846	8	0	0	294
Scaffold_2248	249304	1	0	0	295
Scaffold_2076	249163	2	0	0	296
Scaffold_2064	248439	5	1	0.2	297
Scaffold_366	248298	2	0	0	298
Scaffold_264	247736	2	1	0.5	299
Scaffold_2263	247114	2	0	0	300
Scaffold_2298	246272	2	0	0	301
Scaffold_1082	245323	1	0	0	302
Scaffold_462	244616	2	0	0	303
Scaffold_31	243853	1	0	0	304
Scaffold_72	243514	7	0	0	305
Scaffold_478	242513	2	0	0	306
Scaffold_270	242364	3	0	0	307
Scaffold_2257	241595	3	0	0	308
Scaffold_169	240628	3	0	0	309
Scaffold_43	239534	1	0	0	310
Scaffold_2260	239308	5	0	0	311
Scaffold_2158	239282	3	0	0	312
Scaffold_367	239200	3	0	0	313
Scaffold_421	239166	3	0	0	314
Scaffold_1638	236505	3	0	0	315
Scaffold_1444	236492	5	0	0	316
Scaffold_2206	236359	8	0	0	317
Scaffold_2075	235630	4	0	0	318
Scaffold_316	235608	4	0	0	319
Scaffold_354	235322	2	0	0	320
Scaffold_1581	234365	1	0	0	321
Scaffold_1152	233918	1	0	0	322
Scaffold_1225	233174	3	0	0	323
Scaffold_2010	232147	3	0	0	324
Scaffold_846	231650	1	0	0	325
Scaffold_48	231257	3	0	0	326
Scaffold_2293	229625	3	0	0	327
Scaffold_35	229154	5	0	0	328
Scaffold_1730	228414	2	0	0	329
Scaffold_2114	228336	2	0	0	330
Scaffold_1734	227436	5	1	0.2	331
Scaffold_52	227019	1	0	0	332
Scaffold_2018	226986	2	0	0	333
Scaffold_152	225926	2	0	0	334
Scaffold_780	225177	4	0	0	335
Scaffold_38	224789	6	0	0	336
Scaffold_2268	224652	4	0	0	337
Scaffold_1098	223279	4	0	0	338
Scaffold_1818	222946	1	0	0	339
Scaffold_2124	222469	1	0	0	340
Scaffold_70	222399	2	0	0	341
Scaffold_2191	222029	1	0	0	342
Scaffold_2042	221936	2	0	0	343
Scaffold_2208	221767	2	0	0	344
Scaffold_75	221734	2	0	0	345
Scaffold_2082	220837	2	0	0	346
Scaffold_11	220812	1	0	0	347
Scaffold_2142	220802	2	0	0	348
Scaffold_2005	220727	1	0	0	349
Scaffold_2100	220705	7	0	0	350
Scaffold_2254	218155	2	1	0.5	351
Scaffold_229	217832	2	0	0	352
Scaffold_2235	217156	2	0	0	353
Scaffold_2040	215821	1	0	0	354
Scaffold_2216	215783	5	0	0	355
Scaffold_217	215166	4	0	0	356
Scaffold_202	215157	3	0	0	357
Scaffold_1026	215044	1	1	1	358
Scaffold_624	214302	2	0	0	359
Scaffold_2029	213773	4	0	0	360
Scaffold_2046	212992	4	1	0.25	361
Scaffold_628	212893	3	0	0	362
Scaffold_568	212383	4	0	0	363
Scaffold_492	212104	3	0	0	364
Scaffold_498	211830	3	0	0	365
Scaffold_16	211702	4	0	0	366
Scaffold_401	211700	1	0	0	367
Scaffold_267	211193	3	0	0	368
Scaffold_2045	210671	6	0	0	369
Scaffold_805	210611	10	0	0	370
Scaffold_18	209919	1	0	0	371
Scaffold_2149	209564	2	0	0	372
Scaffold_286	209072	9	0	0	373
Scaffold_940	208429	5	0	0	374
Scaffold_460	208088	2	0	0	375
Scaffold_674	207807	1	0	0	376
Scaffold_399	207772	3	0	0	377
Scaffold_2224	207148	6	0	0	378
Scaffold_2246	206969	2	0	0	379
Scaffold_2196	206424	2	1	0.5	380
Scaffold_2277	206403	4	0	0	381
Scaffold_2011	206371	2	0	0	382
Scaffold_667	206361	4	0	0	383
Scaffold_2229	206212	3	0	0	384
Scaffold_967	205306	2	0	0	385
Scaffold_20	205304	4	0	0	386
Scaffold_66	205168	2	1	0.5	387
Scaffold_1	204748	2	0	0	388
Scaffold_65	204647	2	0	0	389
Scaffold_86	203914	6	1	0.166666666666667	390
Scaffold_2289	203729	3	0	0	391
Scaffold_2192	203134	5	0	0	392
Scaffold_262	202948	5	0	0	393
Scaffold_2276	202426	4	1	0.25	394
Scaffold_22	202138	1	0	0	395
Scaffold_69	202066	3	0	0	396
Scaffold_71	201976	1	0	0	397
Scaffold_900	201288	1	0	0	398
Scaffold_699	200875	1	0	0	399
Scaffold_100	200416	1	0	0	400
Scaffold_187	200287	3	0	0	401
Scaffold_24	200196	2	0	0	402
Scaffold_2165	200175	2	0	0	403
Scaffold_34	200051	4	0	0	404
Scaffold_2139	199955	3	0	0	405
Scaffold_2164	199669	3	0	0	406
Scaffold_912	199076	4	1	0.25	407
Scaffold_29	197799	1	0	0	408
Scaffold_60	197305	2	0	0	409
Scaffold_1217	197116	7	0	0	410
Scaffold_261	195619	3	0	0	411
Scaffold_25	195577	4	0	0	412
Scaffold_128	195108	5	1	0.2	413
Scaffold_26	195040	3	0	0	414
Scaffold_2061	194553	2	0	0	415
Scaffold_165	193864	1	0	0	416
Scaffold_2187	193280	7	0	0	417
Scaffold_994	192537	3	0	0	418
Scaffold_2143	192350	2	0	0	419
Scaffold_2083	192022	3	0	0	420
Scaffold_2171	190896	5	1	0.2	421
Scaffold_1077	190506	1	0	0	422
Scaffold_222	190151	1	0	0	423
Scaffold_30	188303	3	0	0	424
Scaffold_302	187261	1	0	0	425
Scaffold_2154	186563	2	1	0.5	426
Scaffold_553	185736	4	0	0	427
Scaffold_1058	185647	3	0	0	428
Scaffold_171	184381	3	0	0	429
Scaffold_237	184132	3	0	0	430
Scaffold_291	184002	6	0	0	431
Scaffold_2062	183749	3	0	0	432
Scaffold_884	183460	1	0	0	433
Scaffold_2009	180780	1	0	0	434
Scaffold_108	180399	12	0	0	435
Scaffold_2169	180276	5	0	0	436
Scaffold_2243	180251	7	1	0.142857142857143	437
Scaffold_1633	179965	2	1	0.5	438
Scaffold_292	179908	1	0	0	439
Scaffold_39	179881	7	1	0.142857142857143	440
Scaffold_2284	179813	1	0	0	441
Scaffold_253	179623	3	0	0	442
Scaffold_517	178885	1	0	0	443
Scaffold_2104	178424	3	0	0	444
Scaffold_2121	177822	1	0	0	445
Scaffold_396	177819	3	0	0	446
Scaffold_2292	176506	3	1	0.333333333333333	447
Scaffold_1588	175759	1	0	0	448
Scaffold_198	175320	5	0	0	449
Scaffold_622	174308	2	0	0	450
Scaffold_665	174063	1	0	0	451
Scaffold_2188	174049	2	0	0	452
Scaffold_126	173206	4	0	0	453
Scaffold_655	173021	1	0	0	454
Scaffold_283	171551	1	0	0	455
Scaffold_200	171155	3	0	0	456
Scaffold_2178	170753	1	1	1	457
Scaffold_192	169994	1	0	0	458
Scaffold_2015	169690	3	0	0	459
Scaffold_409	169651	1	0	0	460
Scaffold_41	169206	3	1	0.333333333333333	461
Scaffold_2274	168967	1	0	0	462
Scaffold_300	168793	1	0	0	463
Scaffold_233	168588	1	0	0	464
Scaffold_2176	167626	3	0	0	465
Scaffold_276	167545	1	0	0	466
Scaffold_363	167074	4	1	0.25	467
Scaffold_342	166616	2	0	0	468
Scaffold_90	165623	5	0	0	469
Scaffold_392	165355	3	0	0	470
Scaffold_737	165238	4	0	0	471
Scaffold_2197	164206	2	0	0	472
Scaffold_2310	162486	4	0	0	473
Scaffold_2207	161157	1	0	0	474
Scaffold_2032	160580	1	1	1	475
Scaffold_47	160478	2	0	0	476
Scaffold_1698	160007	4	0	0	477
Scaffold_2261	159780	1	0	0	478
Scaffold_2306	159749	2	1	0.5	479
Scaffold_569	159129	4	0	0	480
Scaffold_209	159052	2	0	0	481
Scaffold_2052	158808	2	0	0	482
Scaffold_395	158430	7	0	0	483
Scaffold_49	157302	1	0	0	484
Scaffold_99	157262	1	0	0	485
Scaffold_3	157058	1	0	0	486
Scaffold_1153	157011	2	0	0	487
Scaffold_50	156033	4	0	0	488
Scaffold_578	155307	1	0	0	489
Scaffold_1035	154592	1	0	0	490
Scaffold_2242	154477	1	0	0	491
Scaffold_2180	154206	5	1	0.2	492
Scaffold_2155	154203	5	0	0	493
Scaffold_672	152783	2	0	0	494
Scaffold_2127	152655	6	0	0	495
Scaffold_771	152580	1	0	0	496
Scaffold_864	152548	2	0	0	497
Scaffold_646	152239	2	0	0	498
Scaffold_203	152022	3	0	0	499
Scaffold_226	151857	1	0	0	500
Scaffold_2067	151808	1	0	0	501
Scaffold_2006	151303	28	4	0.142857142857143	502
Scaffold_332	150715	1	0	0	503
Scaffold_1246	150560	2	0	0	504
Scaffold_793	150423	2	0	0	505
Scaffold_194	149954	1	0	0	506
Scaffold_113	149853	2	0	0	507
Scaffold_1656	148685	1	0	0	508
Scaffold_2022	148564	3	1	0.333333333333333	509
Scaffold_2055	148530	4	0	0	510
Scaffold_193	147933	3	0	0	511
Scaffold_116	147896	3	0	0	512
Scaffold_761	147385	1	0	0	513
Scaffold_769	147376	2	0	0	514
Scaffold_2182	147339	3	0	0	515
Scaffold_2123	147133	1	0	0	516
Scaffold_239	147095	1	0	0	517
Scaffold_1310	146700	3	0	0	518
Scaffold_831	146067	2	0	0	519
Scaffold_1351	145515	2	0	0	520
Scaffold_1500	145471	1	0	0	521
Scaffold_2048	145438	2	0	0	522
Scaffold_243	145243	1	0	0	523
Scaffold_571	145224	3	0	0	524
Scaffold_497	145164	4	0	0	525
Scaffold_2294	145059	1	0	0	526
Scaffold_227	144359	9	1	0.111111111111111	527
Scaffold_2093	143858	4	0	0	528
Scaffold_2060	143831	3	0	0	529
Scaffold_364	143475	4	0	0	530
Scaffold_59	143467	2	0	0	531
Scaffold_954	143319	2	0	0	532
Scaffold_189	143087	1	0	0	533
Scaffold_2170	142801	1	0	0	534
Scaffold_2	142469	8	0	0	535
Scaffold_1192	142054	3	0	0	536
Scaffold_1297	142042	1	0	0	537
Scaffold_219	141795	3	0	0	538
Scaffold_2105	141706	2	0	0	539
Scaffold_62	141226	1	0	0	540
Scaffold_184	141171	4	0	0	541
Scaffold_64	140750	1	0	0	542
Scaffold_1826	139953	5	0	0	543
Scaffold_2147	139829	3	1	0.333333333333333	544
Scaffold_643	139447	2	0	0	545
Scaffold_259	139320	1	0	0	546
Scaffold_2135	138726	2	0	0	547
Scaffold_68	138243	4	0	0	548
Scaffold_712	138123	1	0	0	549
Scaffold_161	137663	1	0	0	550
Scaffold_1249	137474	2	0	0	551
Scaffold_862	137397	2	0	0	552
Scaffold_1053	137300	6	0	0	553
Scaffold_695	136424	2	0	0	554
Scaffold_301	135762	2	0	0	555
Scaffold_2205	135603	4	1	0.25	556
Scaffold_230	135414	8	0	0	557
Scaffold_486	134718	1	0	0	558
Scaffold_1092	134548	2	0	0	559
Scaffold_76	134249	3	0	0	560
Scaffold_2162	134012	4	0	0	561
Scaffold_2210	133904	1	0	0	562
Scaffold_2069	133418	3	0	0	563
Scaffold_77	133197	1	0	0	564
Scaffold_2179	133092	2	0	0	565
Scaffold_78	132725	3	0	0	566
Scaffold_80	132435	1	0	0	567
Scaffold_2004	132385	3	0	0	568
Scaffold_1325	132330	1	0	0	569
Scaffold_81	132322	3	0	0	570
Scaffold_130	131602	5	0	0	571
Scaffold_159	131597	1	0	0	572
Scaffold_2283	131137	2	0	0	573
Scaffold_2172	130725	1	0	0	574
Scaffold_2095	130320	7	0	0	575
Scaffold_87	129967	1	0	0	576
Scaffold_88	129743	4	0	0	577
Scaffold_89	129462	1	0	0	578
Scaffold_91	129012	1	0	0	579
Scaffold_373	128796	1	0	0	580
Scaffold_2021	128745	2	0	0	581
Scaffold_465	128732	4	0	0	582
Scaffold_92	128213	1	0	0	583
Scaffold_1665	128058	4	0	0	584
Scaffold_938	127581	1	0	0	585
Scaffold_158	126883	1	0	0	586
Scaffold_93	126613	3	0	0	587
Scaffold_94	126613	2	0	0	588
Scaffold_1102	126266	1	1	1	589
Scaffold_97	125507	2	1	0.5	590
Scaffold_98	125329	2	0	0	591
Scaffold_162	123929	1	0	0	592
Scaffold_157	123632	1	0	0	593
Scaffold_2231	122840	1	1	1	594
Scaffold_101	122832	1	0	0	595
Scaffold_102	122662	2	0	0	596
Scaffold_1467	122386	5	0	0	597
Scaffold_207	122235	1	0	0	598
Scaffold_2286	120421	1	0	0	599
Scaffold_2222	119972	1	1	1	600
Scaffold_620	119816	1	0	0	601
Scaffold_2177	119602	3	0	0	602
Scaffold_2148	119418	3	0	0	603
Scaffold_690	119297	2	0	0	604
Scaffold_516	119080	1	0	0	605
Scaffold_749	118947	3	0	0	606
Scaffold_2156	117833	1	0	0	607
Scaffold_768	117696	1	0	0	608
Scaffold_105	117468	1	0	0	609
Scaffold_106	117232	1	0	0	610
Scaffold_2012	116159	1	0	0	611
Scaffold_2119	115683	3	0	0	612
Scaffold_2118	115656	1	0	0	613
Scaffold_2140	115129	2	0	0	614
Scaffold_1293	115014	3	0	0	615
Scaffold_968	114635	1	0	0	616
Scaffold_2110	114134	1	0	0	617
Scaffold_114	114069	1	0	0	618
Scaffold_2126	114002	4	2	0.5	619
Scaffold_117	113934	1	0	0	620
Scaffold_1595	113819	4	0	0	621
Scaffold_120	113031	3	0	0	622
Scaffold_951	112238	1	0	0	623
Scaffold_2109	112080	1	0	0	624
Scaffold_2129	111972	1	1	1	625
Scaffold_123	111911	1	0	0	626
Scaffold_627	110513	3	0	0	627
Scaffold_125	110482	3	0	0	628
Scaffold_127	109871	2	0	0	629
Scaffold_4	109189	2	0	0	630
Scaffold_121	108594	1	0	0	631
Scaffold_131	107563	1	0	0	632
Scaffold_490	107472	3	0	0	633
Scaffold_501	106684	1	0	0	634
Scaffold_134	106669	1	0	0	635
Scaffold_1805	106572	4	1	0.25	636
Scaffold_136	106387	1	0	0	637
Scaffold_137	106209	1	0	0	638
Scaffold_138	106199	4	0	0	639
Scaffold_139	106003	1	0	0	640
Scaffold_140	105958	1	0	0	641
Scaffold_142	105675	1	0	0	642
Scaffold_147	104719	1	0	0	643
Scaffold_150	104213	2	0	0	644
Scaffold_151	104131	2	0	0	645
Scaffold_2219	104116	1	0	0	646
Scaffold_891	103864	2	0	0	647
Scaffold_155	103446	4	0	0	648
Scaffold_1401	103440	1	0	0	649
Scaffold_1575	103323	9	0	0	650
Scaffold_2233	103018	3	0	0	651
Scaffold_1114	102653	7	0	0	652
Scaffold_518	102644	2	0	0	653
Scaffold_163	102330	6	0	0	654
Scaffold_956	101864	3	0	0	655
Scaffold_170	101370	5	0	0	656
Scaffold_871	101201	3	0	0	657
Scaffold_172	101157	1	0	0	658
Scaffold_483	101023	1	0	0	659
Scaffold_174	100750	1	0	0	660
Scaffold_176	100475	6	0	0	661
Scaffold_2047	100194	2	0	0	662
Scaffold_178	100157	2	0	0	663
Scaffold_179	99936	2	0	0	664
Scaffold_375	99763	1	0	0	665
Scaffold_180	99648	4	0	0	666
Scaffold_182	99154	1	0	0	667
Scaffold_183	98870	1	0	0	668
Scaffold_1686	98447	1	0	0	669
Scaffold_188	98090	1	0	0	670
Scaffold_191	97446	2	0	0	671
Scaffold_721	97397	1	0	0	672
Scaffold_2234	96690	1	0	0	673
Scaffold_196	95969	4	0	0	674
Scaffold_619	95871	2	0	0	675
Scaffold_2221	94596	2	0	0	676
Scaffold_2228	93990	1	0	0	677
Scaffold_269	93642	1	0	0	678
Scaffold_204	93387	1	0	0	679
Scaffold_2300	93290	3	0	0	680
Scaffold_208	91847	10	0	0	681
Scaffold_592	91408	2	0	0	682
Scaffold_211	91347	3	0	0	683
Scaffold_213	90623	2	0	0	684
Scaffold_2103	90042	4	1	0.25	685
Scaffold_2211	89974	2	0	0	686
Scaffold_220	89755	1	0	0	687
Scaffold_221	89441	2	0	0	688
Scaffold_1018	89434	1	0	0	689
Scaffold_1472	89022	2	0	0	690
Scaffold_855	88869	7	0	0	691
Scaffold_224	88762	2	0	0	692
Scaffold_2098	88703	1	0	0	693
Scaffold_1405	87961	1	0	0	694
Scaffold_231	87713	1	0	0	695
Scaffold_234	87087	2	0	0	696
Scaffold_235	87042	1	0	0	697
Scaffold_570	86083	1	0	0	698
Scaffold_242	85887	1	0	0	699
Scaffold_245	85531	1	0	0	700
Scaffold_247	85231	2	0	0	701
Scaffold_251	84620	8	0	0	702
Scaffold_590	84513	1	0	0	703
Scaffold_252	84409	1	0	0	704
Scaffold_2185	84092	1	0	0	705
Scaffold_802	83966	1	0	0	706
Scaffold_254	83921	4	1	0.25	707
Scaffold_255	83661	1	0	0	708
Scaffold_257	83602	1	0	0	709
Scaffold_1483	83106	2	0	0	710
Scaffold_260	83009	2	0	0	711
Scaffold_263	82773	2	0	0	712
Scaffold_265	82593	1	0	0	713
Scaffold_271	81700	2	0	0	714
Scaffold_707	81579	2	1	0.5	715
Scaffold_272	81563	5	1	0.2	716
Scaffold_273	81463	2	0	0	717
Scaffold_2281	80751	4	0	0	718
Scaffold_1661	80380	1	0	0	719
Scaffold_280	80185	1	0	0	720
Scaffold_281	80164	1	0	0	721
Scaffold_284	79995	1	0	0	722
Scaffold_2259	79936	1	0	0	723
Scaffold_288	79198	2	0	0	724
Scaffold_289	79116	2	1	0.5	725
Scaffold_293	78586	1	0	0	726
Scaffold_298	77612	8	0	0	727
Scaffold_2146	77598	1	0	0	728
Scaffold_299	77549	1	0	0	729
Scaffold_303	77194	1	0	0	730
Scaffold_304	77157	2	0	0	731
Scaffold_305	77103	3	0	0	732
Scaffold_306	77098	2	0	0	733
Scaffold_308	76881	4	0	0	734
Scaffold_313	76148	2	0	0	735
Scaffold_984	76068	3	0	0	736
Scaffold_2017	75745	3	0	0	737
Scaffold_318	75735	1	0	0	738
Scaffold_319	75414	2	0	0	739
Scaffold_323	75109	1	0	0	740
Scaffold_331	73713	2	0	0	741
Scaffold_335	73647	2	0	0	742
Scaffold_334	73620	2	0	0	743
Scaffold_2311	73260	1	0	0	744
Scaffold_340	72243	1	0	0	745
Scaffold_343	71870	1	0	0	746
Scaffold_348	71133	1	0	0	747
Scaffold_350	71042	1	0	0	748
Scaffold_2144	71021	2	0	0	749
Scaffold_8	70371	1	0	0	750
Scaffold_360	70248	1	0	0	751
Scaffold_361	70244	1	0	0	752
Scaffold_362	69936	2	0	0	753
Scaffold_2092	69630	1	0	0	754
Scaffold_1215	69559	2	0	0	755
Scaffold_370	69458	1	0	0	756
Scaffold_372	69252	1	0	0	757
Scaffold_374	69037	3	0	0	758
Scaffold_380	68716	5	0	0	759
Scaffold_381	68605	1	0	0	760
Scaffold_382	68542	1	0	0	761
Scaffold_386	68378	1	0	0	762
Scaffold_389	68088	2	0	0	763
Scaffold_391	67814	2	0	0	764
Scaffold_400	67299	1	0	0	765
Scaffold_403	67174	1	0	0	766
Scaffold_414	66211	3	0	0	767
Scaffold_415	66128	5	0	0	768
Scaffold_416	65891	1	0	0	769
Scaffold_417	65886	1	0	0	770
Scaffold_1610	65287	1	0	0	771
Scaffold_426	65251	1	0	0	772
Scaffold_428	64960	1	0	0	773
Scaffold_429	64885	3	0	0	774
Scaffold_436	64679	5	0	0	775
Scaffold_442	64588	2	0	0	776
Scaffold_441	64564	1	0	0	777
Scaffold_439	64535	1	0	0	778
Scaffold_445	64458	1	0	0	779
Scaffold_449	64275	1	0	0	780
Scaffold_451	64201	1	0	0	781
Scaffold_450	64190	1	0	0	782
Scaffold_455	64018	1	0	0	783
Scaffold_454	64009	1	0	0	784
Scaffold_457	63737	1	0	0	785
Scaffold_459	63367	1	0	0	786
Scaffold_466	62865	1	0	0	787
Scaffold_469	62726	1	0	0	788
Scaffold_471	62660	2	0	0	789
Scaffold_473	62638	4	0	0	790
Scaffold_474	62577	4	0	0	791
Scaffold_479	62400	1	0	0	792
Scaffold_482	62297	3	0	0	793
Scaffold_485	61733	2	0	0	794
Scaffold_487	61685	2	0	0	795
Scaffold_499	60895	1	0	0	796
Scaffold_502	60808	1	0	0	797
Scaffold_2112	60670	1	0	0	798
Scaffold_506	60429	2	0	0	799
Scaffold_509	60348	1	0	0	800
Scaffold_508	60347	1	0	0	801
Scaffold_789	60277	2	0	0	802
Scaffold_511	60262	1	0	0	803
Scaffold_512	60231	1	0	0	804
Scaffold_2309	60205	1	0	0	805
Scaffold_1379	60027	1	0	0	806
Scaffold_515	59915	4	0	0	807
Scaffold_524	59508	1	0	0	808
Scaffold_525	59406	1	0	0	809
Scaffold_526	59322	1	0	0	810
Scaffold_531	59010	1	0	0	811
Scaffold_533	58942	2	1	0.5	812
Scaffold_535	58840	2	0	0	813
Scaffold_537	58715	1	0	0	814
Scaffold_548	58137	1	0	0	815
Scaffold_554	57978	2	0	0	816
Scaffold_2037	57943	3	0	0	817
Scaffold_558	57688	1	0	0	818
Scaffold_559	57679	4	0	0	819
Scaffold_561	57626	1	0	0	820
Scaffold_562	57325	3	0	0	821
Scaffold_564	57235	1	0	0	822
Scaffold_572	56984	1	0	0	823
Scaffold_1289	56746	1	0	0	824
Scaffold_579	56571	2	0	0	825
Scaffold_582	56407	2	0	0	826
Scaffold_584	56283	5	0	0	827
Scaffold_585	56243	1	0	0	828
Scaffold_2194	56239	1	0	0	829
Scaffold_588	56066	1	0	0	830
Scaffold_591	55820	1	0	0	831
Scaffold_2302	55494	1	0	0	832
Scaffold_595	55445	4	0	0	833
Scaffold_599	55197	4	0	0	834
Scaffold_603	55096	1	0	0	835
Scaffold_605	54959	1	0	0	836
Scaffold_606	54957	1	0	0	837
Scaffold_607	54924	1	0	0	838
Scaffold_608	54914	1	0	0	839
Scaffold_2301	54912	1	0	0	840
Scaffold_609	54908	1	0	0	841
Scaffold_2304	54749	1	0	0	842
Scaffold_623	53990	1	0	0	843
Scaffold_626	53886	1	0	0	844
Scaffold_631	53660	2	0	0	845
Scaffold_635	53573	1	0	0	846
Scaffold_637	53472	1	0	0	847
Scaffold_638	53466	1	0	0	848
Scaffold_640	53429	1	0	0	849
Scaffold_641	53372	3	0	0	850
Scaffold_644	53134	2	0	0	851
Scaffold_645	53030	1	0	0	852
Scaffold_647	52951	4	0	0	853
Scaffold_652	52690	1	0	0	854
Scaffold_656	52681	3	0	0	855
Scaffold_657	52552	2	0	0	856
Scaffold_660	52439	1	0	0	857
Scaffold_666	52206	1	0	0	858
Scaffold_683	51559	1	0	0	859
Scaffold_680	51556	2	0	0	860
Scaffold_681	51518	2	0	0	861
Scaffold_684	51272	1	0	0	862
Scaffold_685	51220	1	0	0	863
Scaffold_2051	51061	2	0	0	864
Scaffold_691	50955	5	0	0	865
Scaffold_701	50530	3	0	0	866
Scaffold_703	50458	1	0	0	867
Scaffold_705	50388	2	0	0	868
Scaffold_708	50308	3	0	0	869
Scaffold_714	50106	3	0	0	870
Scaffold_717	50010	1	0	0	871
Scaffold_720	49934	1	0	0	872
Scaffold_722	49844	1	0	0	873
Scaffold_725	49746	2	0	0	874
Scaffold_726	49714	2	0	0	875
Scaffold_731	49388	1	0	0	876
Scaffold_733	49352	2	0	0	877
Scaffold_734	49317	1	0	0	878
Scaffold_738	49137	1	0	0	879
Scaffold_739	49116	2	0	0	880
Scaffold_743	49072	2	0	0	881
Scaffold_745	48960	1	0	0	882
Scaffold_750	48798	1	0	0	883
Scaffold_752	48692	1	0	0	884
Scaffold_756	48366	2	0	0	885
Scaffold_758	48228	1	0	0	886
Scaffold_759	48181	4	0	0	887
Scaffold_763	48118	1	0	0	888
Scaffold_765	48102	3	0	0	889
Scaffold_766	48087	1	0	0	890
Scaffold_767	47944	1	0	0	891
Scaffold_773	47533	1	0	0	892
Scaffold_776	47511	1	0	0	893
Scaffold_779	47307	1	0	0	894
Scaffold_784	47014	1	0	0	895
Scaffold_790	46591	1	0	0	896
Scaffold_796	46357	2	0	0	897
Scaffold_797	46302	2	0	0	898
Scaffold_798	46280	5	0	0	899
Scaffold_804	46008	2	0	0	900
Scaffold_813	45628	1	0	0	901
Scaffold_822	45324	1	0	0	902
Scaffold_825	45224	3	0	0	903
Scaffold_824	45219	1	0	0	904
Scaffold_828	45049	1	0	0	905
Scaffold_829	45039	1	0	0	906
Scaffold_830	44972	1	0	0	907
Scaffold_835	44751	6	0	0	908
Scaffold_840	44358	1	0	0	909
Scaffold_841	44333	1	0	0	910
Scaffold_844	44217	1	0	0	911
Scaffold_847	44000	1	0	0	912
Scaffold_851	43916	1	0	0	913
Scaffold_852	43723	1	0	0	914
Scaffold_858	43525	1	0	0	915
Scaffold_861	43451	1	0	0	916
Scaffold_863	43408	1	0	0	917
Scaffold_867	43297	1	0	0	918
Scaffold_870	43181	1	0	0	919
Scaffold_876	43073	1	0	0	920
Scaffold_874	43058	1	0	0	921
Scaffold_877	43038	1	0	0	922
Scaffold_879	42943	1	0	0	923
Scaffold_2068	42741	1	0	0	924
Scaffold_890	42620	3	0	0	925
Scaffold_894	42475	1	0	0	926
Scaffold_901	42086	1	0	0	927
Scaffold_905	41964	1	0	0	928
Scaffold_909	41879	1	0	0	929
Scaffold_910	41850	1	0	0	930
Scaffold_913	41823	1	0	0	931
Scaffold_911	41822	1	0	0	932
Scaffold_921	41176	2	0	0	933
Scaffold_923	41116	1	0	0	934
Scaffold_924	41051	2	0	0	935
Scaffold_926	40998	4	0	0	936
Scaffold_927	40929	1	0	0	937
Scaffold_931	40843	1	0	0	938
Scaffold_932	40792	2	0	0	939
Scaffold_936	40648	2	0	0	940
Scaffold_942	40529	1	0	0	941
Scaffold_946	40473	1	0	0	942
Scaffold_947	40421	1	0	0	943
Scaffold_2308	40398	1	0	0	944
Scaffold_950	40397	2	0	0	945
Scaffold_953	40307	1	0	0	946
Scaffold_955	40130	2	0	0	947
Scaffold_957	40019	2	0	0	948
Scaffold_958	40007	2	0	0	949
Scaffold_960	39788	2	0	0	950
Scaffold_963	39721	2	0	0	951
Scaffold_962	39713	1	0	0	952
Scaffold_2269	39560	2	0	0	953
Scaffold_976	39202	1	0	0	954
Scaffold_977	39093	1	0	0	955
Scaffold_982	38989	9	0	0	956
Scaffold_987	38817	2	0	0	957
Scaffold_988	38800	2	0	0	958
Scaffold_989	38778	1	0	0	959
Scaffold_996	38652	1	0	0	960
Scaffold_1000	38539	1	0	0	961
Scaffold_1003	38481	1	0	0	962
Scaffold_1009	38197	1	0	0	963
Scaffold_1014	38032	1	0	0	964
Scaffold_1016	37986	1	0	0	965
Scaffold_1017	37984	1	0	0	966
Scaffold_1020	37941	2	0	0	967
Scaffold_1019	37936	3	0	0	968
Scaffold_1021	37935	3	0	0	969
Scaffold_1027	37722	1	0	0	970
Scaffold_1030	37641	2	0	0	971
Scaffold_1031	37604	2	0	0	972
Scaffold_1033	37504	1	1	1	973
Scaffold_1037	37405	2	0	0	974
Scaffold_1049	37235	2	0	0	975
Scaffold_1052	37117	1	0	0	976
Scaffold_1057	36860	1	0	0	977
Scaffold_1059	36807	1	0	0	978
Scaffold_1060	36764	1	0	0	979
Scaffold_1061	36714	1	0	0	980
Scaffold_1063	36668	1	0	0	981
Scaffold_1072	36329	4	0	0	982
Scaffold_1071	36322	1	0	0	983
Scaffold_1076	36102	1	0	0	984
Scaffold_1087	35890	1	0	0	985
Scaffold_1089	35839	1	0	0	986
Scaffold_1105	35629	2	0	0	987
Scaffold_1106	35601	1	0	0	988
Scaffold_1112	35484	1	0	0	989
Scaffold_1117	35376	1	0	0	990
Scaffold_1118	35341	3	0	0	991
Scaffold_1119	35326	1	0	0	992
Scaffold_1121	35222	1	0	0	993
Scaffold_1125	35208	1	0	0	994
Scaffold_1134	34892	1	0	0	995
Scaffold_1135	34877	1	0	0	996
Scaffold_1145	34733	1	0	0	997
Scaffold_1148	34684	1	0	0	998
Scaffold_1150	34665	1	0	0	999
Scaffold_1159	34461	1	0	0	1000
Scaffold_1163	34293	1	0	0	1001
Scaffold_1165	34268	1	0	0	1002
Scaffold_1167	34189	1	0	0	1003
Scaffold_1171	33981	1	0	0	1004
Scaffold_1184	33664	1	0	0	1005
Scaffold_1186	33596	1	0	0	1006
Scaffold_1193	33233	1	0	0	1007
Scaffold_1197	33125	1	0	0	1008
Scaffold_1200	32975	1	0	0	1009
Scaffold_1204	32939	1	0	0	1010
Scaffold_1201	32930	2	0	0	1011
Scaffold_1206	32884	1	0	0	1012
Scaffold_1214	32781	2	0	0	1013
Scaffold_1213	32770	1	0	0	1014
Scaffold_1218	32702	1	0	0	1015
Scaffold_1221	32614	2	0	0	1016
Scaffold_1227	32448	1	0	0	1017
Scaffold_1228	32438	1	0	0	1018
Scaffold_1232	32215	1	0	0	1019
Scaffold_1235	32115	1	0	0	1020
Scaffold_1242	31869	1	0	0	1021
Scaffold_1248	31665	1	0	0	1022
Scaffold_1254	31538	2	0	0	1023
Scaffold_1259	31335	2	0	0	1024
Scaffold_1263	31235	1	0	0	1025
Scaffold_1277	30922	1	0	0	1026
Scaffold_1276	30920	1	0	0	1027
Scaffold_1282	30824	1	0	0	1028
Scaffold_1283	30793	1	0	0	1029
Scaffold_1286	30734	1	0	0	1030
Scaffold_1290	30597	1	0	0	1031
Scaffold_1306	30232	1	0	0	1032
Scaffold_1308	30229	1	0	0	1033
Scaffold_1307	30213	1	0	0	1034
Scaffold_1314	29949	1	0	0	1035
Scaffold_1322	29687	2	0	0	1036
Scaffold_1326	29455	1	0	0	1037
Scaffold_1327	29441	1	0	0	1038
Scaffold_1343	29100	2	0	0	1039
Scaffold_1365	28515	1	0	0	1040
Scaffold_1368	28472	1	0	0	1041
Scaffold_1374	28335	2	0	0	1042
Scaffold_1377	28310	1	0	0	1043
Scaffold_1385	28083	1	0	0	1044
Scaffold_1387	28017	1	0	0	1045
Scaffold_1390	28002	1	0	0	1046
Scaffold_1389	27982	1	0	0	1047
Scaffold_1398	27731	2	1	0.5	1048
Scaffold_1399	27713	1	0	0	1049
Scaffold_1400	27691	1	0	0	1050
Scaffold_1402	27674	1	0	0	1051
Scaffold_1415	27310	1	0	0	1052
Scaffold_1416	27300	2	0	0	1053
Scaffold_1417	27285	3	0	0	1054
Scaffold_2081	27273	1	0	0	1055
Scaffold_1421	27244	1	0	0	1056
Scaffold_1422	27225	1	0	0	1057
Scaffold_1425	27139	1	0	0	1058
Scaffold_1432	26929	1	0	0	1059
Scaffold_1434	26879	1	0	0	1060
Scaffold_1445	26612	1	0	0	1061
Scaffold_1452	26404	1	0	0	1062
Scaffold_1455	26301	2	0	0	1063
Scaffold_1456	26287	1	0	0	1064
Scaffold_1458	26287	2	0	0	1065
Scaffold_1464	26141	1	1	1	1066
Scaffold_1465	26136	2	0	0	1067
Scaffold_1468	26007	2	0	0	1068
Scaffold_1473	25852	1	0	0	1069
Scaffold_1479	25679	1	0	0	1070
Scaffold_1488	25472	1	0	0	1071
Scaffold_1493	25323	1	0	0	1072
Scaffold_1495	25219	1	0	0	1073
Scaffold_1496	25193	1	0	0	1074
Scaffold_1501	25002	1	0	0	1075
Scaffold_1503	24979	1	0	0	1076
Scaffold_1506	24966	2	0	0	1077
Scaffold_1509	24898	1	0	0	1078
Scaffold_1512	24832	1	0	0	1079
Scaffold_1516	24630	1	0	0	1080
Scaffold_1523	24459	1	0	0	1081
Scaffold_1531	24266	1	0	0	1082
Scaffold_1533	24204	2	0	0	1083
Scaffold_1549	23717	2	0	0	1084
Scaffold_1551	23638	1	0	0	1085
Scaffold_1556	23535	1	0	0	1086
Scaffold_1558	23463	1	0	0	1087
Scaffold_1566	23213	1	0	0	1088
Scaffold_1568	23169	1	0	0	1089
Scaffold_1578	22854	1	0	0	1090
Scaffold_1579	22835	1	0	0	1091
Scaffold_1580	22820	1	0	0	1092
Scaffold_1582	22786	1	0	0	1093
Scaffold_1587	22586	1	0	0	1094
Scaffold_1597	22312	1	0	0	1095
Scaffold_1600	22241	1	0	0	1096
Scaffold_1601	22158	1	0	0	1097
Scaffold_1609	21977	2	1	0.5	1098
Scaffold_1612	21916	1	0	0	1099
Scaffold_1615	21829	1	0	0	1100
Scaffold_1617	21650	2	1	0.5	1101
Scaffold_1627	21316	2	0	0	1102
Scaffold_1636	21050	1	0	0	1103
Scaffold_1643	20848	1	0	0	1104
Scaffold_1644	20846	1	0	0	1105
Scaffold_1651	20677	1	0	0	1106
Scaffold_1654	20615	1	0	0	1107
Scaffold_1657	20486	1	0	0	1108
Scaffold_1660	20435	1	0	0	1109
Scaffold_1677	20068	3	0	0	1110
Scaffold_1678	20058	1	0	0	1111
Scaffold_1683	19709	1	0	0	1112
Scaffold_1688	19451	1	0	0	1113
Scaffold_1693	19244	1	0	0	1114
Scaffold_1695	19243	1	0	0	1115
Scaffold_1699	18998	1	0	0	1116
Scaffold_1701	18965	1	0	0	1117
Scaffold_1704	18874	3	0	0	1118
Scaffold_1710	18655	1	0	0	1119
Scaffold_1714	18486	1	0	0	1120
Scaffold_1721	18057	1	0	0	1121
Scaffold_1722	18030	1	0	0	1122
Scaffold_1727	17489	2	0	0	1123
Scaffold_1735	17189	1	0	0	1124
Scaffold_1736	17188	1	0	0	1125
Scaffold_1737	17164	1	0	0	1126
Scaffold_1740	17147	1	0	0	1127
Scaffold_1742	17118	1	0	0	1128
Scaffold_1747	16951	1	0	0	1129
Scaffold_1756	16260	1	0	0	1130
Scaffold_1760	16153	1	0	0	1131
Scaffold_1762	16104	1	0	0	1132
Scaffold_1766	15885	1	0	0	1133
Scaffold_1773	15525	1	0	0	1134
Scaffold_2303	15359	1	1	1	1135
Scaffold_1781	14945	1	0	0	1136
Scaffold_1784	14769	1	0	0	1137
Scaffold_1788	14646	1	0	0	1138
Scaffold_1794	14415	1	0	0	1139
Scaffold_1798	14151	1	0	0	1140
Scaffold_1804	14071	1	0	0	1141
Scaffold_1814	13003	1	0	0	1142
Scaffold_1827	11827	1	0	0	1143
Scaffold_1864	8136	2	0	0	1144
Scaffold_1873	7011	1	0	0	1145
Scaffold_1886	5911	1	0	0	1146
Scaffold_1896	5471	1	0	0	1147
Scaffold_1902	5090	2	0	0	1148
Scaffold_1903	4760	1	0	0	1149
Scaffold_1909	4413	2	0	0	1150
Scaffold_1913	4073	1	0	0	1151
Scaffold_1955	2623	1	0	0	1152
Scaffold_1963	2443	1	0	0	1153
Scaffold_1969	2293	1	0	0	1154
Scaffold_1989	1579	1	0	0	1155
