scaffold	length	orthocount_all	orthocount_one	ratio	order
Scaffold_8399	60417217	1618	663	0.409765142150803	1
Scaffold_10370	57132681	1706	673	0.394490035169988	2
Scaffold_247	55693152	1319	494	0.374526156178923	3
Scaffold_4655	55355978	1327	561	0.422758100979653	4
Scaffold_10302	54835787	1287	453	0.351981351981352	5
Scaffold_10429	52333425	1544	644	0.417098445595855	6
Scaffold_5555	52290719	1141	414	0.362839614373357	7
Scaffold_9938	51368336	1620	573	0.353703703703704	8
Scaffold_4582	50270259	1386	572	0.412698412698413	9
Scaffold_7805	48367378	1420	641	0.451408450704225	10
Scaffold_269	45933410	1005	364	0.362189054726368	11
Scaffold_6112	43354870	1161	461	0.397071490094746	12
Scaffold_10423	39222561	1002	354	0.353293413173653	13
Scaffold_7317	38474115	1706	907	0.531652989449004	14
Scaffold_4198	34590513	1338	652	0.48729446935725	15
Scaffold_7315	30260857	964	438	0.454356846473029	16
Scaffold_10425	28860503	1214	457	0.376441515650741	17
Scaffold_10428	26162001	844	389	0.460900473933649	18
Scaffold_10433	20449340	1206	716	0.593698175787728	19
Scaffold_612	18294627	1037	544	0.524590163934426	20
Scaffold_10430	11471721	745	384	0.515436241610738	21
Scaffold_10431	10199391	725	443	0.611034482758621	22
Scaffold_10426	9804442	927	602	0.64940668824164	23
Scaffold_10432	8346026	569	311	0.546572934973638	24
Scaffold_10424	1986623	48	15	0.3125	25
Scaffold_10427	991997	48	10	0.208333333333333	26
Scaffold_5667	365924	4	0	0	27
Scaffold_5642	299475	1	0	0	28
Scaffold_8133	293306	1	0	0	29
Scaffold_534	283659	4	0	0	30
Scaffold_10417	277975	3	0	0	31
Scaffold_6695	248208	6	0	0	32
Scaffold_539	240869	4	0	0	33
Scaffold_4475	238819	1	0	0	34
Scaffold_4761	235577	1	0	0	35
Scaffold_7305	234779	15	0	0	36
Scaffold_46	217153	2	0	0	37
Scaffold_6051	216756	3	0	0	38
Scaffold_4316	212859	3	0	0	39
Scaffold_3488	212848	4	0	0	40
Scaffold_8564	212710	6	1	0.166666666666667	41
Scaffold_7176	207114	2	0	0	42
Scaffold_5493	204488	3	0	0	43
Scaffold_186	201575	2	0	0	44
Scaffold_10353	201318	1	0	0	45
Scaffold_4789	199434	3	0	0	46
Scaffold_4375	199390	2	0	0	47
Scaffold_10404	199166	2	0	0	48
Scaffold_3871	187555	1	0	0	49
Scaffold_5894	183132	6	0	0	50
Scaffold_4104	181744	4	0	0	51
Scaffold_8813	178871	2	0	0	52
Scaffold_10405	178770	2	0	0	53
Scaffold_5843	175097	3	0	0	54
Scaffold_403	173399	1	0	0	55
Scaffold_8121	172027	1	0	0	56
Scaffold_691	170670	2	0	0	57
Scaffold_10357	167850	1	0	0	58
Scaffold_3791	166120	3	0	0	59
Scaffold_5421	165607	2	0	0	60
Scaffold_165	164680	3	0	0	61
Scaffold_4142	163969	1	0	0	62
Scaffold_3819	161682	11	0	0	63
Scaffold_8741	160490	1	0	0	64
Scaffold_3801	160232	1	0	0	65
Scaffold_8689	157059	1	0	0	66
Scaffold_6310	156410	1	0	0	67
Scaffold_4511	155248	1	0	0	68
Scaffold_7654	153083	3	0	0	69
Scaffold_135	151411	2	0	0	70
Scaffold_5629	149293	2	0	0	71
Scaffold_8365	149183	1	0	0	72
Scaffold_3695	148437	1	0	0	73
Scaffold_3780	148108	6	0	0	74
Scaffold_854	147114	1	0	0	75
Scaffold_10325	147070	1	0	0	76
Scaffold_6632	146356	1	0	0	77
Scaffold_4492	145854	3	0	0	78
Scaffold_741	145681	1	0	0	79
Scaffold_5557	144841	1	0	0	80
Scaffold_4595	144608	4	0	0	81
Scaffold_5088	143833	1	0	0	82
Scaffold_794	143135	1	0	0	83
Scaffold_10270	142760	5	0	0	84
Scaffold_5201	142550	1	0	0	85
Scaffold_3494	142442	3	0	0	86
Scaffold_10393	141850	1	0	0	87
Scaffold_6406	141507	8	0	0	88
Scaffold_4115	141470	1	0	0	89
Scaffold_240	139595	5	0	0	90
Scaffold_4385	139565	2	0	0	91
Scaffold_8338	139404	2	0	0	92
Scaffold_8210	138449	1	0	0	93
Scaffold_10332	138036	1	0	0	94
Scaffold_4042	137736	2	0	0	95
Scaffold_7491	137585	1	0	0	96
Scaffold_3952	136096	3	0	0	97
Scaffold_4463	135770	3	0	0	98
Scaffold_4089	134900	2	0	0	99
Scaffold_8480	133386	14	0	0	100
Scaffold_10369	133382	1	0	0	101
Scaffold_4461	132027	1	0	0	102
Scaffold_4043	131279	2	0	0	103
Scaffold_3444	131051	3	0	0	104
Scaffold_8373	130170	1	0	0	105
Scaffold_5708	130056	4	0	0	106
Scaffold_7653	129646	1	0	0	107
Scaffold_6487	128262	1	0	0	108
Scaffold_5251	127887	2	0	0	109
Scaffold_4870	127387	3	0	0	110
Scaffold_4666	127355	1	0	0	111
Scaffold_6608	127124	3	0	0	112
Scaffold_7571	126432	2	0	0	113
Scaffold_5850	126154	1	0	0	114
Scaffold_4636	125813	2	1	0.5	115
Scaffold_6882	125716	1	0	0	116
Scaffold_10304	125530	2	0	0	117
Scaffold_5653	125254	1	0	0	118
Scaffold_7980	124554	1	0	0	119
Scaffold_4101	123888	1	0	0	120
Scaffold_6769	123727	1	0	0	121
Scaffold_4592	123333	3	0	0	122
Scaffold_10356	122787	2	0	0	123
Scaffold_5062	122574	1	0	0	124
Scaffold_3454	121996	1	0	0	125
Scaffold_4067	121746	3	0	0	126
Scaffold_649	121336	3	0	0	127
Scaffold_10371	121124	1	0	0	128
Scaffold_7705	120218	4	0	0	129
Scaffold_234	119924	1	0	0	130
Scaffold_10394	119569	3	0	0	131
Scaffold_6737	119379	1	0	0	132
Scaffold_10360	119236	1	0	0	133
Scaffold_9267	118976	5	0	0	134
Scaffold_4374	118885	10	1	0.1	135
Scaffold_6550	118591	1	0	0	136
Scaffold_6962	117991	1	0	0	137
Scaffold_53	117555	1	0	0	138
Scaffold_8472	117511	1	0	0	139
Scaffold_3636	117297	1	0	0	140
Scaffold_4051	116731	4	0	0	141
Scaffold_4513	115863	1	0	0	142
Scaffold_8000	115532	2	1	0.5	143
Scaffold_760	115397	2	0	0	144
Scaffold_9109	115254	1	0	0	145
Scaffold_8213	115169	1	0	0	146
Scaffold_246	114323	1	0	0	147
Scaffold_10359	114129	2	0	0	148
Scaffold_5524	114055	1	0	0	149
Scaffold_8629	113840	2	0	0	150
Scaffold_8641	113740	33	0	0	151
Scaffold_8274	113225	5	0	0	152
Scaffold_659	113112	1	0	0	153
Scaffold_8819	112685	1	0	0	154
Scaffold_10292	112209	1	0	0	155
Scaffold_10262	112104	2	1	0.5	156
Scaffold_8992	111989	1	0	0	157
Scaffold_1012	111846	42	0	0	158
Scaffold_7688	111771	2	0	0	159
Scaffold_267	111442	1	0	0	160
Scaffold_3666	111341	2	0	0	161
Scaffold_8300	111273	3	0	0	162
Scaffold_8871	111019	2	0	0	163
Scaffold_4570	110937	2	0	0	164
Scaffold_10331	110635	6	0	0	165
Scaffold_6353	110299	2	0	0	166
Scaffold_10406	110180	1	0	0	167
Scaffold_7780	109752	4	0	0	168
Scaffold_3498	109742	2	0	0	169
Scaffold_3446	109633	1	0	0	170
Scaffold_4029	109415	1	0	0	171
Scaffold_10343	109376	1	0	0	172
Scaffold_7018	109267	1	0	0	173
Scaffold_10410	109232	5	0	0	174
Scaffold_5686	109066	5	0	0	175
Scaffold_5066	108448	2	0	0	176
Scaffold_6233	108137	1	0	0	177
Scaffold_5519	108016	1	0	0	178
Scaffold_4888	106804	5	0	0	179
Scaffold_7978	106532	1	0	0	180
Scaffold_10322	106249	1	0	0	181
Scaffold_6257	106246	1	0	0	182
Scaffold_10377	105600	1	0	0	183
Scaffold_5384	105422	2	1	0.5	184
Scaffold_7737	105180	1	0	0	185
Scaffold_5037	104689	2	0	0	186
Scaffold_464	104687	2	0	0	187
Scaffold_8437	104051	2	0	0	188
Scaffold_3953	103913	1	0	0	189
Scaffold_8438	103635	1	0	0	190
Scaffold_4938	103535	1	0	0	191
Scaffold_8007	103525	2	1	0.5	192
Scaffold_4272	103435	1	0	0	193
Scaffold_9036	103258	2	0	0	194
Scaffold_8638	103155	46	1	0.0217391304347826	195
Scaffold_724	102685	1	0	0	196
Scaffold_7375	102684	2	0	0	197
Scaffold_10283	102391	1	0	0	198
Scaffold_8977	102385	1	0	0	199
Scaffold_8765	101916	4	0	0	200
Scaffold_5122	101525	1	0	0	201
Scaffold_5039	100855	3	0	0	202
Scaffold_4937	100800	2	0	0	203
Scaffold_5312	100767	1	0	0	204
Scaffold_5833	100518	1	0	0	205
Scaffold_5590	100197	2	0	0	206
Scaffold_6215	100142	1	0	0	207
Scaffold_5370	100133	3	0	0	208
Scaffold_10294	100113	2	0	0	209
Scaffold_6842	99757	1	0	0	210
Scaffold_147	99552	1	0	0	211
Scaffold_543	99544	2	0	0	212
Scaffold_5202	99386	1	0	0	213
Scaffold_885	99287	2	0	0	214
Scaffold_4186	99117	1	0	0	215
Scaffold_5214	99019	2	0	0	216
Scaffold_9367	98963	2	0	0	217
Scaffold_9275	98630	1	0	0	218
Scaffold_8064	98412	1	0	0	219
Scaffold_5408	98034	1	0	0	220
Scaffold_6864	98012	1	0	0	221
Scaffold_6157	97990	3	0	0	222
Scaffold_4887	97959	1	0	0	223
Scaffold_153	97811	3	0	0	224
Scaffold_7641	97767	2	0	0	225
Scaffold_6639	97716	7	0	0	226
Scaffold_3760	97692	1	0	0	227
Scaffold_5415	97373	5	0	0	228
Scaffold_7185	97183	8	2	0.25	229
Scaffold_8434	97119	3	0	0	230
Scaffold_4472	96812	1	0	0	231
Scaffold_5382	96683	1	0	0	232
Scaffold_4045	96420	2	0	0	233
Scaffold_6564	95936	4	0	0	234
Scaffold_734	95918	5	0	0	235
Scaffold_4942	95429	3	1	0.333333333333333	236
Scaffold_5114	95347	3	0	0	237
Scaffold_7394	94816	2	0	0	238
Scaffold_5853	94525	2	0	0	239
Scaffold_10420	94250	2	0	0	240
Scaffold_7298	94044	1	0	0	241
Scaffold_7876	93915	2	0	0	242
Scaffold_10413	93446	1	0	0	243
Scaffold_6330	93324	2	0	0	244
Scaffold_10253	93302	1	0	0	245
Scaffold_989	92808	1	0	0	246
Scaffold_5537	92751	1	0	0	247
Scaffold_4688	92671	1	0	0	248
Scaffold_3638	92553	1	0	0	249
Scaffold_783	92167	1	0	0	250
Scaffold_7756	92095	1	0	0	251
Scaffold_8462	91847	2	0	0	252
Scaffold_5685	91800	2	0	0	253
Scaffold_7716	91770	1	0	0	254
Scaffold_9428	91579	1	0	0	255
Scaffold_370	91213	5	0	0	256
Scaffold_5250	91156	2	0	0	257
Scaffold_5915	90799	3	0	0	258
Scaffold_469	90731	3	0	0	259
Scaffold_10261	90604	1	0	0	260
Scaffold_79	90587	1	0	0	261
Scaffold_3766	90424	3	0	0	262
Scaffold_6133	90306	1	0	0	263
Scaffold_8502	90221	34	0	0	264
Scaffold_9022	90180	1	0	0	265
Scaffold_3833	90166	1	0	0	266
Scaffold_7958	89972	2	1	0.5	267
Scaffold_7422	89899	1	1	1	268
Scaffold_4376	89897	2	0	0	269
Scaffold_10386	89659	1	0	0	270
Scaffold_8332	89190	1	0	0	271
Scaffold_5550	89101	1	0	0	272
Scaffold_10414	89096	3	0	0	273
Scaffold_10308	88899	2	0	0	274
Scaffold_398	88813	1	0	0	275
Scaffold_4033	88582	1	0	0	276
Scaffold_6766	87986	2	0	0	277
Scaffold_7505	87951	1	0	0	278
Scaffold_600	87489	1	0	0	279
Scaffold_3993	87235	1	0	0	280
Scaffold_48	87222	1	0	0	281
Scaffold_677	87177	5	0	0	282
Scaffold_6480	86455	2	0	0	283
Scaffold_10316	86381	1	0	0	284
Scaffold_288	86373	2	0	0	285
Scaffold_4852	86181	3	0	0	286
Scaffold_10367	86162	1	0	0	287
Scaffold_5728	85867	2	0	0	288
Scaffold_4560	85764	1	0	0	289
Scaffold_5786	85616	1	0	0	290
Scaffold_6662	85481	1	0	0	291
Scaffold_8812	85381	1	0	0	292
Scaffold_6110	85363	1	0	0	293
Scaffold_6366	85331	2	0	0	294
Scaffold_8197	85274	6	0	0	295
Scaffold_9410	85108	2	0	0	296
Scaffold_143	84904	2	0	0	297
Scaffold_5712	84887	2	0	0	298
Scaffold_6297	84736	2	0	0	299
Scaffold_4462	84390	5	0	0	300
Scaffold_10246	84381	1	0	0	301
Scaffold_5955	84202	2	0	0	302
Scaffold_4739	83656	1	0	0	303
Scaffold_6134	83599	6	0	0	304
Scaffold_3563	83468	2	0	0	305
Scaffold_7251	83103	1	0	0	306
Scaffold_6655	82867	2	1	0.5	307
Scaffold_7694	82860	1	0	0	308
Scaffold_8375	82721	1	0	0	309
Scaffold_6490	82647	1	0	0	310
Scaffold_5124	82593	1	0	0	311
Scaffold_364	82160	1	0	0	312
Scaffold_4672	81888	1	0	0	313
Scaffold_694	81863	1	0	0	314
Scaffold_4519	81658	2	0	0	315
Scaffold_6724	81551	4	0	0	316
Scaffold_4864	81494	1	0	0	317
Scaffold_6640	80994	2	0	0	318
Scaffold_4572	80806	1	0	0	319
Scaffold_629	80762	1	0	0	320
Scaffold_6132	80751	3	0	0	321
Scaffold_3676	80747	4	0	0	322
Scaffold_10265	80640	6	0	0	323
Scaffold_4251	80422	1	0	0	324
Scaffold_10421	80367	1	0	0	325
Scaffold_7870	80182	1	0	0	326
Scaffold_6917	79960	1	0	0	327
Scaffold_9254	79816	9	0	0	328
Scaffold_553	79734	1	0	0	329
Scaffold_5661	79671	1	0	0	330
Scaffold_4899	79624	2	0	0	331
Scaffold_8047	79318	1	0	0	332
Scaffold_632	79115	8	0	0	333
Scaffold_6408	78954	1	0	0	334
Scaffold_4763	78822	1	0	0	335
Scaffold_3673	78639	2	0	0	336
Scaffold_9904	78353	3	0	0	337
Scaffold_4447	78113	1	0	0	338
Scaffold_8607	78025	2	0	0	339
Scaffold_8229	77946	2	0	0	340
Scaffold_6034	77807	1	0	0	341
Scaffold_9042	77778	3	0	0	342
Scaffold_7602	77764	1	0	0	343
Scaffold_4946	77606	1	0	0	344
Scaffold_312	77499	3	0	0	345
Scaffold_8683	77308	3	0	0	346
Scaffold_5926	77133	2	0	0	347
Scaffold_4010	77093	1	0	0	348
Scaffold_8287	77000	5	0	0	349
Scaffold_5340	76901	1	0	0	350
Scaffold_575	76852	1	0	0	351
Scaffold_840	76839	6	0	0	352
Scaffold_8419	76621	1	0	0	353
Scaffold_5179	76595	1	0	0	354
Scaffold_5103	76523	1	0	0	355
Scaffold_6717	76431	1	0	0	356
Scaffold_3495	76346	2	0	0	357
Scaffold_10264	76236	2	0	0	358
Scaffold_7500	76228	1	0	0	359
Scaffold_10203	76176	1	0	0	360
Scaffold_4357	76059	2	0	0	361
Scaffold_5355	76052	2	0	0	362
Scaffold_6147	76037	3	0	0	363
Scaffold_3427	75608	2	0	0	364
Scaffold_10285	75437	1	0	0	365
Scaffold_5028	75434	4	0	0	366
Scaffold_4857	75178	3	0	0	367
Scaffold_7964	75140	1	0	0	368
Scaffold_892	75007	1	0	0	369
Scaffold_8491	74909	1	0	0	370
Scaffold_5909	74881	1	0	0	371
Scaffold_8036	74865	4	0	0	372
Scaffold_5253	74778	1	0	0	373
Scaffold_503	74731	2	0	0	374
Scaffold_906	74678	9	0	0	375
Scaffold_7387	74611	1	0	0	376
Scaffold_8059	74592	1	0	0	377
Scaffold_10267	74505	3	0	0	378
Scaffold_4715	74464	2	0	0	379
Scaffold_7163	74268	1	0	0	380
Scaffold_6593	74251	2	0	0	381
Scaffold_7438	74119	3	0	0	382
Scaffold_7778	74109	1	0	0	383
Scaffold_10309	74060	2	0	0	384
Scaffold_7771	74050	3	0	0	385
Scaffold_9073	74027	2	0	0	386
Scaffold_9312	73922	1	0	0	387
Scaffold_7891	73752	3	0	0	388
Scaffold_4332	73678	3	0	0	389
Scaffold_7740	73564	1	0	0	390
Scaffold_9464	73398	1	0	0	391
Scaffold_10273	73397	1	0	0	392
Scaffold_6079	73355	4	0	0	393
Scaffold_4338	73336	1	0	0	394
Scaffold_4525	73259	2	0	0	395
Scaffold_10274	73237	1	0	0	396
Scaffold_109	73218	1	0	0	397
Scaffold_382	73208	2	0	0	398
Scaffold_3828	73165	4	0	0	399
Scaffold_9018	73099	4	0	0	400
Scaffold_938	72829	1	0	0	401
Scaffold_257	72798	1	0	0	402
Scaffold_5006	72747	1	0	0	403
Scaffold_5841	72727	4	0	0	404
Scaffold_4162	72689	1	0	0	405
Scaffold_10366	72668	3	0	0	406
Scaffold_10282	72375	2	0	0	407
Scaffold_6031	72348	1	0	0	408
Scaffold_6871	72194	1	0	0	409
Scaffold_9831	72176	4	0	0	410
Scaffold_6127	72012	5	0	0	411
Scaffold_3904	71979	4	0	0	412
Scaffold_4138	71963	1	0	0	413
Scaffold_8374	71683	1	0	0	414
Scaffold_5994	71422	1	0	0	415
Scaffold_4576	71029	1	0	0	416
Scaffold_4890	70928	1	0	0	417
Scaffold_7714	70917	10	0	0	418
Scaffold_5487	70799	2	0	0	419
Scaffold_7419	70717	1	0	0	420
Scaffold_591	70061	5	0	0	421
Scaffold_1109	69976	4	0	0	422
Scaffold_4546	69822	3	0	0	423
Scaffold_4769	69770	1	0	0	424
Scaffold_7070	69635	1	0	0	425
Scaffold_10312	69544	1	0	0	426
Scaffold_6868	69465	1	0	0	427
Scaffold_4966	69356	3	0	0	428
Scaffold_7416	68876	1	0	0	429
Scaffold_9959	68761	8	0	0	430
Scaffold_5038	68677	2	0	0	431
Scaffold_319	68578	1	0	0	432
Scaffold_7700	68505	2	0	0	433
Scaffold_6440	68493	2	0	0	434
Scaffold_6964	68318	1	0	0	435
Scaffold_8903	68233	1	0	0	436
Scaffold_7827	68106	2	0	0	437
Scaffold_5715	68038	1	0	0	438
Scaffold_114	67887	2	0	0	439
Scaffold_3802	67756	2	0	0	440
Scaffold_258	67681	2	0	0	441
Scaffold_4733	67646	1	0	0	442
Scaffold_749	67635	3	0	0	443
Scaffold_104	67545	2	0	0	444
Scaffold_4934	67449	1	0	0	445
Scaffold_7793	67241	1	0	0	446
Scaffold_5167	67210	1	0	0	447
Scaffold_5645	66993	1	0	0	448
Scaffold_5063	66959	1	0	0	449
Scaffold_6479	66955	1	0	0	450
Scaffold_8824	66900	1	0	0	451
Scaffold_7379	66768	1	0	0	452
Scaffold_7015	66747	1	0	0	453
Scaffold_5020	66570	1	0	0	454
Scaffold_8106	66514	1	0	0	455
Scaffold_8226	66469	2	0	0	456
Scaffold_5734	66465	1	0	0	457
Scaffold_5560	66342	1	0	0	458
Scaffold_8915	66299	1	0	0	459
Scaffold_201	66276	2	0	0	460
Scaffold_5861	66245	2	0	0	461
Scaffold_4685	66173	1	0	0	462
Scaffold_7623	66154	2	0	0	463
Scaffold_119	66106	8	0	0	464
Scaffold_830	66103	1	0	0	465
Scaffold_444	65831	1	0	0	466
Scaffold_4721	65444	2	0	0	467
Scaffold_3562	65296	1	0	0	468
Scaffold_3864	65190	1	0	0	469
Scaffold_5676	64740	2	0	0	470
Scaffold_7709	64676	1	0	0	471
Scaffold_7699	64665	2	0	0	472
Scaffold_784	64547	1	0	0	473
Scaffold_6148	64529	1	0	0	474
Scaffold_4945	64521	1	1	1	475
Scaffold_7414	64474	1	0	0	476
Scaffold_7401	64171	1	0	0	477
Scaffold_7673	64031	1	0	0	478
Scaffold_5069	63837	2	0	0	479
Scaffold_857	63822	1	0	0	480
Scaffold_4883	63811	1	0	0	481
Scaffold_978	63651	1	0	0	482
Scaffold_7483	63603	1	0	0	483
Scaffold_4106	63522	1	0	0	484
Scaffold_7406	63331	1	0	0	485
Scaffold_6477	63290	2	0	0	486
Scaffold_628	63233	1	0	0	487
Scaffold_5416	62993	1	0	0	488
Scaffold_7894	62980	1	0	0	489
Scaffold_6247	62916	2	0	0	490
Scaffold_5065	62717	1	0	0	491
Scaffold_4076	62653	1	0	0	492
Scaffold_5532	62615	1	0	0	493
Scaffold_5551	62519	2	0	0	494
Scaffold_6754	62500	2	0	0	495
Scaffold_5534	62481	2	0	0	496
Scaffold_9459	62476	2	0	0	497
Scaffold_3775	62432	1	0	0	498
Scaffold_646	62310	1	0	0	499
Scaffold_4234	62265	1	0	0	500
Scaffold_6693	62212	1	0	0	501
Scaffold_3519	62105	1	0	0	502
Scaffold_6373	62039	1	0	0	503
Scaffold_8933	62026	1	0	0	504
Scaffold_4488	62016	1	0	0	505
Scaffold_7299	61988	3	0	0	506
Scaffold_5206	61949	1	0	0	507
Scaffold_798	61910	1	0	0	508
Scaffold_8366	61870	2	0	0	509
Scaffold_8718	61869	2	0	0	510
Scaffold_5129	61862	2	0	0	511
Scaffold_8041	61842	3	0	0	512
Scaffold_5656	61832	1	0	0	513
Scaffold_3547	61715	1	0	0	514
Scaffold_10355	61661	4	0	0	515
Scaffold_984	61545	6	0	0	516
Scaffold_8928	61530	1	0	0	517
Scaffold_5356	61464	2	0	0	518
Scaffold_7572	61451	1	0	0	519
Scaffold_4998	61448	2	0	0	520
Scaffold_7209	61377	3	0	0	521
Scaffold_8400	61336	2	0	0	522
Scaffold_3893	61298	1	0	0	523
Scaffold_6544	61292	1	0	0	524
Scaffold_5194	61202	1	0	0	525
Scaffold_6329	61173	1	0	0	526
Scaffold_6273	60771	2	0	0	527
Scaffold_4707	60574	1	0	0	528
Scaffold_1015	60330	19	0	0	529
Scaffold_6652	60285	1	0	0	530
Scaffold_7900	60261	1	0	0	531
Scaffold_3570	60203	1	0	0	532
Scaffold_173	60046	1	0	0	533
Scaffold_8872	59987	6	0	0	534
Scaffold_3440	59984	1	0	0	535
Scaffold_5622	59901	2	0	0	536
Scaffold_8233	59866	1	0	0	537
Scaffold_851	59862	1	0	0	538
Scaffold_804	59720	3	0	0	539
Scaffold_4587	59693	1	0	0	540
Scaffold_9146	59691	2	0	0	541
Scaffold_4850	59681	2	0	0	542
Scaffold_6933	59662	1	0	0	543
Scaffold_6659	59615	1	0	0	544
Scaffold_176	59589	2	0	0	545
Scaffold_5190	59520	1	0	0	546
Scaffold_7912	59452	4	0	0	547
Scaffold_6867	59421	1	0	0	548
Scaffold_737	59383	1	0	0	549
Scaffold_4727	59342	2	0	0	550
Scaffold_919	59223	4	0	0	551
Scaffold_4689	59219	2	0	0	552
Scaffold_968	59211	1	0	0	553
Scaffold_4874	59190	1	0	0	554
Scaffold_4900	59137	2	0	0	555
Scaffold_1070	59070	5	0	0	556
Scaffold_4074	59058	1	0	0	557
Scaffold_9282	58955	1	0	0	558
Scaffold_4523	58946	1	0	0	559
Scaffold_366	58886	2	0	0	560
Scaffold_992	58875	7	0	0	561
Scaffold_3750	58814	1	0	0	562
Scaffold_574	58766	4	0	0	563
Scaffold_10419	58725	1	0	0	564
Scaffold_105	58653	1	0	0	565
Scaffold_6812	58653	1	0	0	566
Scaffold_6377	58631	1	0	0	567
Scaffold_8695	58478	1	0	0	568
Scaffold_7535	58419	3	0	0	569
Scaffold_3628	58358	2	0	0	570
Scaffold_8756	58248	1	0	0	571
Scaffold_814	58214	1	0	0	572
Scaffold_5754	58193	2	0	0	573
Scaffold_8975	58149	1	0	0	574
Scaffold_6644	58141	2	0	0	575
Scaffold_5121	58101	1	0	0	576
Scaffold_6654	58080	2	0	0	577
Scaffold_6289	58033	2	0	0	578
Scaffold_8998	57933	2	0	0	579
Scaffold_8739	57844	1	0	0	580
Scaffold_128	57810	1	0	0	581
Scaffold_8682	57751	6	0	0	582
Scaffold_346	57658	2	0	0	583
Scaffold_8878	57532	1	0	0	584
Scaffold_1039	57518	1	0	0	585
Scaffold_7007	57332	2	0	0	586
Scaffold_259	57137	3	0	0	587
Scaffold_8465	57046	3	0	0	588
Scaffold_5888	57019	3	0	0	589
Scaffold_929	56950	2	0	0	590
Scaffold_4425	56869	1	0	0	591
Scaffold_4717	56848	1	0	0	592
Scaffold_8149	56834	1	0	0	593
Scaffold_6016	56785	1	0	0	594
Scaffold_7205	56730	3	0	0	595
Scaffold_8126	56713	1	0	0	596
Scaffold_4009	56681	1	0	0	597
Scaffold_9497	56633	1	0	0	598
Scaffold_8921	56541	1	0	0	599
Scaffold_844	56522	1	0	0	600
Scaffold_8337	56501	1	0	0	601
Scaffold_10287	56307	1	0	0	602
Scaffold_3765	56271	5	0	0	603
Scaffold_8230	56225	1	0	0	604
Scaffold_10300	56124	4	0	0	605
Scaffold_874	56059	1	0	0	606
Scaffold_3522	56033	1	0	0	607
Scaffold_8929	56018	2	0	0	608
Scaffold_787	55870	1	0	0	609
Scaffold_9511	55844	1	0	0	610
Scaffold_4227	55804	1	0	0	611
Scaffold_4588	55770	1	0	0	612
Scaffold_7712	55743	5	0	0	613
Scaffold_4184	55717	1	0	0	614
Scaffold_6347	55714	1	0	0	615
Scaffold_10327	55618	1	0	0	616
Scaffold_9243	55600	1	0	0	617
Scaffold_7732	55581	1	0	0	618
Scaffold_8379	55503	1	0	0	619
Scaffold_4990	55489	1	0	0	620
Scaffold_821	55485	2	0	0	621
Scaffold_3767	55436	3	0	0	622
Scaffold_4894	55359	2	0	0	623
Scaffold_3526	55227	1	0	0	624
Scaffold_24	55055	1	0	0	625
Scaffold_4907	55039	1	0	0	626
Scaffold_10245	55012	1	0	0	627
Scaffold_3789	54978	1	0	0	628
Scaffold_8435	54885	1	0	0	629
Scaffold_100	54883	1	0	0	630
Scaffold_3482	54872	1	0	0	631
Scaffold_4680	54802	1	0	0	632
Scaffold_4199	54771	1	0	0	633
Scaffold_970	54677	2	0	0	634
Scaffold_3588	54606	1	0	0	635
Scaffold_6537	54565	2	0	0	636
Scaffold_7113	54455	2	0	0	637
Scaffold_7813	54434	1	0	0	638
Scaffold_439	54425	1	0	0	639
Scaffold_6787	54386	1	0	0	640
Scaffold_6805	54381	1	0	0	641
Scaffold_9234	54364	1	0	0	642
Scaffold_5142	54329	1	0	0	643
Scaffold_7122	54308	1	0	0	644
Scaffold_230	54284	1	0	0	645
Scaffold_213	54259	1	0	0	646
Scaffold_10269	54217	1	0	0	647
Scaffold_470	54173	1	0	0	648
Scaffold_4182	54148	2	0	0	649
Scaffold_337	54144	1	0	0	650
Scaffold_4879	54107	1	0	0	651
Scaffold_5931	54073	1	0	0	652
Scaffold_4130	54072	2	0	0	653
Scaffold_9196	54055	1	0	0	654
Scaffold_5351	53906	2	0	0	655
Scaffold_695	53905	2	0	0	656
Scaffold_49	53841	1	0	0	657
Scaffold_500	53832	2	0	0	658
Scaffold_5261	53699	2	0	0	659
Scaffold_5544	53690	1	0	0	660
Scaffold_9423	53584	2	0	0	661
Scaffold_1068	53533	3	0	0	662
Scaffold_231	53522	1	0	0	663
Scaffold_5967	53451	1	0	0	664
Scaffold_7648	53423	1	0	0	665
Scaffold_3814	53401	3	0	0	666
Scaffold_5983	53390	1	0	0	667
Scaffold_4800	53389	1	0	0	668
Scaffold_9002	53181	1	0	0	669
Scaffold_4794	53053	1	0	0	670
Scaffold_3687	52950	2	0	0	671
Scaffold_6109	52885	1	0	0	672
Scaffold_7854	52880	1	0	0	673
Scaffold_7782	52856	3	0	0	674
Scaffold_84	52751	1	0	0	675
Scaffold_4811	52740	1	0	0	676
Scaffold_928	52708	4	0	0	677
Scaffold_8246	52704	1	0	0	678
Scaffold_4967	52613	1	0	0	679
Scaffold_663	52591	1	0	0	680
Scaffold_5821	52589	3	0	0	681
Scaffold_3580	52548	1	0	0	682
Scaffold_1034	52337	2	0	0	683
Scaffold_3859	52332	1	0	0	684
Scaffold_6355	52265	1	0	0	685
Scaffold_7591	52207	1	0	0	686
Scaffold_4877	52164	1	0	0	687
Scaffold_5874	52122	1	0	0	688
Scaffold_914	52113	1	0	0	689
Scaffold_3843	52080	1	0	0	690
Scaffold_6344	52037	1	0	0	691
Scaffold_7158	52011	1	0	0	692
Scaffold_7050	51968	1	0	0	693
Scaffold_4731	51918	1	0	0	694
Scaffold_5469	51852	3	0	0	695
Scaffold_4328	51821	1	0	0	696
Scaffold_4211	51806	1	0	0	697
Scaffold_8420	51681	1	0	0	698
Scaffold_4893	51449	1	0	0	699
Scaffold_6565	51445	2	0	0	700
Scaffold_5136	51440	1	0	0	701
Scaffold_5107	51337	1	0	0	702
Scaffold_7821	51337	2	0	0	703
Scaffold_3699	51194	1	0	0	704
Scaffold_6972	51120	1	0	0	705
Scaffold_3553	51068	1	0	0	706
Scaffold_5243	51024	1	0	0	707
Scaffold_866	50997	4	1	0.25	708
Scaffold_5279	50933	3	0	0	709
Scaffold_5815	50910	1	0	0	710
Scaffold_936	50836	5	0	0	711
Scaffold_7558	50799	1	0	0	712
Scaffold_4968	50748	3	0	0	713
Scaffold_4478	50639	1	0	0	714
Scaffold_8753	50590	2	0	0	715
Scaffold_8913	50510	1	0	0	716
Scaffold_7391	50503	1	0	0	717
Scaffold_905	50349	3	1	0.333333333333333	718
Scaffold_5732	50321	1	0	0	719
Scaffold_5864	50290	1	0	0	720
Scaffold_972	50280	3	0	0	721
Scaffold_3919	50276	1	0	0	722
Scaffold_5486	50269	1	0	0	723
Scaffold_9252	50182	1	0	0	724
Scaffold_8763	50160	2	0	0	725
Scaffold_3674	50157	2	0	0	726
Scaffold_7899	50103	1	0	0	727
Scaffold_9466	50080	2	0	0	728
Scaffold_10379	49877	1	0	0	729
Scaffold_4066	49820	3	0	0	730
Scaffold_5046	49783	1	0	0	731
Scaffold_10255	49630	3	1	0.333333333333333	732
Scaffold_10278	49626	2	0	0	733
Scaffold_8339	49556	1	0	0	734
Scaffold_10381	49547	1	1	1	735
Scaffold_8428	49494	2	0	0	736
Scaffold_5310	49320	2	0	0	737
Scaffold_6328	49280	1	0	0	738
Scaffold_3635	49115	1	0	0	739
Scaffold_10315	49064	1	0	0	740
Scaffold_7166	49060	2	0	0	741
Scaffold_4356	49056	1	0	0	742
Scaffold_10339	49051	2	0	0	743
Scaffold_5298	49043	1	0	0	744
Scaffold_8863	49001	1	0	0	745
Scaffold_4036	48980	1	0	0	746
Scaffold_6240	48943	1	0	0	747
Scaffold_3532	48932	1	0	0	748
Scaffold_8848	48925	1	0	0	749
Scaffold_963	48919	2	0	0	750
Scaffold_1074	48913	1	0	0	751
Scaffold_10291	48896	1	0	0	752
Scaffold_5696	48879	16	1	0.0625	753
Scaffold_5813	48838	2	0	0	754
Scaffold_8328	48799	1	0	0	755
Scaffold_4493	48792	1	0	0	756
Scaffold_5452	48752	1	0	0	757
Scaffold_3876	48742	2	0	0	758
Scaffold_7534	48715	1	0	0	759
Scaffold_4915	48697	1	0	0	760
Scaffold_849	48567	8	0	0	761
Scaffold_10351	48538	2	0	0	762
Scaffold_7019	48486	1	0	0	763
Scaffold_8712	48459	2	0	0	764
Scaffold_6905	48445	1	0	0	765
Scaffold_6386	48334	1	0	0	766
Scaffold_5562	48295	1	0	0	767
Scaffold_4574	48132	1	0	0	768
Scaffold_9344	48129	1	0	0	769
Scaffold_6317	47954	1	0	0	770
Scaffold_5249	47952	2	0	0	771
Scaffold_5695	47881	7	1	0.142857142857143	772
Scaffold_7519	47824	1	0	0	773
Scaffold_554	47819	5	0	0	774
Scaffold_9309	47815	1	0	0	775
Scaffold_7069	47790	1	0	0	776
Scaffold_3891	47710	1	0	0	777
Scaffold_4545	47660	2	0	0	778
Scaffold_4999	47645	1	0	0	779
Scaffold_8517	47545	1	0	0	780
Scaffold_7229	47465	2	0	0	781
Scaffold_8015	47395	1	0	0	782
Scaffold_8458	47330	1	0	0	783
Scaffold_4114	47319	1	0	0	784
Scaffold_5719	47287	1	0	0	785
Scaffold_6764	47219	1	0	0	786
Scaffold_4352	47213	1	0	0	787
Scaffold_3529	47117	1	0	0	788
Scaffold_7347	47108	1	0	0	789
Scaffold_106	47064	1	0	0	790
Scaffold_405	47063	4	0	0	791
Scaffold_9176	46895	1	0	0	792
Scaffold_4333	46892	2	0	0	793
Scaffold_4713	46891	1	0	0	794
Scaffold_5643	46772	1	0	0	795
Scaffold_3725	46676	1	0	0	796
Scaffold_5588	46619	1	0	0	797
Scaffold_400	46574	1	0	0	798
Scaffold_5456	46501	1	0	0	799
Scaffold_723	46467	1	0	0	800
Scaffold_239	46417	1	0	0	801
Scaffold_637	46417	1	0	0	802
Scaffold_9912	46371	2	0	0	803
Scaffold_5353	46364	3	1	0.333333333333333	804
Scaffold_155	46328	2	0	0	805
Scaffold_4764	46321	1	0	0	806
Scaffold_1018	46318	2	0	0	807
Scaffold_6171	46316	1	0	0	808
Scaffold_7734	46295	2	0	0	809
Scaffold_6458	46274	2	0	0	810
Scaffold_4799	46201	2	0	0	811
Scaffold_71	46190	1	0	0	812
Scaffold_441	46178	1	0	0	813
Scaffold_7372	46174	1	0	0	814
Scaffold_7255	46139	2	0	0	815
Scaffold_4369	46138	2	0	0	816
Scaffold_4384	46127	1	0	0	817
Scaffold_7992	46060	1	0	0	818
Scaffold_3650	46035	1	0	0	819
Scaffold_3761	46018	1	0	0	820
Scaffold_8267	45906	1	0	0	821
Scaffold_1083	45808	1	0	0	822
Scaffold_3728	45766	3	0	0	823
Scaffold_7115	45739	3	0	0	824
Scaffold_5887	45733	1	0	0	825
Scaffold_8639	45714	22	0	0	826
Scaffold_8352	45671	1	0	0	827
Scaffold_4756	45662	1	0	0	828
Scaffold_7357	45628	1	0	0	829
Scaffold_9285	45505	1	0	0	830
Scaffold_6536	45487	1	0	0	831
Scaffold_5523	45423	3	0	0	832
Scaffold_1026	45422	2	0	0	833
Scaffold_5720	45399	1	0	0	834
Scaffold_6634	45397	2	0	0	835
Scaffold_5669	45387	1	0	0	836
Scaffold_7940	45337	1	0	0	837
Scaffold_6213	45169	2	0	0	838
Scaffold_5475	45099	2	0	0	839
Scaffold_4723	45064	1	0	0	840
Scaffold_7208	45011	1	0	0	841
Scaffold_714	44982	1	0	0	842
Scaffold_9602	44971	1	0	0	843
Scaffold_7730	44906	1	0	0	844
Scaffold_313	44851	1	0	0	845
Scaffold_8821	44832	1	0	0	846
Scaffold_6801	44750	1	0	0	847
Scaffold_9311	44731	1	0	0	848
Scaffold_1023	44633	3	0	0	849
Scaffold_6974	44631	2	0	0	850
Scaffold_5618	44617	1	0	0	851
Scaffold_7137	44560	2	0	0	852
Scaffold_7434	44496	2	0	0	853
Scaffold_562	44483	5	0	0	854
Scaffold_6424	44436	1	0	0	855
Scaffold_9362	44411	1	0	0	856
Scaffold_4433	44371	1	0	0	857
Scaffold_4550	44289	2	0	0	858
Scaffold_8160	44283	1	0	0	859
Scaffold_332	44271	1	0	0	860
Scaffold_7068	44270	1	0	0	861
Scaffold_9129	44188	1	0	0	862
Scaffold_7385	44181	2	0	0	863
Scaffold_8330	44105	1	0	0	864
Scaffold_3685	44090	1	0	0	865
Scaffold_6642	43977	2	0	0	866
Scaffold_8820	43952	1	0	0	867
Scaffold_5594	43938	1	0	0	868
Scaffold_5381	43769	1	0	0	869
Scaffold_5546	43754	1	0	0	870
Scaffold_8146	43742	1	0	0	871
Scaffold_10306	43714	1	0	0	872
Scaffold_6209	43610	2	0	0	873
Scaffold_7210	43565	2	0	0	874
Scaffold_4806	43521	1	0	0	875
Scaffold_9099	43471	2	0	0	876
Scaffold_7698	43448	2	0	0	877
Scaffold_6539	43430	1	0	0	878
Scaffold_5677	43349	1	0	0	879
Scaffold_563	43317	4	0	0	880
Scaffold_855	43306	6	0	0	881
Scaffold_9217	43222	2	0	0	882
Scaffold_3782	43199	1	0	0	883
Scaffold_7294	43139	2	0	0	884
Scaffold_5040	43088	4	0	0	885
Scaffold_6069	43051	1	0	0	886
Scaffold_4974	43035	2	0	0	887
Scaffold_6381	43030	2	0	0	888
Scaffold_5095	43016	1	0	0	889
Scaffold_3513	43006	1	0	0	890
Scaffold_523	43003	1	0	0	891
Scaffold_6723	42989	6	0	0	892
Scaffold_175	42953	1	0	0	893
Scaffold_5807	42950	1	0	0	894
Scaffold_8506	42859	1	0	0	895
Scaffold_6234	42816	2	0	0	896
Scaffold_1091	42807	1	0	0	897
Scaffold_721	42762	1	0	0	898
Scaffold_5048	42660	1	0	0	899
Scaffold_4116	42598	1	0	0	900
Scaffold_6252	42509	1	0	0	901
Scaffold_6300	42409	1	0	0	902
Scaffold_850	42388	5	0	0	903
Scaffold_501	42367	1	0	0	904
Scaffold_557	42364	1	0	0	905
Scaffold_4386	42352	1	0	0	906
Scaffold_6958	42318	1	0	0	907
Scaffold_3774	42300	1	0	0	908
Scaffold_6312	42274	1	0	0	909
Scaffold_3484	42174	4	0	0	910
Scaffold_5591	42170	1	0	0	911
Scaffold_6774	42099	1	0	0	912
Scaffold_8927	42041	1	0	0	913
Scaffold_4614	41937	2	0	0	914
Scaffold_8312	41902	4	0	0	915
Scaffold_6184	41901	1	0	0	916
Scaffold_3850	41900	2	0	0	917
Scaffold_7151	41885	1	0	0	918
Scaffold_7183	41884	1	0	0	919
Scaffold_8341	41851	2	0	0	920
Scaffold_1011	41791	1	0	0	921
Scaffold_6061	41780	1	0	0	922
Scaffold_4533	41719	1	0	0	923
Scaffold_384	41699	2	0	0	924
Scaffold_532	41656	1	0	0	925
Scaffold_4941	41595	1	0	0	926
Scaffold_3722	41591	1	0	0	927
Scaffold_5824	41557	3	0	0	928
Scaffold_227	41553	1	0	0	929
Scaffold_8326	41518	4	0	0	930
Scaffold_3639	41482	1	0	0	931
Scaffold_5848	41460	1	0	0	932
Scaffold_4994	41404	1	0	0	933
Scaffold_184	41395	2	0	0	934
Scaffold_9165	41362	1	0	0	935
Scaffold_4841	41262	1	0	0	936
Scaffold_3559	41242	1	0	0	937
Scaffold_696	41186	2	0	0	938
Scaffold_29	41179	1	0	0	939
Scaffold_7331	41160	4	0	0	940
Scaffold_7638	41157	3	0	0	941
Scaffold_9299	41133	6	0	0	942
Scaffold_6394	41096	2	0	0	943
Scaffold_7874	41063	1	0	0	944
Scaffold_7941	40971	1	0	0	945
Scaffold_8357	40880	1	0	0	946
Scaffold_10268	40865	1	0	0	947
Scaffold_645	40830	4	0	0	948
Scaffold_7180	40789	1	0	0	949
Scaffold_7492	40697	1	0	0	950
Scaffold_8817	40641	1	0	0	951
Scaffold_6960	40500	1	0	0	952
Scaffold_8130	40470	1	0	0	953
Scaffold_505	40441	1	0	0	954
Scaffold_5832	40384	1	0	0	955
Scaffold_7719	40378	1	0	0	956
Scaffold_5172	40261	3	0	0	957
Scaffold_10125	40254	6	0	0	958
Scaffold_6951	40253	1	0	0	959
Scaffold_8113	40061	1	0	0	960
Scaffold_6618	40033	1	0	0	961
Scaffold_6916	40023	1	0	0	962
Scaffold_3991	39967	1	0	0	963
Scaffold_9141	39967	1	0	0	964
Scaffold_1746	39909	1	1	1	965
Scaffold_6591	39863	1	0	0	966
Scaffold_6089	39706	1	0	0	967
Scaffold_4164	39693	1	0	0	968
Scaffold_7376	39671	1	0	0	969
Scaffold_8161	39650	1	0	0	970
Scaffold_5274	39626	1	0	0	971
Scaffold_4355	39578	1	0	0	972
Scaffold_8353	39572	1	0	0	973
Scaffold_4683	39538	2	0	0	974
Scaffold_4591	39475	1	0	0	975
Scaffold_3558	39463	1	0	0	976
Scaffold_8557	39440	1	0	0	977
Scaffold_6204	39420	1	0	0	978
Scaffold_9075	39416	1	0	0	979
Scaffold_5885	39378	2	0	0	980
Scaffold_1028	39345	7	0	0	981
Scaffold_3528	39156	1	0	0	982
Scaffold_4426	39125	1	0	0	983
Scaffold_3759	39085	1	0	0	984
Scaffold_9642	39041	1	0	0	985
Scaffold_415	38973	1	0	0	986
Scaffold_7156	38912	1	0	0	987
Scaffold_3763	38883	1	0	0	988
Scaffold_3860	38804	1	0	0	989
Scaffold_86	38798	3	0	0	990
Scaffold_6482	38738	1	0	0	991
Scaffold_3897	38704	2	0	0	992
Scaffold_4586	38676	3	0	0	993
Scaffold_6216	38565	1	0	0	994
Scaffold_5505	38533	1	0	0	995
Scaffold_6594	38493	3	0	0	996
Scaffold_6032	38480	1	0	0	997
Scaffold_7473	38480	1	0	0	998
Scaffold_8013	38452	1	0	0	999
Scaffold_6811	38431	1	0	0	1000
Scaffold_652	38376	1	0	0	1001
Scaffold_8397	38327	8	0	0	1002
Scaffold_508	38314	1	0	0	1003
Scaffold_5478	38290	1	0	0	1004
Scaffold_5552	38265	2	0	0	1005
Scaffold_6886	38245	2	0	0	1006
Scaffold_852	38220	2	0	0	1007
Scaffold_9469	38217	1	0	0	1008
Scaffold_921	38216	1	0	0	1009
Scaffold_8828	38210	1	0	0	1010
Scaffold_8827	38188	1	0	0	1011
Scaffold_479	38124	1	0	0	1012
Scaffold_5163	38111	1	0	0	1013
Scaffold_7697	38030	1	0	0	1014
Scaffold_8567	38003	1	0	0	1015
Scaffold_302	37963	1	0	0	1016
Scaffold_7575	37953	1	0	0	1017
Scaffold_3667	37951	1	0	0	1018
Scaffold_9600	37905	1	0	0	1019
Scaffold_6501	37901	1	0	0	1020
Scaffold_891	37869	1	0	0	1021
Scaffold_1077	37859	1	0	0	1022
Scaffold_7360	37858	2	0	0	1023
Scaffold_413	37813	1	0	0	1024
Scaffold_6291	37736	1	0	0	1025
Scaffold_3966	37716	1	0	0	1026
Scaffold_4337	37707	1	0	0	1027
Scaffold_8887	37694	3	0	0	1028
Scaffold_6253	37687	1	0	0	1029
Scaffold_3954	37679	1	0	0	1030
Scaffold_6851	37626	2	0	0	1031
Scaffold_4183	37608	1	0	0	1032
Scaffold_9397	37592	1	0	0	1033
Scaffold_9135	37590	2	0	0	1034
Scaffold_5881	37559	1	0	0	1035
Scaffold_5258	37512	1	0	0	1036
Scaffold_8957	37460	1	0	0	1037
Scaffold_5925	37424	1	0	0	1038
Scaffold_3457	37381	2	0	0	1039
Scaffold_5717	37374	1	0	0	1040
Scaffold_6547	37340	2	0	0	1041
Scaffold_9425	37330	2	0	0	1042
Scaffold_9065	37291	1	0	0	1043
Scaffold_6085	37288	1	0	0	1044
Scaffold_397	37271	1	0	0	1045
Scaffold_6727	37217	4	0	0	1046
Scaffold_7530	37211	3	0	0	1047
Scaffold_6467	37170	1	0	0	1048
Scaffold_3726	37149	1	0	0	1049
Scaffold_5272	37137	2	0	0	1050
Scaffold_5928	37106	1	0	0	1051
Scaffold_8995	37078	3	0	0	1052
Scaffold_82	37064	1	0	0	1053
Scaffold_5335	36976	1	0	0	1054
Scaffold_6967	36913	1	0	0	1055
Scaffold_9943	36805	1	0	0	1056
Scaffold_5997	36753	1	0	0	1057
Scaffold_6237	36741	1	0	0	1058
Scaffold_3712	36725	1	0	0	1059
Scaffold_7170	36632	1	0	0	1060
Scaffold_6954	36625	2	0	0	1061
Scaffold_7116	36594	1	0	0	1062
Scaffold_6052	36548	3	0	0	1063
Scaffold_5901	36546	2	0	0	1064
Scaffold_8986	36495	1	0	0	1065
Scaffold_5495	36484	1	0	0	1066
Scaffold_8881	36450	1	0	0	1067
Scaffold_5007	36395	1	0	0	1068
Scaffold_8014	36384	1	0	0	1069
Scaffold_1062	36370	2	0	0	1070
Scaffold_7555	36356	1	0	0	1071
Scaffold_5174	36332	2	0	0	1072
Scaffold_6159	36321	1	0	0	1073
Scaffold_5208	36313	1	0	0	1074
Scaffold_3742	36308	1	0	0	1075
Scaffold_4078	36305	2	0	0	1076
Scaffold_3913	36270	1	0	0	1077
Scaffold_8008	36235	1	0	0	1078
Scaffold_6114	36169	1	0	0	1079
Scaffold_5502	36051	1	0	0	1080
Scaffold_745	36033	2	0	0	1081
Scaffold_8368	35996	1	0	0	1082
Scaffold_4320	35984	1	0	0	1083
Scaffold_1052	35944	8	0	0	1084
Scaffold_3493	35800	1	0	0	1085
Scaffold_8351	35758	2	0	0	1086
Scaffold_419	35742	1	0	0	1087
Scaffold_356	35667	1	0	0	1088
Scaffold_5716	35663	1	0	0	1089
Scaffold_4559	35599	1	0	0	1090
Scaffold_6326	35591	1	0	0	1091
Scaffold_5694	35575	1	0	0	1092
Scaffold_3515	35541	1	0	0	1093
Scaffold_863	35535	3	0	0	1094
Scaffold_4205	35499	1	0	0	1095
Scaffold_3613	35491	2	0	0	1096
Scaffold_960	35481	2	0	0	1097
Scaffold_3754	35429	1	0	0	1098
Scaffold_639	35425	3	0	0	1099
Scaffold_8122	35400	1	0	0	1100
Scaffold_8967	35390	2	0	0	1101
Scaffold_9300	35390	6	0	0	1102
Scaffold_9354	35343	2	0	0	1103
Scaffold_6084	35342	1	0	0	1104
Scaffold_7219	35339	1	0	0	1105
Scaffold_4851	35336	1	0	0	1106
Scaffold_4150	35317	3	0	0	1107
Scaffold_6534	35276	1	0	0	1108
Scaffold_8327	35190	4	0	0	1109
Scaffold_3721	35179	1	0	0	1110
Scaffold_6689	35146	3	0	0	1111
Scaffold_9610	35100	1	0	0	1112
Scaffold_6595	35056	2	0	0	1113
Scaffold_6081	35014	1	0	0	1114
Scaffold_8652	35013	1	0	0	1115
Scaffold_4098	35005	1	0	0	1116
Scaffold_7204	35004	2	0	0	1117
Scaffold_590	34986	4	0	0	1118
Scaffold_477	34929	3	0	0	1119
Scaffold_159	34927	2	0	0	1120
Scaffold_38	34922	1	0	0	1121
Scaffold_8378	34874	2	0	0	1122
Scaffold_8387	34874	1	0	0	1123
Scaffold_8849	34826	2	0	0	1124
Scaffold_3929	34795	1	0	0	1125
Scaffold_5489	34787	3	0	0	1126
Scaffold_9293	34784	1	0	0	1127
Scaffold_111	34762	1	0	0	1128
Scaffold_8478	34747	3	0	0	1129
Scaffold_685	34709	2	0	0	1130
Scaffold_948	34697	3	0	0	1131
Scaffold_6046	34692	1	0	0	1132
Scaffold_635	34687	1	0	0	1133
Scaffold_5773	34627	1	0	0	1134
Scaffold_5962	34627	1	0	0	1135
Scaffold_6018	34584	1	0	0	1136
Scaffold_7607	34576	1	0	0	1137
Scaffold_144	34561	2	0	0	1138
Scaffold_598	34489	2	0	0	1139
Scaffold_1033	34407	4	0	0	1140
Scaffold_5826	34349	1	0	0	1141
Scaffold_193	34274	1	0	0	1142
Scaffold_7459	34273	1	0	0	1143
Scaffold_309	34244	1	0	0	1144
Scaffold_744	34205	1	0	0	1145
Scaffold_1003	34197	1	0	0	1146
Scaffold_6471	34187	1	0	0	1147
Scaffold_5865	34168	1	0	0	1148
Scaffold_6956	34152	1	0	0	1149
Scaffold_7108	34128	2	0	0	1150
Scaffold_762	34103	1	0	0	1151
Scaffold_7728	34100	1	0	0	1152
Scaffold_5722	34095	1	0	0	1153
Scaffold_8874	34080	1	0	0	1154
Scaffold_8518	34009	1	0	0	1155
Scaffold_3866	33972	1	0	0	1156
Scaffold_1031	33932	1	0	0	1157
Scaffold_9402	33892	1	0	0	1158
Scaffold_4284	33867	1	0	0	1159
Scaffold_4566	33847	1	0	0	1160
Scaffold_9049	33838	1	0	0	1161
Scaffold_4342	33831	1	0	0	1162
Scaffold_4765	33820	1	0	0	1163
Scaffold_3912	33805	2	0	0	1164
Scaffold_4901	33794	1	0	0	1165
Scaffold_4563	33744	1	0	0	1166
Scaffold_4143	33605	1	0	0	1167
Scaffold_9027	33605	2	0	0	1168
Scaffold_6331	33595	1	0	0	1169
Scaffold_7968	33441	3	0	0	1170
Scaffold_468	33433	2	0	0	1171
Scaffold_8873	33383	1	0	0	1172
Scaffold_7214	33361	1	0	0	1173
Scaffold_8448	33359	1	0	0	1174
Scaffold_5431	33347	1	0	0	1175
Scaffold_220	33346	1	0	0	1176
Scaffold_4950	33344	2	0	0	1177
Scaffold_9181	33320	1	0	0	1178
Scaffold_5823	33285	3	0	0	1179
Scaffold_4886	33196	1	0	0	1180
Scaffold_90	33113	1	0	0	1181
Scaffold_8050	33088	1	0	0	1182
Scaffold_799	33046	1	0	0	1183
Scaffold_217	32998	1	0	0	1184
Scaffold_4306	32984	1	0	0	1185
Scaffold_6858	32983	1	0	0	1186
Scaffold_8433	32954	1	0	0	1187
Scaffold_6874	32953	1	0	0	1188
Scaffold_877	32876	1	0	0	1189
Scaffold_4177	32852	1	0	0	1190
Scaffold_8858	32820	1	0	0	1191
Scaffold_3629	32816	1	0	0	1192
Scaffold_8016	32742	1	0	0	1193
Scaffold_5564	32714	1	0	0	1194
Scaffold_410	32700	1	0	0	1195
Scaffold_756	32694	4	0	0	1196
Scaffold_8857	32679	1	0	0	1197
Scaffold_6014	32669	1	0	0	1198
Scaffold_4404	32660	1	0	0	1199
Scaffold_132	32614	1	0	0	1200
Scaffold_9453	32613	2	0	0	1201
Scaffold_5288	32603	1	0	0	1202
Scaffold_4189	32601	1	0	0	1203
Scaffold_5313	32553	1	0	0	1204
Scaffold_7639	32474	1	0	0	1205
Scaffold_5837	32455	1	0	0	1206
Scaffold_8289	32435	2	0	0	1207
Scaffold_627	32419	1	0	0	1208
Scaffold_8010	32393	1	0	0	1209
Scaffold_8156	32349	1	0	0	1210
Scaffold_5348	32329	1	0	0	1211
Scaffold_8469	32307	2	0	0	1212
Scaffold_9171	32296	1	0	0	1213
Scaffold_9100	32250	1	1	1	1214
Scaffold_9361	32212	1	0	0	1215
Scaffold_8631	32195	3	0	0	1216
Scaffold_9253	32155	7	0	0	1217
Scaffold_976	32155	1	1	1	1218
Scaffold_8746	32138	1	0	0	1219
Scaffold_6950	32123	1	0	0	1220
Scaffold_3677	32117	1	0	0	1221
Scaffold_8716	32042	1	0	0	1222
Scaffold_4737	31944	1	0	0	1223
Scaffold_9474	31901	3	0	0	1224
Scaffold_7344	31893	1	0	0	1225
Scaffold_8869	31864	3	0	0	1226
Scaffold_4058	31802	1	0	0	1227
Scaffold_221	31800	1	0	0	1228
Scaffold_6131	31782	2	0	0	1229
Scaffold_9272	31763	3	0	0	1230
Scaffold_7346	31753	4	0	0	1231
Scaffold_4690	31707	1	0	0	1232
Scaffold_8996	31700	1	0	0	1233
Scaffold_9731	31636	1	0	0	1234
Scaffold_3656	31563	1	0	0	1235
Scaffold_4708	31551	1	0	0	1236
Scaffold_134	31536	1	0	0	1237
Scaffold_4526	31510	1	0	0	1238
Scaffold_5968	31491	1	0	0	1239
Scaffold_7938	31476	1	0	0	1240
Scaffold_3711	31419	2	0	0	1241
Scaffold_4456	31378	2	0	0	1242
Scaffold_7410	31332	1	0	0	1243
Scaffold_8234	31306	1	0	0	1244
Scaffold_392	31264	1	0	0	1245
Scaffold_5906	31233	1	0	0	1246
Scaffold_4196	31232	1	0	0	1247
Scaffold_9403	31207	1	0	0	1248
Scaffold_3527	31193	1	0	0	1249
Scaffold_5602	31164	1	0	0	1250
Scaffold_9001	31088	2	0	0	1251
Scaffold_8532	31069	1	0	0	1252
Scaffold_9186	31060	1	0	0	1253
Scaffold_8603	31051	1	0	0	1254
Scaffold_655	31046	1	0	0	1255
Scaffold_9197	31031	1	0	0	1256
Scaffold_7177	31023	1	0	0	1257
Scaffold_932	31019	3	0	0	1258
Scaffold_8044	31014	2	0	0	1259
Scaffold_1058	31007	2	0	0	1260
Scaffold_4469	30999	1	0	0	1261
Scaffold_5922	30975	1	0	0	1262
Scaffold_3701	30954	1	0	0	1263
Scaffold_9417	30952	1	0	0	1264
Scaffold_5892	30949	2	0	0	1265
Scaffold_602	30949	1	0	0	1266
Scaffold_7023	30908	1	0	0	1267
Scaffold_8978	30894	1	0	0	1268
Scaffold_9114	30875	1	0	0	1269
Scaffold_827	30866	1	0	0	1270
Scaffold_8642	30860	16	1	0.0625	1271
Scaffold_8833	30843	1	0	0	1272
Scaffold_7706	30826	1	0	0	1273
Scaffold_546	30823	1	0	0	1274
Scaffold_6327	30798	1	0	0	1275
Scaffold_453	30767	2	0	0	1276
Scaffold_3637	30749	1	0	0	1277
Scaffold_5753	30748	1	0	0	1278
Scaffold_81	30695	1	0	0	1279
Scaffold_4315	30694	1	0	0	1280
Scaffold_5905	30666	3	0	0	1281
Scaffold_5951	30643	1	0	0	1282
Scaffold_8242	30607	2	0	0	1283
Scaffold_3812	30572	1	0	0	1284
Scaffold_4793	30563	1	0	0	1285
Scaffold_3776	30534	1	0	0	1286
Scaffold_4677	30505	1	0	0	1287
Scaffold_3634	30498	1	0	0	1288
Scaffold_4017	30470	1	0	0	1289
Scaffold_6743	30469	1	1	1	1290
Scaffold_6647	30418	1	0	0	1291
Scaffold_8662	30406	1	0	0	1292
Scaffold_10375	30362	1	0	0	1293
Scaffold_876	30347	1	0	0	1294
Scaffold_5816	30338	2	0	0	1295
Scaffold_9458	30306	2	0	0	1296
Scaffold_3841	30285	1	0	0	1297
Scaffold_9475	30272	1	0	0	1298
Scaffold_4329	30250	1	0	0	1299
Scaffold_800	30230	3	0	0	1300
Scaffold_6135	30194	1	0	0	1301
Scaffold_273	30156	1	0	0	1302
Scaffold_349	30151	1	1	1	1303
Scaffold_262	30131	1	0	0	1304
Scaffold_9481	30127	4	0	0	1305
Scaffold_1007	30102	2	0	0	1306
Scaffold_3598	30076	1	0	0	1307
Scaffold_3550	30071	2	0	0	1308
Scaffold_8808	30014	1	0	0	1309
Scaffold_3867	30009	1	0	0	1310
Scaffold_7625	30007	2	1	0.5	1311
Scaffold_8785	29938	1	0	0	1312
Scaffold_5763	29932	1	0	0	1313
Scaffold_935	29911	3	0	0	1314
Scaffold_8119	29852	1	0	0	1315
Scaffold_9238	29820	4	0	0	1316
Scaffold_3837	29813	3	0	0	1317
Scaffold_7112	29792	1	0	0	1318
Scaffold_8870	29772	2	0	0	1319
Scaffold_9360	29766	2	0	0	1320
Scaffold_4003	29743	1	0	0	1321
Scaffold_766	29742	1	0	0	1322
Scaffold_6017	29740	2	0	0	1323
Scaffold_6472	29733	2	0	0	1324
Scaffold_6053	29724	2	0	0	1325
Scaffold_4442	29700	1	0	0	1326
Scaffold_6744	29688	2	0	0	1327
Scaffold_9143	29627	7	0	0	1328
Scaffold_3603	29597	1	0	0	1329
Scaffold_4256	29589	1	0	0	1330
Scaffold_8534	29563	3	0	0	1331
Scaffold_5978	29561	1	0	0	1332
Scaffold_5309	29541	3	1	0.333333333333333	1333
Scaffold_946	29428	3	0	0	1334
Scaffold_6111	29425	1	0	0	1335
Scaffold_5418	29421	1	0	0	1336
Scaffold_5697	29379	7	0	0	1337
Scaffold_6146	29377	2	0	0	1338
Scaffold_8062	29356	1	0	0	1339
Scaffold_8011	29321	2	0	0	1340
Scaffold_5271	29309	2	0	0	1341
Scaffold_9364	29306	1	0	0	1342
Scaffold_3657	29301	1	0	0	1343
Scaffold_443	29282	1	0	0	1344
Scaffold_8336	29238	1	0	0	1345
Scaffold_767	29212	2	0	0	1346
Scaffold_6484	29197	1	0	0	1347
Scaffold_5287	29186	1	0	0	1348
Scaffold_8301	29163	3	0	0	1349
Scaffold_6728	29158	1	0	0	1350
Scaffold_7467	29155	1	0	0	1351
Scaffold_4741	29060	2	0	0	1352
Scaffold_1082	28973	1	0	0	1353
Scaffold_3612	28972	1	0	0	1354
Scaffold_9150	28957	1	0	0	1355
Scaffold_6794	28953	2	0	0	1356
Scaffold_6614	28936	1	0	0	1357
Scaffold_9052	28912	1	0	0	1358
Scaffold_5162	28906	1	0	0	1359
Scaffold_5193	28900	1	0	0	1360
Scaffold_1078	28838	1	0	0	1361
Scaffold_8114	28774	1	0	0	1362
Scaffold_9035	28765	2	0	0	1363
Scaffold_4768	28734	1	0	0	1364
Scaffold_4623	28673	1	0	0	1365
Scaffold_250	28653	2	0	0	1366
Scaffold_9465	28624	1	0	0	1367
Scaffold_4548	28596	1	0	0	1368
Scaffold_5228	28568	1	0	0	1369
Scaffold_623	28553	1	0	0	1370
Scaffold_422	28517	2	0	0	1371
Scaffold_7107	28510	1	0	0	1372
Scaffold_796	28505	1	0	0	1373
Scaffold_7533	28493	1	0	0	1374
Scaffold_8479	28470	2	0	0	1375
Scaffold_1044	28468	1	0	0	1376
Scaffold_9427	28462	1	0	0	1377
Scaffold_5196	28432	1	0	0	1378
Scaffold_4057	28414	3	0	0	1379
Scaffold_8897	28413	1	0	0	1380
Scaffold_205	28346	1	0	0	1381
Scaffold_4875	28327	1	0	0	1382
Scaffold_9303	28326	1	0	0	1383
Scaffold_8948	28316	2	0	0	1384
Scaffold_5057	28310	1	0	0	1385
Scaffold_7471	28307	1	0	0	1386
Scaffold_3863	28271	1	0	0	1387
Scaffold_3936	28268	1	0	0	1388
Scaffold_7001	28254	1	0	0	1389
Scaffold_7274	28247	1	0	0	1390
Scaffold_7465	28239	2	0	0	1391
Scaffold_6572	28221	1	0	0	1392
Scaffold_4459	28177	1	0	0	1393
Scaffold_5467	28171	1	0	0	1394
Scaffold_699	28157	3	0	0	1395
Scaffold_6854	28137	1	0	0	1396
Scaffold_7448	28125	1	0	0	1397
Scaffold_7837	28114	1	0	0	1398
Scaffold_993	28090	3	0	0	1399
Scaffold_4788	28087	1	0	0	1400
Scaffold_907	28064	1	0	0	1401
Scaffold_1103	28050	1	0	0	1402
Scaffold_8494	28050	1	0	0	1403
Scaffold_9389	28030	1	0	0	1404
Scaffold_6855	27986	1	0	0	1405
Scaffold_6687	27961	1	0	0	1406
Scaffold_7453	27945	2	0	0	1407
Scaffold_8158	27937	1	0	0	1408
Scaffold_7261	27876	1	0	0	1409
Scaffold_5227	27871	1	0	0	1410
Scaffold_166	27854	1	0	0	1411
Scaffold_6799	27851	3	0	0	1412
Scaffold_7608	27842	1	0	0	1413
Scaffold_6155	27833	1	0	0	1414
Scaffold_1021	27830	5	0	0	1415
Scaffold_6262	27789	1	0	0	1416
Scaffold_8926	27775	1	0	0	1417
Scaffold_5255	27726	1	0	0	1418
Scaffold_6660	27725	2	0	0	1419
Scaffold_8770	27705	2	0	0	1420
Scaffold_9962	27705	4	0	0	1421
Scaffold_7356	27650	1	0	0	1422
Scaffold_8526	27620	3	0	0	1423
Scaffold_6280	27611	1	0	0	1424
Scaffold_8291	27603	1	1	1	1425
Scaffold_8364	27555	2	0	0	1426
Scaffold_4565	27529	1	0	0	1427
Scaffold_4862	27526	1	0	0	1428
Scaffold_5161	27518	1	0	0	1429
Scaffold_682	27516	3	0	0	1430
Scaffold_6955	27443	1	0	0	1431
Scaffold_12	27410	1	0	0	1432
Scaffold_7440	27314	1	0	0	1433
Scaffold_9230	27250	1	0	0	1434
Scaffold_650	27231	1	0	0	1435
Scaffold_6906	27204	1	0	0	1436
Scaffold_367	27135	1	0	0	1437
Scaffold_3700	27122	2	0	0	1438
Scaffold_277	27060	1	0	0	1439
Scaffold_7101	27047	1	0	0	1440
Scaffold_9025	27025	1	0	0	1441
Scaffold_7268	26993	1	0	0	1442
Scaffold_3531	26991	1	0	0	1443
Scaffold_5498	26982	1	0	0	1444
Scaffold_229	26970	1	0	0	1445
Scaffold_4551	26944	2	0	0	1446
Scaffold_3	26898	3	0	0	1447
Scaffold_6033	26893	1	0	0	1448
Scaffold_6548	26891	2	0	0	1449
Scaffold_6645	26879	1	0	0	1450
Scaffold_9255	26856	1	0	0	1451
Scaffold_7508	26847	1	0	0	1452
Scaffold_9046	26798	1	0	0	1453
Scaffold_8110	26793	1	0	0	1454
Scaffold_5831	26760	1	0	0	1455
Scaffold_4304	26700	1	0	0	1456
Scaffold_414	26691	1	0	0	1457
Scaffold_62	26650	1	0	0	1458
Scaffold_7435	26522	2	0	0	1459
Scaffold_8198	26522	1	0	0	1460
Scaffold_9451	26505	1	0	0	1461
Scaffold_965	26503	1	0	0	1462
Scaffold_8186	26475	3	0	0	1463
Scaffold_1008	26473	2	0	0	1464
Scaffold_10307	26463	1	0	0	1465
Scaffold_9233	26450	1	0	0	1466
Scaffold_10290	26404	2	0	0	1467
Scaffold_8483	26403	2	0	0	1468
Scaffold_7179	26385	2	0	0	1469
Scaffold_7529	26304	1	0	0	1470
Scaffold_8208	26293	1	0	0	1471
Scaffold_5828	26280	1	0	0	1472
Scaffold_8809	26267	1	0	0	1473
Scaffold_9538	26255	1	0	0	1474
Scaffold_6818	26243	1	0	0	1475
Scaffold_881	26194	2	1	0.5	1476
Scaffold_1065	26180	3	0	0	1477
Scaffold_6346	26164	2	0	0	1478
Scaffold_3811	26142	1	0	0	1479
Scaffold_3669	26110	1	0	0	1480
Scaffold_7637	26099	1	0	0	1481
Scaffold_6368	26096	2	0	0	1482
Scaffold_9454	26062	1	0	0	1483
Scaffold_358	26056	1	0	0	1484
Scaffold_3940	25957	2	0	0	1485
Scaffold_7449	25942	1	0	0	1486
Scaffold_6824	25930	2	0	0	1487
Scaffold_8667	25861	1	0	0	1488
Scaffold_8021	25842	2	0	0	1489
Scaffold_1059	25815	1	0	0	1490
Scaffold_9456	25813	2	0	0	1491
Scaffold_9249	25809	2	0	0	1492
Scaffold_768	25796	2	0	0	1493
Scaffold_5836	25789	1	0	0	1494
Scaffold_6735	25521	1	0	0	1495
Scaffold_1064	25472	1	0	0	1496
Scaffold_8799	25453	1	0	0	1497
Scaffold_981	25442	3	0	0	1498
Scaffold_36	25419	1	0	0	1499
Scaffold_3530	25418	1	0	0	1500
Scaffold_4037	25418	1	0	0	1501
Scaffold_6843	25381	1	0	0	1502
Scaffold_3925	25354	1	0	0	1503
Scaffold_9442	25327	1	0	0	1504
Scaffold_6879	25301	1	0	0	1505
Scaffold_1075	25282	1	0	0	1506
Scaffold_5639	25276	2	0	0	1507
Scaffold_9028	25276	1	0	0	1508
Scaffold_9030	25234	2	0	0	1509
Scaffold_6000	25220	1	0	0	1510
Scaffold_9893	25183	6	0	0	1511
Scaffold_85	25169	2	1	0.5	1512
Scaffold_6197	25165	1	0	0	1513
Scaffold_7784	25128	1	0	0	1514
Scaffold_551	25124	1	0	0	1515
Scaffold_1025	25123	2	0	0	1516
Scaffold_873	25075	3	0	0	1517
Scaffold_7301	25072	1	0	0	1518
Scaffold_1099	25071	1	0	0	1519
Scaffold_6194	25053	1	0	0	1520
Scaffold_461	25040	2	0	0	1521
Scaffold_9149	25001	1	0	0	1522
Scaffold_7576	24979	1	0	0	1523
Scaffold_9256	24966	1	0	0	1524
Scaffold_4829	24946	1	0	0	1525
Scaffold_8410	24855	1	0	0	1526
Scaffold_7062	24812	1	0	0	1527
Scaffold_9277	24764	1	0	0	1528
Scaffold_3731	24683	1	0	0	1529
Scaffold_4613	24589	1	0	0	1530
Scaffold_145	24559	1	0	0	1531
Scaffold_5545	24538	1	0	0	1532
Scaffold_9336	24470	3	0	0	1533
Scaffold_224	24439	1	0	0	1534
Scaffold_8714	24399	1	0	0	1535
Scaffold_276	24390	1	0	0	1536
Scaffold_3827	24346	1	0	0	1537
Scaffold_8135	24341	1	0	0	1538
Scaffold_5363	24337	1	0	0	1539
Scaffold_1006	24304	3	0	0	1540
Scaffold_20	24290	1	0	0	1541
Scaffold_807	24278	3	0	0	1542
Scaffold_9265	24260	1	0	0	1543
Scaffold_7024	24213	1	0	0	1544
Scaffold_9051	24151	1	0	0	1545
Scaffold_385	24130	1	0	0	1546
Scaffold_6990	24116	1	0	0	1547
Scaffold_8123	24077	1	0	0	1548
Scaffold_7297	24045	1	0	0	1549
Scaffold_6835	24019	1	0	0	1550
Scaffold_197	24011	2	0	0	1551
Scaffold_8912	23997	2	0	0	1552
Scaffold_558	23864	1	0	0	1553
Scaffold_858	23857	1	0	0	1554
Scaffold_1138	23830	2	0	0	1555
Scaffold_8533	23779	1	0	0	1556
Scaffold_953	23761	1	0	0	1557
Scaffold_17	23709	2	0	0	1558
Scaffold_924	23685	1	0	0	1559
Scaffold_559	23681	3	1	0.333333333333333	1560
Scaffold_8334	23667	3	0	0	1561
Scaffold_5859	23641	1	0	0	1562
Scaffold_8684	23633	2	0	0	1563
Scaffold_5516	23617	1	0	0	1564
Scaffold_753	23612	1	0	0	1565
Scaffold_5159	23609	3	0	0	1566
Scaffold_4661	23608	1	0	0	1567
Scaffold_8321	23572	1	0	0	1568
Scaffold_6193	23560	1	0	0	1569
Scaffold_4905	23547	1	0	0	1570
Scaffold_7282	23527	1	0	0	1571
Scaffold_9452	23513	1	0	0	1572
Scaffold_9248	23492	1	0	0	1573
Scaffold_3632	23463	1	0	0	1574
Scaffold_5876	23462	1	0	0	1575
Scaffold_847	23461	1	0	0	1576
Scaffold_7481	23458	2	0	0	1577
Scaffold_686	23457	2	0	0	1578
Scaffold_856	23429	5	0	0	1579
Scaffold_9707	23414	1	0	0	1580
Scaffold_8463	23364	1	0	0	1581
Scaffold_8985	23350	1	0	0	1582
Scaffold_8752	23318	1	0	0	1583
Scaffold_2	23306	2	0	0	1584
Scaffold_8747	23298	2	0	0	1585
Scaffold_5785	23291	3	0	0	1586
Scaffold_4498	23268	1	0	0	1587
Scaffold_5730	23261	1	0	0	1588
Scaffold_8546	23200	1	0	0	1589
Scaffold_4760	23192	1	0	0	1590
Scaffold_6720	23188	2	0	0	1591
Scaffold_9199	23117	1	0	0	1592
Scaffold_369	23114	1	0	0	1593
Scaffold_7203	23102	1	0	0	1594
Scaffold_7150	23071	1	0	0	1595
Scaffold_7464	23015	1	0	0	1596
Scaffold_7731	22993	1	0	0	1597
Scaffold_372	22962	1	0	0	1598
Scaffold_8095	22913	1	0	0	1599
Scaffold_8894	22900	2	0	0	1600
Scaffold_939	22871	1	0	0	1601
Scaffold_581	22868	2	0	0	1602
Scaffold_7921	22849	1	0	0	1603
Scaffold_6334	22847	1	0	0	1604
Scaffold_9891	22845	2	0	0	1605
Scaffold_4823	22821	1	0	0	1606
Scaffold_7292	22808	1	0	0	1607
Scaffold_616	22797	1	0	0	1608
Scaffold_911	22755	1	0	0	1609
Scaffold_879	22733	3	0	0	1610
Scaffold_8452	22709	1	0	0	1611
Scaffold_6949	22706	2	0	0	1612
Scaffold_7499	22624	1	0	0	1613
Scaffold_6580	22580	1	0	0	1614
Scaffold_7335	22555	2	0	0	1615
Scaffold_7887	22522	1	0	0	1616
Scaffold_5595	22519	1	0	0	1617
Scaffold_4609	22513	1	0	0	1618
Scaffold_8758	22512	1	0	0	1619
Scaffold_3939	22511	1	0	0	1620
Scaffold_6441	22504	2	0	0	1621
Scaffold_7155	22488	3	0	0	1622
Scaffold_8600	22469	1	0	0	1623
Scaffold_4828	22435	1	0	0	1624
Scaffold_904	22418	1	0	0	1625
Scaffold_7109	22364	1	0	0	1626
Scaffold_9310	22361	1	0	0	1627
Scaffold_991	22336	2	0	0	1628
Scaffold_212	22301	1	0	0	1629
Scaffold_9124	22296	1	0	0	1630
Scaffold_8346	22285	2	0	0	1631
Scaffold_5735	22260	1	0	0	1632
Scaffold_5269	22226	1	0	0	1633
Scaffold_7142	22180	1	0	0	1634
Scaffold_7711	22176	1	0	0	1635
Scaffold_5739	22171	1	0	0	1636
Scaffold_8495	22171	1	0	0	1637
Scaffold_4403	22137	1	0	0	1638
Scaffold_5460	22134	3	0	0	1639
Scaffold_6396	22129	1	0	0	1640
Scaffold_7744	22098	1	0	0	1641
Scaffold_1116	22092	1	0	0	1642
Scaffold_6206	22081	1	0	0	1643
Scaffold_1010	22072	1	0	0	1644
Scaffold_5451	22025	1	0	0	1645
Scaffold_5305	22015	1	0	0	1646
Scaffold_9338	21958	1	0	0	1647
Scaffold_4365	21957	1	0	0	1648
Scaffold_8385	21942	1	0	0	1649
Scaffold_8460	21932	1	0	0	1650
Scaffold_8530	21906	1	0	0	1651
Scaffold_6057	21890	1	0	0	1652
Scaffold_9934	21887	1	0	0	1653
Scaffold_833	21852	1	0	0	1654
Scaffold_328	21847	2	0	0	1655
Scaffold_4354	21783	1	0	0	1656
Scaffold_7634	21771	1	0	0	1657
Scaffold_1115	21766	3	0	0	1658
Scaffold_7345	21757	1	0	0	1659
Scaffold_886	21754	2	0	0	1660
Scaffold_4910	21739	2	0	0	1661
Scaffold_779	21739	4	0	0	1662
Scaffold_7354	21733	2	0	0	1663
Scaffold_314	21708	2	0	0	1664
Scaffold_1141	21706	1	0	0	1665
Scaffold_8139	21683	1	0	0	1666
Scaffold_5741	21644	2	0	0	1667
Scaffold_4909	21627	1	0	0	1668
Scaffold_8409	21606	1	0	0	1669
Scaffold_7903	21588	1	0	0	1670
Scaffold_196	21506	1	1	1	1671
Scaffold_8342	21485	1	0	0	1672
Scaffold_6912	21473	1	0	0	1673
Scaffold_8288	21448	1	0	0	1674
Scaffold_4637	21408	2	0	0	1675
Scaffold_8893	21356	1	0	0	1676
Scaffold_8625	21347	1	0	0	1677
Scaffold_8965	21335	1	0	0	1678
Scaffold_5583	21315	1	1	1	1679
Scaffold_9976	21290	4	0	0	1680
Scaffold_4122	21256	1	0	0	1681
Scaffold_7104	21251	1	0	0	1682
Scaffold_10198	21247	1	0	0	1683
Scaffold_7695	21205	1	0	0	1684
Scaffold_6997	21174	1	0	0	1685
Scaffold_751	21135	1	0	0	1686
Scaffold_6108	21087	1	0	0	1687
Scaffold_6211	21079	2	0	0	1688
Scaffold_678	21077	3	2	0.666666666666667	1689
Scaffold_4077	21074	2	0	0	1690
Scaffold_5822	21043	4	0	0	1691
Scaffold_4534	21015	1	0	0	1692
Scaffold_8666	20999	1	0	0	1693
Scaffold_706	20990	1	0	0	1694
Scaffold_845	20988	2	0	0	1695
Scaffold_8269	20966	3	0	0	1696
Scaffold_5567	20962	2	0	0	1697
Scaffold_368	20943	1	0	0	1698
Scaffold_5029	20933	1	0	0	1699
Scaffold_5350	20911	1	0	0	1700
Scaffold_112	20900	2	0	0	1701
Scaffold_684	20893	2	0	0	1702
Scaffold_6426	20880	1	0	0	1703
Scaffold_492	20875	1	0	0	1704
Scaffold_813	20868	1	0	0	1705
Scaffold_5572	20859	1	0	0	1706
Scaffold_6360	20846	1	0	0	1707
Scaffold_73	20797	1	0	0	1708
Scaffold_738	20777	2	0	0	1709
Scaffold_937	20760	2	0	0	1710
Scaffold_7995	20759	1	0	0	1711
Scaffold_947	20753	1	0	0	1712
Scaffold_5570	20661	1	0	0	1713
Scaffold_5680	20651	1	0	0	1714
Scaffold_9508	20651	1	0	0	1715
Scaffold_3703	20627	1	0	0	1716
Scaffold_835	20627	3	0	0	1717
Scaffold_3698	20587	1	0	0	1718
Scaffold_5260	20572	1	0	0	1719
Scaffold_1127	20552	1	0	0	1720
Scaffold_7466	20548	1	0	0	1721
Scaffold_1098	20532	1	0	0	1722
Scaffold_236	20528	1	0	0	1723
Scaffold_3589	20502	1	0	0	1724
Scaffold_4257	20499	1	0	0	1725
Scaffold_7692	20454	1	0	0	1726
Scaffold_4348	20439	1	0	0	1727
Scaffold_5790	20396	1	0	0	1728
Scaffold_253	20386	1	0	0	1729
Scaffold_6615	20386	1	0	0	1730
Scaffold_6144	20372	1	0	0	1731
Scaffold_5939	20344	1	0	0	1732
Scaffold_6953	20325	1	0	0	1733
Scaffold_8218	20297	1	0	0	1734
Scaffold_6502	20283	1	0	0	1735
Scaffold_7812	20266	1	0	0	1736
Scaffold_5105	20249	1	0	0	1737
Scaffold_860	20202	1	0	0	1738
Scaffold_8335	20177	1	0	0	1739
Scaffold_52	20164	1	0	0	1740
Scaffold_689	20149	3	0	0	1741
Scaffold_10319	20144	1	0	0	1742
Scaffold_569	20082	1	0	0	1743
Scaffold_7816	20079	1	0	0	1744
Scaffold_284	20075	1	0	0	1745
Scaffold_9619	20006	1	0	0	1746
Scaffold_393	19996	1	0	0	1747
Scaffold_6627	19995	1	0	0	1748
Scaffold_190	19990	1	0	0	1749
Scaffold_7212	19984	1	0	0	1750
Scaffold_3706	19976	2	0	0	1751
Scaffold_8514	19964	1	0	0	1752
Scaffold_6369	19950	2	0	0	1753
Scaffold_7507	19924	1	0	0	1754
Scaffold_3955	19885	1	0	0	1755
Scaffold_8542	19860	1	0	0	1756
Scaffold_8303	19834	2	0	0	1757
Scaffold_1029	19822	4	0	0	1758
Scaffold_167	19743	1	0	0	1759
Scaffold_778	19727	1	0	0	1760
Scaffold_7230	19702	4	0	0	1761
Scaffold_7247	19688	1	0	0	1762
Scaffold_754	19685	1	0	0	1763
Scaffold_5930	19673	1	0	0	1764
Scaffold_3585	19625	2	0	0	1765
Scaffold_8908	19531	1	0	0	1766
Scaffold_7975	19523	1	0	0	1767
Scaffold_8199	19511	1	0	0	1768
Scaffold_4473	19506	3	0	0	1769
Scaffold_32	19487	1	0	0	1770
Scaffold_6685	19444	1	0	0	1771
Scaffold_3549	19426	1	0	0	1772
Scaffold_4736	19384	1	0	0	1773
Scaffold_1129	19370	1	0	0	1774
Scaffold_495	19348	1	0	0	1775
Scaffold_7197	19337	1	0	0	1776
Scaffold_6775	19325	1	0	0	1777
Scaffold_6719	19318	1	0	0	1778
Scaffold_8574	19268	3	0	0	1779
Scaffold_5904	19266	1	0	0	1780
Scaffold_4410	19230	1	0	0	1781
Scaffold_5647	19197	1	0	0	1782
Scaffold_248	19188	2	0	0	1783
Scaffold_9650	19178	1	0	0	1784
Scaffold_545	19172	1	0	0	1785
Scaffold_8601	19164	2	0	0	1786
Scaffold_8593	19161	1	0	0	1787
Scaffold_506	19144	1	0	0	1788
Scaffold_110	19090	2	0	0	1789
Scaffold_1124	19086	1	0	0	1790
Scaffold_5209	19053	1	0	0	1791
Scaffold_969	19013	1	0	0	1792
Scaffold_4571	19011	1	0	0	1793
Scaffold_5264	19001	1	0	0	1794
Scaffold_4951	18964	1	0	0	1795
Scaffold_829	18932	4	0	0	1796
Scaffold_4083	18919	1	0	0	1797
Scaffold_10418	18913	1	0	0	1798
Scaffold_1036	18889	3	0	0	1799
Scaffold_5424	18883	1	0	0	1800
Scaffold_7223	18878	2	0	0	1801
Scaffold_3658	18855	1	0	0	1802
Scaffold_964	18766	6	0	0	1803
Scaffold_7383	18731	1	0	0	1804
Scaffold_3873	18706	1	0	0	1805
Scaffold_6878	18704	3	0	0	1806
Scaffold_8636	18702	1	0	0	1807
Scaffold_5289	18669	2	0	0	1808
Scaffold_5649	18626	1	0	0	1809
Scaffold_7061	18588	1	0	0	1810
Scaffold_5871	18524	7	0	0	1811
Scaffold_1180	18521	1	0	0	1812
Scaffold_5041	18514	1	0	0	1813
Scaffold_10286	18479	1	0	0	1814
Scaffold_9258	18459	2	0	0	1815
Scaffold_9050	18400	1	0	0	1816
Scaffold_4639	18399	1	0	0	1817
Scaffold_6447	18370	1	0	0	1818
Scaffold_5910	18360	1	0	0	1819
Scaffold_898	18357	1	0	0	1820
Scaffold_1076	18325	1	0	0	1821
Scaffold_8391	18323	1	0	0	1822
Scaffold_7054	18309	1	0	0	1823
Scaffold_6881	18307	1	0	0	1824
Scaffold_9740	18273	1	0	0	1825
Scaffold_6907	18270	1	0	0	1826
Scaffold_2378	18254	2	1	0.5	1827
Scaffold_5306	18206	1	0	0	1828
Scaffold_7600	18192	3	0	0	1829
Scaffold_9206	18131	1	0	0	1830
Scaffold_8039	18122	3	0	0	1831
Scaffold_9461	18109	1	0	0	1832
Scaffold_9337	18073	1	0	0	1833
Scaffold_8019	18049	1	0	0	1834
Scaffold_9218	18048	1	0	0	1835
Scaffold_642	18047	2	0	0	1836
Scaffold_8559	17990	2	0	0	1837
Scaffold_1057	17956	2	0	0	1838
Scaffold_1090	17940	1	0	0	1839
Scaffold_6019	17931	3	0	0	1840
Scaffold_8457	17929	1	0	0	1841
Scaffold_5549	17911	1	0	0	1842
Scaffold_9479	17901	1	0	0	1843
Scaffold_10224	17883	1	0	0	1844
Scaffold_6058	17846	2	0	0	1845
Scaffold_6333	17716	1	0	0	1846
Scaffold_6210	17705	1	0	0	1847
Scaffold_8890	17626	1	0	0	1848
Scaffold_6836	17621	1	0	0	1849
Scaffold_8261	17620	2	0	0	1850
Scaffold_9426	17619	1	0	0	1851
Scaffold_8909	17563	1	0	0	1852
Scaffold_7427	17522	1	0	0	1853
Scaffold_985	17518	2	0	0	1854
Scaffold_7835	17499	1	0	0	1855
Scaffold_4448	17483	1	0	0	1856
Scaffold_8310	17476	1	0	0	1857
Scaffold_6577	17441	1	0	0	1858
Scaffold_7585	17435	1	0	0	1859
Scaffold_527	17422	2	0	0	1860
Scaffold_7462	17421	1	0	0	1861
Scaffold_6072	17360	2	0	0	1862
Scaffold_8519	17345	1	0	0	1863
Scaffold_711	17261	1	0	0	1864
Scaffold_4774	17235	1	0	0	1865
Scaffold_1041	17196	2	0	0	1866
Scaffold_9742	17180	1	0	0	1867
Scaffold_9023	17148	1	0	0	1868
Scaffold_665	17147	2	0	0	1869
Scaffold_466	17135	1	0	0	1870
Scaffold_6641	17105	1	0	0	1871
Scaffold_8489	16918	1	0	0	1872
Scaffold_3743	16909	1	0	0	1873
Scaffold_8404	16902	1	0	0	1874
Scaffold_2220	16899	2	0	0	1875
Scaffold_8645	16894	1	0	0	1876
Scaffold_6663	16883	1	0	0	1877
Scaffold_3838	16878	1	0	0	1878
Scaffold_9457	16878	1	0	0	1879
Scaffold_9476	16818	1	0	0	1880
Scaffold_8939	16805	1	0	0	1881
Scaffold_8012	16790	1	0	0	1882
Scaffold_6473	16763	1	0	0	1883
Scaffold_1801	16720	1	0	0	1884
Scaffold_6562	16713	1	0	0	1885
Scaffold_7286	16711	3	0	0	1886
Scaffold_5668	16696	1	0	0	1887
Scaffold_26	16638	1	0	0	1888
Scaffold_793	16584	1	0	0	1889
Scaffold_4397	16581	1	0	0	1890
Scaffold_9271	16563	4	0	0	1891
Scaffold_3895	16544	1	0	0	1892
Scaffold_4237	16500	1	0	0	1893
Scaffold_6071	16433	1	0	0	1894
Scaffold_7822	16393	2	0	0	1895
Scaffold_9414	16380	2	0	0	1896
Scaffold_1048	16317	1	0	0	1897
Scaffold_1186	16314	1	0	0	1898
Scaffold_5485	16307	1	0	0	1899
Scaffold_9064	16297	1	0	0	1900
Scaffold_5403	16285	1	0	0	1901
Scaffold_1929	16282	1	0	0	1902
Scaffold_5916	16190	1	0	0	1903
Scaffold_9903	16190	1	0	0	1904
Scaffold_6227	16184	1	0	0	1905
Scaffold_791	16160	1	0	0	1906
Scaffold_4995	16142	1	0	0	1907
Scaffold_8482	16118	1	0	0	1908
Scaffold_8069	16102	1	0	0	1909
Scaffold_9969	16097	2	1	0.5	1910
Scaffold_7522	16078	1	0	0	1911
Scaffold_200	16045	1	0	0	1912
Scaffold_7556	16039	1	0	0	1913
Scaffold_5835	15993	1	0	0	1914
Scaffold_6430	15977	1	0	0	1915
Scaffold_8376	15969	1	0	0	1916
Scaffold_3941	15960	2	0	0	1917
Scaffold_9288	15939	1	0	0	1918
Scaffold_4889	15915	1	0	0	1919
Scaffold_8997	15878	1	0	0	1920
Scaffold_3853	15826	1	0	0	1921
Scaffold_1089	15776	3	0	0	1922
Scaffold_4502	15776	1	0	0	1923
Scaffold_7885	15759	1	0	0	1924
Scaffold_5156	15734	1	0	0	1925
Scaffold_5751	15730	1	0	0	1926
Scaffold_5500	15715	1	0	0	1927
Scaffold_5579	15685	1	0	0	1928
Scaffold_761	15612	1	0	0	1929
Scaffold_463	15601	1	0	0	1930
Scaffold_1173	15589	3	0	0	1931
Scaffold_4646	15586	1	0	0	1932
Scaffold_1965	15575	1	0	0	1933
Scaffold_8640	15556	1	0	0	1934
Scaffold_3990	15509	1	0	0	1935
Scaffold_6020	15420	3	0	0	1936
Scaffold_10223	15316	3	1	0.333333333333333	1937
Scaffold_660	15270	1	0	0	1938
Scaffold_6989	15238	1	0	0	1939
Scaffold_2149	15150	2	0	0	1940
Scaffold_758	15143	1	0	0	1941
Scaffold_1259	15079	1	0	0	1942
Scaffold_2899	15005	1	0	0	1943
Scaffold_4025	14994	1	0	0	1944
Scaffold_862	14963	4	0	0	1945
Scaffold_6364	14955	1	0	0	1946
Scaffold_4372	14899	1	0	0	1947
Scaffold_6809	14873	2	0	0	1948
Scaffold_9133	14851	1	0	0	1949
Scaffold_6054	14845	1	0	0	1950
Scaffold_8318	14825	1	0	0	1951
Scaffold_6860	14804	2	0	0	1952
Scaffold_10220	14803	1	0	0	1953
Scaffold_3497	14796	1	0	0	1954
Scaffold_9685	14762	1	0	0	1955
Scaffold_8141	14749	1	0	0	1956
Scaffold_8487	14732	1	0	0	1957
Scaffold_4947	14708	1	0	0	1958
Scaffold_211	14680	1	0	0	1959
Scaffold_2251	14663	1	0	0	1960
Scaffold_9448	14659	2	0	0	1961
Scaffold_10215	14615	1	0	0	1962
Scaffold_10004	14575	1	0	0	1963
Scaffold_1168	14491	1	0	0	1964
Scaffold_7160	14459	1	0	0	1965
Scaffold_790	14422	1	0	0	1966
Scaffold_8700	14410	1	0	0	1967
Scaffold_9966	14396	1	0	0	1968
Scaffold_9929	14395	1	0	0	1969
Scaffold_7022	14346	1	0	0	1970
Scaffold_1271	14324	1	0	0	1971
Scaffold_4108	14308	1	0	0	1972
Scaffold_6756	14291	1	0	0	1973
Scaffold_4855	14259	1	0	0	1974
Scaffold_1672	14252	1	0	0	1975
Scaffold_7560	14243	1	0	0	1976
Scaffold_2211	14229	1	0	0	1977
Scaffold_8959	14223	2	0	0	1978
Scaffold_9055	14211	1	0	0	1979
Scaffold_7902	14190	1	0	0	1980
Scaffold_9289	14178	1	0	0	1981
Scaffold_2384	14144	1	0	0	1982
Scaffold_6691	14105	1	0	0	1983
Scaffold_9975	14089	1	0	0	1984
Scaffold_7426	14034	1	0	0	1985
Scaffold_1042	14012	1	1	1	1986
Scaffold_2259	13960	3	0	0	1987
Scaffold_3768	13949	1	0	0	1988
Scaffold_10207	13939	1	0	0	1989
Scaffold_6674	13933	1	0	0	1990
Scaffold_7140	13870	1	0	0	1991
Scaffold_3420	13865	1	0	0	1992
Scaffold_3428	13861	1	0	0	1993
Scaffold_7689	13844	1	0	0	1994
Scaffold_9045	13795	1	0	0	1995
Scaffold_1047	13718	1	0	0	1996
Scaffold_9373	13703	2	0	0	1997
Scaffold_1395	13688	2	0	0	1998
Scaffold_9116	13684	1	0	0	1999
Scaffold_6388	13660	1	0	0	2000
Scaffold_4496	13657	2	0	0	2001
Scaffold_4729	13638	1	0	0	2002
Scaffold_6283	13573	1	0	0	2003
Scaffold_1538	13569	1	0	0	2004
Scaffold_7367	13489	1	0	0	2005
Scaffold_2602	13485	1	0	0	2006
Scaffold_10081	13476	1	0	0	2007
Scaffold_7296	13451	1	0	0	2008
Scaffold_10080	13412	1	0	0	2009
Scaffold_1163	13400	1	0	0	2010
Scaffold_1423	13369	1	0	0	2011
Scaffold_1331	13343	1	0	0	2012
Scaffold_3644	13312	1	0	0	2013
Scaffold_2826	13279	1	0	0	2014
Scaffold_10212	13271	3	0	0	2015
Scaffold_3248	13266	2	0	0	2016
Scaffold_2348	13231	2	0	0	2017
Scaffold_6742	13214	1	0	0	2018
Scaffold_6229	13210	1	0	0	2019
Scaffold_3398	13203	8	0	0	2020
Scaffold_9944	13161	1	0	0	2021
Scaffold_5937	13145	1	0	0	2022
Scaffold_703	13139	1	0	0	2023
Scaffold_8431	13136	1	0	0	2024
Scaffold_10199	13091	1	0	0	2025
Scaffold_9107	13034	1	0	0	2026
Scaffold_9287	13023	1	0	0	2027
Scaffold_1724	13020	1	0	0	2028
Scaffold_1553	12938	1	0	0	2029
Scaffold_2766	12900	1	0	0	2030
Scaffold_8429	12810	1	0	0	2031
Scaffold_4050	12782	1	0	0	2032
Scaffold_6172	12775	1	0	0	2033
Scaffold_7832	12765	1	0	0	2034
Scaffold_3088	12758	1	0	0	2035
Scaffold_9353	12727	4	0	0	2036
Scaffold_3271	12701	2	0	0	2037
Scaffold_40	12612	1	0	0	2038
Scaffold_9540	12609	1	0	0	2039
Scaffold_1589	12554	1	0	0	2040
Scaffold_1836	12545	1	0	0	2041
Scaffold_10023	12498	1	0	0	2042
Scaffold_9136	12428	1	0	0	2043
Scaffold_8837	12407	2	0	0	2044
Scaffold_4368	12357	1	0	0	2045
Scaffold_6852	12343	1	0	0	2046
Scaffold_1336	12318	1	0	0	2047
Scaffold_3063	12317	3	0	0	2048
Scaffold_9970	12285	2	0	0	2049
Scaffold_3193	12257	3	0	0	2050
Scaffold_6856	12253	1	0	0	2051
Scaffold_1037	12247	1	0	0	2052
Scaffold_8630	12245	1	0	0	2053
Scaffold_9132	12178	1	0	0	2054
Scaffold_3813	12138	1	0	0	2055
Scaffold_2129	12133	1	0	0	2056
Scaffold_5148	12115	1	0	0	2057
Scaffold_9490	12093	1	0	0	2058
Scaffold_3834	12076	1	0	0	2059
Scaffold_9945	12041	1	0	0	2060
Scaffold_1238	12025	1	0	0	2061
Scaffold_3229	11993	1	0	0	2062
Scaffold_5974	11915	1	0	0	2063
Scaffold_9985	11869	2	0	0	2064
Scaffold_1287	11845	1	0	0	2065
Scaffold_2832	11783	2	0	0	2066
Scaffold_2516	11752	2	0	0	2067
Scaffold_1260	11708	1	0	0	2068
Scaffold_1241	11683	5	0	0	2069
Scaffold_9340	11648	1	0	0	2070
Scaffold_2782	11632	1	0	0	2071
Scaffold_2898	11617	1	0	0	2072
Scaffold_9485	11597	3	0	0	2073
Scaffold_7254	11584	1	0	0	2074
Scaffold_3223	11576	1	0	0	2075
Scaffold_1643	11562	2	0	0	2076
Scaffold_10062	11540	1	0	0	2077
Scaffold_10061	11525	2	0	0	2078
Scaffold_3134	11447	1	0	0	2079
Scaffold_3042	11436	2	0	0	2080
Scaffold_967	11432	1	0	0	2081
Scaffold_2472	11417	1	0	0	2082
Scaffold_9220	11397	1	0	0	2083
Scaffold_1476	11391	1	0	0	2084
Scaffold_2728	11391	1	0	0	2085
Scaffold_3267	11332	2	0	0	2086
Scaffold_1108	11190	1	0	0	2087
Scaffold_4309	11176	1	0	0	2088
Scaffold_10130	11152	2	0	0	2089
Scaffold_2825	11130	1	0	0	2090
Scaffold_10113	11092	1	0	0	2091
Scaffold_996	11087	1	0	0	2092
Scaffold_1688	11070	1	0	0	2093
Scaffold_10134	11029	1	0	0	2094
Scaffold_2069	11018	1	1	1	2095
Scaffold_1530	11002	1	0	0	2096
Scaffold_2509	10995	3	0	0	2097
Scaffold_1277	10994	1	0	0	2098
Scaffold_1235	10989	3	1	0.333333333333333	2099
Scaffold_1292	10956	1	0	0	2100
Scaffold_9928	10951	1	0	0	2101
Scaffold_3188	10949	2	0	0	2102
Scaffold_7390	10940	1	0	0	2103
Scaffold_2746	10918	1	0	0	2104
Scaffold_2140	10917	1	0	0	2105
Scaffold_1155	10915	1	0	0	2106
Scaffold_1636	10908	1	0	0	2107
Scaffold_2285	10908	1	0	0	2108
Scaffold_3085	10877	1	0	0	2109
Scaffold_4605	10854	2	1	0.5	2110
Scaffold_2056	10778	2	0	0	2111
Scaffold_950	10774	1	0	0	2112
Scaffold_1027	10764	1	0	0	2113
Scaffold_3068	10761	2	0	0	2114
Scaffold_10100	10756	1	0	0	2115
Scaffold_3070	10712	2	0	0	2116
Scaffold_3102	10698	2	0	0	2117
Scaffold_1719	10691	1	0	0	2118
Scaffold_2537	10662	1	0	0	2119
Scaffold_1997	10591	1	0	0	2120
Scaffold_1294	10583	1	0	0	2121
Scaffold_1239	10578	1	0	0	2122
Scaffold_2508	10554	1	0	0	2123
Scaffold_2574	10547	1	0	0	2124
Scaffold_2829	10521	1	0	0	2125
Scaffold_3300	10425	1	0	0	2126
Scaffold_1414	10382	1	0	0	2127
Scaffold_1776	10380	1	0	0	2128
Scaffold_10089	10302	1	0	0	2129
Scaffold_579	10269	1	0	0	2130
Scaffold_2871	10247	1	0	0	2131
Scaffold_3295	10221	2	0	0	2132
Scaffold_10163	10172	1	0	0	2133
Scaffold_10150	10165	2	0	0	2134
Scaffold_1140	10163	1	0	0	2135
Scaffold_3233	10152	1	0	0	2136
Scaffold_1361	10144	1	0	0	2137
Scaffold_3111	10132	1	0	0	2138
Scaffold_10067	10116	1	0	0	2139
Scaffold_2971	10115	1	0	0	2140
Scaffold_7036	10111	1	0	0	2141
Scaffold_2460	10087	1	0	0	2142
Scaffold_10155	10085	1	0	0	2143
Scaffold_9621	10064	1	0	0	2144
Scaffold_10051	10018	1	0	0	2145
Scaffold_1247	9961	1	0	0	2146
Scaffold_3397	9955	1	0	0	2147
Scaffold_2889	9894	1	0	0	2148
Scaffold_1483	9833	1	0	0	2149
Scaffold_4307	9798	1	0	0	2150
Scaffold_2989	9685	1	0	0	2151
Scaffold_9890	9666	1	0	0	2152
Scaffold_2525	9574	1	0	0	2153
Scaffold_9923	9523	1	0	0	2154
Scaffold_3578	9508	1	0	0	2155
Scaffold_3007	9488	1	0	0	2156
Scaffold_2569	9383	1	0	0	2157
Scaffold_1522	9366	1	0	0	2158
Scaffold_7013	9356	1	0	0	2159
Scaffold_1952	8976	1	0	0	2160
Scaffold_6688	8867	1	0	0	2161
Scaffold_977	8815	1	0	0	2162
Scaffold_2699	8658	3	0	0	2163
Scaffold_9573	8626	1	0	0	2164
Scaffold_2051	8622	1	0	0	2165
Scaffold_10005	8548	1	1	1	2166
Scaffold_9550	8485	1	0	0	2167
Scaffold_9886	8440	1	0	0	2168
Scaffold_3143	8297	3	1	0.333333333333333	2169
Scaffold_2739	8232	1	0	0	2170
Scaffold_2066	8064	2	0	0	2171
Scaffold_9972	7802	1	0	0	2172
Scaffold_1284	7657	1	0	0	2173
Scaffold_1512	7556	1	0	0	2174
Scaffold_9888	7448	1	0	0	2175
Scaffold_2012	7158	1	0	0	2176
Scaffold_2778	6996	1	0	0	2177
Scaffold_6419	6969	1	0	0	2178
Scaffold_7080	6952	1	0	0	2179
Scaffold_5936	6919	1	0	0	2180
Scaffold_9765	6525	1	0	0	2181
Scaffold_9791	6370	2	0	0	2182
Scaffold_2850	6349	1	0	0	2183
Scaffold_3169	6202	1	0	0	2184
Scaffold_1303	6070	1	0	0	2185
Scaffold_3325	6003	2	0	0	2186
Scaffold_2648	5839	1	0	0	2187
Scaffold_8112	5761	1	0	0	2188
Scaffold_6179	5490	1	1	1	2189
Scaffold_1748	5169	1	0	0	2190
Scaffold_10242	4996	2	0	0	2191
Scaffold_3314	4915	1	0	0	2192
Scaffold_9994	4867	1	0	0	2193
Scaffold_10238	4854	1	0	0	2194
Scaffold_3222	4760	2	0	0	2195
Scaffold_2730	4725	2	0	0	2196
Scaffold_3208	4566	1	0	0	2197
Scaffold_3228	4337	2	0	0	2198
Scaffold_9298	4247	1	0	0	2199
Scaffold_2153	4067	1	0	0	2200
Scaffold_10154	4030	1	0	0	2201
Scaffold_9518	3836	1	0	0	2202
Scaffold_1868	3647	1	0	0	2203
Scaffold_2781	3567	2	0	0	2204
Scaffold_2499	3492	1	0	0	2205
Scaffold_3178	3327	1	0	0	2206
Scaffold_1390	2942	1	0	0	2207
Scaffold_1202	2445	1	0	0	2208
Scaffold_3351	2312	1	0	0	2209
Scaffold_1507	2049	1	0	0	2210
