corr_sample	corr_time	pvalue_sample	pvalue_time
MEthistle3	0.356360634827983	-0.0863139524750584	0.0385776063640946	0.627410546080689
MEgreen	0.342883272147266	0.125038581170479	0.0471228257552896	0.481062016013388
MElightpink3	0.299708545349442	0.135675601196153	0.0850592753854184	0.444227093514364
MEfirebrick4	-0.276205134118134	0.160879354891471	0.113824525855224	0.363386054466952
MElavenderblush3	-0.353886099144149	0.0839920403233693	0.0400447076057227	0.636733590955984
MEskyblue1	-0.124327019744968	0.185608160682172	0.483581245058872	0.293278306449472
MEfloralwhite	0.0122558548354208	0.153421495236199	0.945154601033381	0.386338356166812
MEindianred3	0.00929356662466438	0.170327512335064	0.958397678111657	0.335504999313443
MEmagenta4	0.00696647688146815	0.277145654264274	0.968808913718471	0.112548976187421
MEplum4	-0.0238097915579132	0.106028718137211	0.893671806550934	0.550634579568396
MEdarkgreen	0.286044870220342	0.0323686098027976	0.101005369100251	0.855796545188694
MEmediumpurple4	0.339728097508309	0.243750266936862	0.0493274661067645	0.164774887622478
MEbisque4	-0.0479995013900924	0.0998099668194253	0.787491639762028	0.574372337546489
MEgreenyellow	-0.245510447281836	0.118359168598417	0.161651110837196	0.504975483872626
MEbrown	0.371004556331082	0.0790026933984066	0.0307608838482755	0.656951833542196
MEskyblue4	0.397412834799181	0.135557685276701	0.0199441731860159	0.444626824016583
MElightsteelblue	0.159531545922027	0.0754253499069501	0.367472728973652	0.671597942931438
MElavenderblush2	0.314125586574189	0.277241248629853	0.0704127246894909	0.112419932607023
MElightpink4	0.210540085145349	0.0739478427171071	0.23201542897737	0.677682256073219
MEnavajowhite	0.587145464023369	0.0405812698097856	0.000261908751815272	0.819747104106819
MEsalmon1	0.445114588712636	-0.00765347547662408	0.0083432984723706	0.965734727596706
MElightpink2	0.127496220333485	0.53433255671428	0.472413536156814	0.00113335194795728
MEblueviolet	0.153345231681457	0.263391554448246	0.38657732812247	0.132298989072255
MEivory	0.0908026125154958	0.390205583002278	0.609548152831662	0.0225218025011551
MElightcoral	-0.0604882595047117	0.371704422142286	0.733989917221284	0.0304224515565897
MEsalmon2	-0.0335520740919479	0.302260518293623	0.850582244283322	0.082308915750977
MEsienna4	-0.359247987943774	0.105744541906369	0.0369210460330446	0.551709208046745
MEdarkslateblue	-0.463406829015845	-0.0941857265283254	0.00577741381239739	0.59622942220999
MEplum	-0.47698864520948	0.0370693447905971	0.00434087856927954	0.835122780111115
MEmediumpurple1	-0.373007398404064	0.112553292239081	0.0298004865625798	0.52623517009932
MEred	0.0892782962133922	-0.0370197214517343	0.615589966248733	0.835340482302022
MEbrown4	-0.297296665605898	0.0113761404254066	0.0877231738713704	0.949086065654729
MEdarkgrey	-0.653494557282353	0.03930991922811	2.78455418779527e-05	0.825305943517467
MEcoral3	-0.00938680744995405	0.0140470382946532	0.957980654693084	0.937153786954532
MEskyblue	-0.138916339306356	-0.0453385329288148	0.433317870179711	0.799024975405782
MEdeeppink	-0.440064239728284	0.198713974257228	0.00920293247298327	0.259898063840132
MEplum3	-0.280851054471153	0.129418135538853	0.10762787332071	0.465707544245445
MEdarkorange2	-0.611853436970448	0.0410779546348264	0.000120547401424664	0.817577729902851
MElightblue4	-0.517548446096618	0.0213126038834508	0.00172033567382995	0.904770038271194
MEantiquewhite4	-0.258714722831679	0.0360981995764162	0.139564843685188	0.839385450986317
MElightsteelblue1	-0.0465669322766382	0.310282883326337	0.793695422913201	0.0741083802436646
MEnavajowhite1	-0.246670070844878	0.105166558906801	0.159616538339088	0.553897905663286
MEturquoise	-0.379457540562714	-0.121272983688028	0.026872928105537	0.494470779215939
MEorangered3	-0.0184691215562372	-0.0169804835599107	0.917428792024303	0.924064138978836
MEyellow3	0.0757953688931804	-0.066344447627106	0.670077404802282	0.709302838982502
MEdarkolivegreen4	-0.157639979527806	0.0619510153419104	0.373253880704645	0.727797893844065
MEhoneydew1	-0.231116784082752	0.139365391135768	0.188472321122699	0.431817971376555
MEplum2	-0.238039892683355	0.232142854830472	0.175206559194917	0.186462947032988
MElightslateblue	-0.201340996911392	0.465424563798109	0.253521583411237	0.0055411545333554
MEnavajowhite2	-0.288629385242189	0.156691179377931	0.0978273670413036	0.376173752815579
MEwhite	0.00500623611580667	0.285370792378006	0.977582891926465	0.101846969235092
MEmaroon	0.0567514815197891	0.040058168919767	0.749882304098314	0.822033276729181
MElightcyan	-0.213825705265671	0.344491271378823	0.224642410035787	0.0460300064885994
MEskyblue3	-0.111631135457217	0.287987051291037	0.529651478803809	0.0986100030953222
MEblue2	-0.327217281399744	0.429393758325642	0.0588923267509392	0.0112689133526345
MEskyblue2	-0.227937648070919	0.287728604114508	0.194794499490639	0.0989262410071864
MEcyan	-0.239711821314258	0.375295569775686	0.17210492308958	0.0287334469275178
MEplum1	-0.27628688066009	0.114598210266438	0.11371323163607	0.518697831563254
MEfirebrick3	-0.654608523391344	0.0786179368055141	2.66936155349991e-05	0.658521187941503
MEdarkolivegreen	-0.364264289251627	0.166150621420903	0.0341804397003309	0.347664833835451
MEmagenta3	-0.314596600421741	0.144968474755071	0.0699698214485664	0.413345375943672
MEpalevioletred2	-0.106414471330454	-0.282377689533643	0.549177403621518	0.105648239282864
MEblue4	0.0399922056665389	0.0509373322771772	0.822321666713993	0.774809750139786
MEdarkorange	-0.132179567138329	0.143934534647056	0.45616114570167	0.416720177297253
MElightyellow	0.171464306993607	0.000946176122296091	0.332241265088454	0.99576266581683
MEtan	-0.0200237760939867	-0.34930358519998	0.910505036554538	0.0428804033850834
MEyellow4	-0.0827540045234653	-0.225276296795543	0.641727205117979	0.200199704739444
MEcoral2	-0.205853129904875	-0.273073830573299	0.242813380742753	0.118149409529118
MEdarkseagreen3	-0.00680496512908499	0.0126345941773248	0.96953171333797	0.943462392173168
MEantiquewhite2	0.117084050556713	-0.164818076517197	0.509607412618291	0.351599594300734
MEdarkviolet	0.0564683055221179	-0.28722085356944	0.751090866085075	0.0995497720607749
MEdarkred	0.0659392034221257	-0.243424477775364	0.711002170070075	0.165357776090936
MEmagenta	0.141266417436081	-0.374466835671519	0.425500096301033	0.0291162323852294
MEpink	0.107210892195352	-0.286503833376024	0.546174681164242	0.100435369710508
MEsaddlebrown	0.0416316296677953	-0.359172658907742	0.815161007091889	0.0369635194949259
MEbrown2	0.184323556161467	-0.251366414588913	0.296691152528642	0.151565239430556
MEsalmon	-0.167409151440219	-0.378702188322548	0.343973220001884	0.0272030322318474
MEcoral	0.428540332019055	-0.0182649643385673	0.0114498564677874	0.918338473590821
MEmediumorchid	0.365362015221229	-0.272408950516567	0.0336033550221575	0.119083312795888
MEcoral1	0.165860709884359	-0.176298321839391	0.348518611087807	0.318581962677844
MEorangered4	0.0463512392407075	-0.255942384149059	0.794630575667253	0.14400763530472
MEblack	-0.43019870132633	-0.0747989301524867	0.01110047011051	0.67417503903311
MEroyalblue	-0.320524130227532	-0.0198109092614795	0.0645801377479342	0.91145268196701
MEpalevioletred1	0.0838848962441202	0.0167356883517541	0.637165139823926	0.925155765122747
MEdarkseagreen4	-0.0670466089028988	-0.110935739531786	0.706361692649022	0.532234787942812
MEorangered1	-0.124806100054138	-0.0758586694649453	0.481884348442521	0.669817409185279
MEmediumpurple2	0.0240679217998299	-0.0419017795403665	0.892525694049638	0.813982442586263
MEmediumpurple3	-0.0337874949141443	0.0690784505637664	0.849545722979565	0.697874532975076
MEhoneydew	-0.130553866520097	-0.0938003716759675	0.461768531930996	0.597740110389433
MEthistle	-0.19687522203533	0.0369287453358823	0.264423548929126	0.835739634155189
MEblue	-0.137976417240895	0.0519917773498995	0.436466616579516	0.770271701984717
MElightcyan1	0.371741039328613	-0.0229655753012665	0.030404828838583	0.89742163803497
MEsienna3	0.375385148611643	0.0175468009622027	0.0286923193974194	0.921539259758199
MEthistle4	0.104188645313485	0.0212664484440521	0.55761024582433	0.904975339843713
MEsalmon4	0.184584675331615	-0.111442124021268	0.295995389962901	0.530353031570247
MEthistle1	0.383003033166327	-0.117300408515548	0.0253671658505161	0.508819992803259
MEorange	0.120961590497475	-0.128353798914066	0.495588057426075	0.469415014021658
MEsteelblue	0.41733433355148	-0.0972842974774408	0.0140627859232539	0.584142964298211
MEdarkturquoise	0.226727869613008	-0.149336395673727	0.197238781739347	0.399259573460526
MEtan4	0.394636174506687	-0.0518143036538894	0.0209065645543115	0.771034981519824
MEdarkolivegreen2	0.633111430902734	-0.0629367436850249	5.85945925742204e-05	0.723634681777684
MEpurple	0.648406286796458	-0.0771896853488535	3.37000133982651e-05	0.664359266653006
MEdarkmagenta	0.51851861484644	0.00946825809553293	0.0016802998030765	0.957616372294622
MEmidnightblue	0.589930986612905	-0.0278885611480084	0.000240723872032002	0.875588047014006
MEpalevioletred3	0.481469398338987	0.0234515337427575	0.00394018670061051	0.895262840918472
MEgrey	-0.322846005597709	-0.2753836211917	0.0625601009448791	0.114947516752636
