corr_sample	corr_time	pvalue_sample	pvalue_time
MEblue	-0.118842490648408	0.0486973149750263	0.503225331643598	0.784474356204682
MEgreen	-0.329985504439849	-0.0464311156641868	0.0566589500127733	0.794284232814878
MEmagenta4	-0.279639802339953	0.0874248729445305	0.109218335752152	0.622969768971603
MEpalevioletred3	0.0888390865987867	-0.00468636025981773	0.617335465477321	0.97901491850571
MEsienna3	0.00968625766712986	0.069888114869045	0.956641425903442	0.694502435920611
MEwhite	0.47961419096551	0.0206106717197339	0.00410203284978642	0.907892912938853
MEdarkorange2	0.399573424412938	-0.0336119529564266	0.0192210341406732	0.850318583559334
MEdarkviolet	0.309545516042563	-0.022104558501614	0.074834480020243	0.901248341882679
MEdeeppink	0.0896493304058291	0.282324594905414	0.614117020161183	0.105716623783066
MEdarkorange	0.231673459538995	0.115868928024928	0.187380294229303	0.51404102419937
MElightblue4	0.247326029715107	0.221915817996126	0.158473850470081	0.207172612298303
MEpurple	0.146792620711535	0.0278731331257862	0.407429065732026	0.875656338574276
MEdarkolivegreen2	0.241743743528126	-0.0606121400922756	0.168388358248451	0.733464870376115
MEcoral2	0.373343204864772	-0.0935286539903722	0.0296418901963773	0.59880630659511
MEyellow3	0.365799625806152	-0.15982348236592	0.0333755220480295	0.366585247500981
MEblue4	0.501692138755688	-0.133326782197045	0.00250367914085796	0.452226213492476
MEblack	0.583488735046867	-0.0375896489600095	0.000292237157764023	0.832840884744592
MEgrey60	0.620304005224138	-0.0215827963457209	9.10634299135716e-05	0.903568331467192
MEantiquewhite2	0.232880509885463	-0.187424147350399	0.185027727101948	0.288496696150395
MEantiquewhite4	0.176163746199078	-0.197686367359837	0.318957419531899	0.262420846412038
MEbisque4	-0.138942598924654	-0.25605766715154	0.433230080304315	0.143820856971463
MEroyalblue	-0.31348882688132	-0.218702707920652	0.071014959187172	0.21399497873595
MEorangered1	-0.0238148261274561	-0.319498216680179	0.893649450755404	0.0654888483535372
MEmidnightblue	-0.0387572031102226	-0.397759549312031	0.827725253897113	0.0198266299040564
MEthistle3	-0.1181043880808	-0.388274691014167	0.505899294529032	0.0232573443135378
MElightsteelblue	-0.120050263696169	-0.283703415001497	0.498865255400508	0.103951549695617
MElavenderblush3	-0.00889737038767721	-0.135224790636445	0.960169801648836	0.445756378053005
MEyellow4	0.0302820576448026	0.0119784611960794	0.865004306187606	0.94639414684013
MEfirebrick4	-0.168318201398142	-0.170883899541248	0.34132160906005	0.333905165090278
MEpink4	-0.203442270490427	-0.327941838966172	0.248496532531149	0.0583011487255776
MEnavajowhite1	0.378890463385304	-0.0935665216581792	0.027120442214337	0.598657667971882
MEivory	0.0450768070343558	-0.26558879408913	0.800161665246619	0.128983387878596
MEpaleturquoise	-0.0753298872166983	-0.364389379160233	0.671990440770052	0.0341142745232044
MEdarkmagenta	0.0517115597692476	-0.346566362396985	0.77147695935517	0.0446498757301371
MEcyan	0.0756751520714214	-0.237555939676834	0.670571277196788	0.17611171667616
MElightgreen	0.158747359915353	-0.245579584108489	0.369862942115692	0.161529289454772
MEmediumpurple2	0.301682358154449	0.0480101708354182	0.0829259239576736	0.787445483040602
MEdarkseagreen3	-0.0252923924461602	-0.336273581807847	0.88709192660023	0.0518349393955286
MEcoral	0.302051291311343	-0.176405003009969	0.0825317907252102	0.31828452539856
MEskyblue	0.160718916553499	-0.261218348471041	0.363871092512483	0.1356397378911
MEbrown	0.423063533181732	0.0772532598335641	0.0126704379566664	0.664098985481899
MEdarkgrey	-0.00771516178782344	0.105132618453665	0.965458716339376	0.554026556595948
MEindianred3	0.0785656313284355	0.00875310624762368	0.658734643597322	0.960815119475613
MElavenderblush2	-0.262185667083037	0.1439629919324	0.134145154949993	0.416627085561684
MEtan4	-0.421597307864116	0.0657870455018743	0.0130152088174987	0.711640575443585
MEcoral1	-0.22869609614477	0.352298382092362	0.193272936132582	0.0410095289795254
MElightcoral	0.133333743493928	0.510194962991409	0.452202392239762	0.00205190633148264
MEsalmon4	0.307617574760861	0.0835185416112666	0.0767591097770714	0.638641607069453
MElightcyan1	0.114247683639904	0.18801850873701	0.51998605043515	0.286942637704584
MEsteelblue	0.169657980276388	0.0756040613762759	0.337436388819676	0.670863394406808
MEblue2	-0.0145958934527227	0.220884127920972	0.934703347415601	0.209346599615944
MEmediumorchid	0.346793277409281	0.253330745044254	0.0445009936679782	0.148286513594055
MEgreenyellow	0.632114486004088	-0.0858743320992413	6.06834838430795e-05	0.629171444856137
MEindianred4	0.677011853152229	-0.0808670414855259	1.09878967551353e-05	0.649367976101107
MElightpink3	0.557954995473053	0.016126822659077	0.000606538710705021	0.927871484810425
MEskyblue2	0.242360775882057	0.279451076599633	0.167271192136343	0.109467731166656
MEskyblue4	0.365917279558007	0.0852364381501358	0.0333144831020183	0.631730100702395
MElightcyan	0.261236337943185	0.072416073487903	0.135611831481922	0.684011219180758
MEplum	0.0161814428944587	-0.00288569105611587	0.927627829408545	0.987077265315826
MEmaroon	0.112171681957289	0.0832497544931091	0.527647617968432	0.639725730428351
MEred	-0.216672367682447	0.124266767533572	0.218384670949078	0.483794876013799
MEbrown2	0.0133864412421896	-0.0896899082970092	0.940103863443257	0.613956022213188
MEdarkslateblue	-0.0264192575304406	0.00408728991862318	0.882095754110857	0.981697018311735
MElightsteelblue1	-0.0315180013935689	0.0333415367614799	0.859548014740755	0.851509415797839
MEmediumpurple4	0.315845029661913	-0.0545532031955167	0.0688064271395755	0.759279435471508
MEplum2	-0.454901080171196	0.0458747953981214	0.00687081423649189	0.796697226969271
MEskyblue1	-0.388836381568879	-0.0336948408208148	0.0230413587761168	0.849953635102582
MEskyblue3	-0.326176417477628	0.103984893875969	0.0597498646901941	0.558385172621499
MEviolet	-0.193716447458459	0.22612846427395	0.27231790593918	0.198457728824807
MEmediumpurple3	-0.0173467534959306	0.285371455693659	0.922431070059622	0.101846138467739
MEorangered4	-0.285216862261118	0.160969985164329	0.102039897393393	0.363112230882188
MEdarkturquoise	-0.260630472423197	0.186252069716206	0.136554013883609	0.291577092268694
MEplum4	-0.193734856659971	0.181088477709414	0.272271457816337	0.305397458342004
MEthistle	-0.449782344528649	-0.0121259409930619	0.00761054455221333	0.945735111244923
MEfirebrick3	-0.364449501916247	-0.0902992893630697	0.034082510235638	0.611540359950226
MEmediumpurple1	-0.620817412548407	0.00907669851499262	8.95013520980602e-05	0.959367671384364
MEpalevioletred2	-0.245428043685221	0.0159554007180087	0.161796394961279	0.928636222652954
MEpink	-0.440047366784489	-0.146446987814849	0.00920592594072325	0.408546360336198
MEturquoise	-0.362614032366594	-0.117234132372874	0.0350631435170684	0.509061135709208
MEorange	0.21696629141348	-0.120794938402772	0.217745409890037	0.496186531615137
MEdarkolivegreen	0.213124170522859	-0.123019351788424	0.226203121455725	0.488228659426405
MEsalmon2	0.371506488192881	-0.0299288753921533	0.0305178556924434	0.866564629274171
MEthistle1	0.354128565323814	-0.162293219653243	0.0398989930193049	0.359128325534334
MElightpink4	0.155255103942652	-0.15293045588833	0.380618629742955	0.38787853189384
MEorangered3	0.0326423489602414	-0.126492496302901	0.854589918989744	0.475935773213776
MEblueviolet	-0.126629691389942	0.521697249282966	0.475453525190124	0.001554782453727
MEfloralwhite	0.0340042264175253	0.33176915963727	0.848591706696656	0.0552558298040798
MEyellowgreen	-0.0403584107754086	0.307085231714337	0.820720915349205	0.0772972482350865
MEdarkseagreen4	-0.0633660503015833	0.190159712151812	0.721823933482141	0.28138879316707
MEdarkolivegreen4	-0.376452011413182	0.200797853694559	0.0282061991943448	0.254831351384358
MEmagenta	-0.301210269877136	0.363326476181918	0.083432374251059	0.0346798198144288
MEthistle2	-0.294402585092367	0.397301739019464	0.0910036888039554	0.0199819591821968
MEcoral3	0.00158753725691029	0.367131354759501	0.992890466086955	0.0326899132070095
MEbrown4	-0.101160428644629	0.136336395686516	0.569178455637009	0.44199064319975
MEsalmon	-0.280587325978765	0.320160981522438	0.107972672040796	0.064900659745212
MEdarkgreen	-0.496537418480519	0.189186724478232	0.00281779043264175	0.283903852325531
MEplum3	-0.367312250901635	0.0539192578151477	0.0325976753331472	0.761995771362586
MEhoneydew	-0.0545941121639639	0.0304585198664294	0.759104245004851	0.864224901473297
MEhoneydew1	-0.282516250591693	0.0494476420921981	0.105469933610059	0.781233448276844
MEgrey	0.0765503615919751	-0.123960544551415	0.666978869531824	0.484881376974423
