corr_species	corr_sample	corr_time	pvalue_species	pvalue_sample	pvalue_time
MEpaleturquoise	0.412571158516988	-0.212116709151361	-0.133779226048456	0.000386464419636924	0.0779238911784267	0.269551625645836
MElightgreen	0.157364422691339	-0.265256955976443	-0.0110249705083146	0.193250978697623	0.0264692142095959	0.92782364316038
MEorange	0.696888663280143	-0.187102185326988	0.0360013952599175	2.07619275078356e-11	0.120912658993795	0.767320404904509
MEskyblue1	0.521599369051215	0.307936859205621	-0.0189831946486251	3.65254878247523e-06	0.00950479476484831	0.876049519779206
MEnavajowhite2	0.407056556548073	0.0330128172856383	-0.0369587946817454	0.000470334672528301	0.786155902915722	0.761314136322781
MEplum1	0.542307192135795	0.161409757729471	-0.0319732944402727	1.23980533095114e-06	0.181906754106664	0.792736894505281
MEdarkmagenta	0.596749743616131	0.111448665829098	0.0401983773771107	4.9807894177174e-08	0.358345167713114	0.741096530231463
MEblue	0.990249813673891	-0.0287315855474249	0.0470851292547962	5.99126831831337e-60	0.81335034145583	0.698708789665962
MEpink	0.754748651375571	0.153351691015989	0.044849820940762	4.485501077975e-14	0.204997099525013	0.712373961066213
MEdarkorange2	0.569527762596268	-0.0753357299234933	0.0310370870656415	2.6714881328542e-07	0.535365314981468	0.798676212555354
MEgreenyellow	0.563482515049025	0.161402098351234	-0.0135797779348865	3.80157064983466e-07	0.181927766411582	0.911159648928317
MEmagenta	0.583510758018496	0.144043130726893	0.022070991281912	1.14916359954925e-07	0.234177039080904	0.856087917335298
MEantiquewhite4	0.477907147403702	-0.0604739021720991	-0.0417503865909439	2.86572708571729e-05	0.618973040511608	0.731471371811392
MElightyellow	0.550469216156292	-0.263506792846997	0.0309740759821121	7.93675993050148e-07	0.0275192496547911	0.799076369612079
MEdarkseagreen4	0.328234191684169	0.415294573014153	0.00350888489285832	0.0055361047028353	0.000350302157991505	0.977001039337383
MEcoral1	0.430717644282547	0.0110986628169676	0.029424831032126	0.00019764862821622	0.927342508914568	0.808930962814631
MEsaddlebrown	0.437685050939058	-0.027907795680846	-0.0126315052924265	0.000151235972864529	0.818609483019308	0.917340784472446
MEbisque4	0.0953621466139053	-0.449229278596708	0.00489476619589611	0.432287646268932	9.58187295299759e-05	0.967921399632486
MElightcyan1	0.407161110656996	-0.0479139597699205	0.0137601675960627	0.000468601158831259	0.693665765115073	0.909984396608893
MEbrown4	-0.431863933747997	-0.210600204383765	0.00136923586999424	0.000189209121755399	0.0801241520659247	0.991024322991566
MEfloralwhite	0.42516719096533	-0.303343338788194	-0.00669687541427533	0.000243620467954386	0.0106888357923964	0.956121081666769
MEgrey60	-0.34045728344192	0.051855794186263	-0.346975897978635	0.00392820744572062	0.669866052907738	0.00325312104793244
MElightcyan	0.243621981323629	0.0470764552771216	-0.388497085066576	0.0421213994110965	0.69876163580267	0.000889105036325964
MEsalmon4	-0.205973878408415	-0.0224773386450444	-0.262696408007311	0.087142497107232	0.853467425089723	0.028017224079203
MElightpink4	0.393747375533321	-0.0585340493589004	-0.270296853107442	0.000745311294601114	0.630284756823638	0.0236326346252876
MEdarkgrey	0.153001423837394	0.0973284152965576	-0.0468658458304358	0.206045974631062	0.422812526838338	0.700045209656458
MEtan	0.797957284203393	0.0561123200572284	-0.1923778181609	1.337224359917e-16	0.644525975027367	0.110598266406343
MEbrown	0.362883780704514	0.0784493171629346	-0.29585065903805	0.00201907547978945	0.518582510766211	0.0128958094777152
MEthistle2	0.558060857264834	0.127134794405472	-0.0980124663367198	5.18565051191803e-07	0.294271721441726	0.419544299409385
MEcoral2	0.278393914797248	0.0803457232644309	-0.0181640194465572	0.0196161482006181	0.508492443956417	0.881358717807518
MEthistle1	-0.167436469925084	0.25433276700687	0.100400931264158	0.165914052875705	0.0336150901704672	0.408247296511603
MEdarkslateblue	0.364209477668495	0.178001192517263	0.091530247641426	0.00193826445245945	0.140413995445147	0.451094117838019
MEmaroon	0.647773372027479	0.210760838590737	0.0608195017029215	1.35185313281269e-09	0.0798887802863092	0.616966899842941
MEsalmon	-0.269051675891226	-0.0905472761193086	0.0395605505817057	0.0243082997574377	0.455990341441672	0.745063778014562
MEcyan	-0.261548872495507	-0.240941905973341	-0.0860086136648993	0.028735348710077	0.044508055697591	0.478972402891794
MEplum2	-0.739115907109364	-0.23254405535318	-0.0417186030226996	2.75900324462151e-13	0.0527186464031616	0.731668077202478
MEskyblue3	-0.599931170174277	0.0311310550481558	-0.0463300496905507	4.05123172617634e-08	0.798079557234232	0.703314427872243
MEwhite	-0.57344859633511	-0.243838352083724	-0.0420094273756133	2.11707378148018e-07	0.0419334271097475	0.729868838267109
MEhoneydew1	-0.248632593047709	0.016805078880651	0.108670034829298	0.037943262770949	0.890177613235151	0.370528492344858
MEskyblue2	-0.405650088964827	-0.0630574634756194	-0.151396094859685	0.000494229429785543	0.604044045346249	0.21090189397521
MEviolet	-0.176959039988567	-0.0062964484034598	0.172190542696536	0.142789906772242	0.958742378317245	0.154047229429879
MEdarkturquoise	0.536562941764953	0.0140347804702747	0.425655022322505	1.68521370724571e-06	0.908195643436751	0.000239218111179141
MEmidnightblue	-0.054661428421051	-0.0121466794447484	0.481449679784535	0.653120023263427	0.920502941651564	2.45004862124151e-05
MEgreen	-0.656389008744841	-0.172148466070953	0.245509305369358	6.86871668855515e-10	0.154149414984739	0.0405050393672234
MEsienna3	-0.154263734779326	-0.270575715229681	0.238571564050725	0.202283806792067	0.0234835202029608	0.0467108222606666
MEmediumpurple3	-0.403457240307597	0.0744771576501399	0.00311206182621014	0.000533698555318809	0.540039789881974	0.979601423785635
MEdarkolivegreen	-0.219472671792808	0.377870969076902	-0.0588388907839033	0.06792499274502	0.00125955310017602	0.628501447377853
MEdarkorange	-0.427684608568396	0.363049147614599	-0.0376735765627654	0.000221674527902973	0.00200883280884965	0.75683906366655
MEorangered4	-0.516700905372138	0.266467977862137	-0.0180186446499879	4.66805082168846e-06	0.0257626240619257	0.882301465577546
MEblack	-0.611119193696373	0.169024911348924	0.000611253172818872	1.92398444071927e-08	0.161876563505664	0.995993019342738
MEyellow	-0.807186265166706	0.121154415909383	-0.0211962902130205	3.21104552459647e-17	0.31775334494262	0.861734005485179
MEred	-0.75590331272121	0.0413645721161479	-0.0589301738331722	3.90128981554776e-14	0.733860303018075	0.62796785692089
MEturquoise	-0.98455701675143	-0.056111041117045	-0.039306460144153	3.37345357597493e-53	0.644533530353936	0.746646056672222
MEdarkred	-0.441567102903381	0.0991272608529437	0.047154342818101	0.000129955049338058	0.414249322590679	0.698287157772833
MElavenderblush3	-0.523537871852993	-0.132565412168762	0.0724213431791186	3.31111606305486e-06	0.273960201573022	0.551313128720887
MEdarkgreen	-0.480566452186363	-0.172213569461287	0.0503308132826077	2.54808510645345e-05	0.15399132889529	0.679036652982287
MElightsteelblue1	-0.570096239084559	-0.0831972351842576	0.0553457673747219	2.58337851793469e-07	0.493512313194585	0.649060791267279
MEivory	-0.20172357463832	0.223548184444373	0.0632690476725984	0.0940097922300766	0.0628460015543893	0.602828450212029
MEmediumorchid	-0.415013223027992	0.110438803828691	0.045460166572871	0.00035388923065667	0.362744258696107	0.708633531050217
