corr_species	corr_sample	corr_time	pvalue_species	pvalue_sample	pvalue_time
MEcoral1	0.0300208362162288	0.446748394798725	-0.011646980969665	0.805136234968458	0.000105838882388431	0.923763387983525
MElavenderblush3	-0.320526040660862	0.179738702155859	-0.0818572110500639	0.0068263220278022	0.136519079199642	0.500523083814191
MEpaleturquoise	-0.15732092001449	0.378753519666089	-0.063119570770684	0.193375671629177	0.00122417734977588	0.603687114443742
MEdarkorange2	-0.505472570855857	0.307957198327171	-0.0169485810750742	8.0761193830516e-06	0.00949981735532126	0.889245703657086
MEmediumpurple3	-0.24653348733575	0.0643786728348125	-0.114944535128804	0.0396496410173968	0.596471133586546	0.343371614462859
MEorangered4	-0.702753552516906	-0.000405747256106087	-0.0600364806819078	1.19197307037677e-11	0.997340177168801	0.621516174007109
MEwhite	-0.372142541607024	0.102167984820846	-4.62083957841777e-05	0.00151248890009717	0.400004691083458	0.999697086390754
MEskyblue1	-0.636161756489502	0.179329674899989	-0.0726859749051602	3.25682756696206e-09	0.137428561222536	0.549855664674424
MEantiquewhite4	-0.587979123326984	0.302265479440321	-0.0499681898782358	8.70255607764543e-08	0.0109845590231327	0.681224234905173
MEorange	-0.401239545003073	0.406638082418427	-0.0353687922578942	0.000576515121014096	0.000477331703380559	0.771296591000958
MElightsteelblue1	-0.190339917962049	0.0289853269745235	0.0143064749883494	0.114498911026464	0.811732080217263	0.906426347421348
MEmidnightblue	-0.311107161801669	-0.226099696580417	-0.0894502037967279	0.00875586251477217	0.059825647535866	0.461489245304634
MEsaddlebrown	-0.700706509177338	-0.201648890669632	-0.0868010140125786	1.44891407183139e-11	0.0941341464582563	0.474915980819673
MEdarkslateblue	-0.141272970736834	0.0614271786989375	0.172380277286985	0.243390602932596	0.613446225176669	0.153587073011256
MEbrown4	-0.603534895618637	0.0411190243955845	0.198516842157947	3.19727886202542e-08	0.735382028718294	0.0994662980862553
MEviolet	-0.36880833726242	0.0219901785351119	0.489747456421952	0.00167994511354343	0.856609256348236	1.68569481055645e-05
MEdarkred	-0.318348543456494	-0.148389579742376	0.33157066309158	0.00723565134286065	0.220212778806575	0.00504790763747026
MEdarkseagreen4	-0.582106834334027	-0.292006365631534	0.285489234770459	1.25297712247655e-07	0.0141738882154061	0.016590698415574
MEgreen	-0.741262369982025	-0.177174973448476	0.202507581454586	2.16658766596049e-13	0.14229515799893	0.0927121229346205
MEdarkorange	-0.171274073865508	0.391599632167427	0.0889591667426461	0.156284341498125	0.00080136581570783	0.463962173779806
MEdarkturquoise	-0.134546784220462	0.176429825595363	0.0146287160263121	0.26678855092637	0.144007905112361	0.90432847765032
MEpalevioletred3	-0.618113452248379	-0.0840525430684674	0.0483970063503901	1.19005613679711e-08	0.489064522275508	0.690732755144387
MEblue	-0.820931700027811	0.136644809975924	-0.0272075716155555	3.30711447356102e-18	0.259333491430379	0.823086063188101
MElightsteelblue	-0.565988211973227	0.236645182862655	0.0343398689740165	3.28722316120283e-07	0.0485663959163558	0.777776346638933
MEdarkgrey	-0.567251797281169	-0.130258393261647	0.0443991020415821	3.05346967308613e-07	0.28247142959554	0.715140492747096
MEblack	-0.664123574604378	0.180179465650066	-0.0108523909735003	3.67036334526556e-10	0.135544122538111	0.928950508971467
MEyellow	-0.799643911297907	0.0700013588189407	-0.0444864265188798	1.03607176543995e-16	0.564726683147514	0.714604204261291
MEbisque4	-0.609914943756684	-0.346797238607213	0.00963709004044264	2.08743669613222e-08	0.00327014937862772	0.936889690338795
MEplum	-0.622255608470565	-0.275631709680163	-0.0416246286949877	8.90383289213835e-09	0.0209152694752629	0.732249775942172
MEskyblue2	-0.635241955631137	-0.066758072011045	-0.0381891915767951	3.48627335053621e-09	0.582940679177492	0.753615858196303
MEroyalblue	-0.476653084654003	-0.139466295672603	0.0538763893661664	3.02795010170096e-05	0.24953208309954	0.657788957342979
MEsalmon	-0.508589594228003	0.0956255986844405	0.0415527484738297	6.94958143189287e-06	0.431011184344156	0.732694814285023
MEnavajowhite2	0.319861511378643	-0.199821515223346	-0.0495445823465608	0.00694902885048471	0.0972172232774584	0.68378303524338
MElightgreen	0.202137404894273	-0.262442390663216	-0.0148103400333012	0.0933230672170894	0.0281748701905629	0.903146346647272
MEsteelblue	0.664825000280743	-0.153631826439292	0.0158381983921586	3.46442966535549e-10	0.204160969838864	0.896460383558799
MEsienna3	-0.186029762446983	0.132842410876055	-0.436590191644303	0.123096571695663	0.272949924113896	0.000157792899849795
MEgrey60	0.13165448726041	0.0862692392864608	-0.0331640037785985	0.27730015241366	0.477636181665254	0.785200005480428
MEcyan	-0.191685033210583	0.0932245124254223	-0.308530035572462	0.111912610153854	0.44272360726722	0.00936056228486517
MEyellowgreen	-0.293608904990099	-0.0310504041834443	-0.261392444054277	0.0136284043024416	0.798591647720118	0.0288344309224686
MElightcyan	0.11962377062144	0.0480747228670561	-0.393884762150746	0.323951109528049	0.6926891269997	0.000741849758311765
MEgreenyellow	0.543128974211093	0.0455671264517139	-0.33534253954866	1.18598904753017e-06	0.707978744177712	0.00454216360592388
MEbrown	0.287915657420017	0.0727313830018797	-0.232325386342086	0.0156524603939343	0.549605765482158	0.052947944489268
MElightcyan1	0.632516818770173	0.0748195196302257	-0.0894647874887637	4.25978399767772e-09	0.538173417474777	0.461415910121927
MEfloralwhite	0.462692048599941	0.0593844976042601	0.0204224113013747	5.51018585295456e-05	0.625314961899163	0.866735074251447
MEdarkmagenta	0.256274625675893	0.0456751419814716	-0.00448402278876538	0.0322383360172323	0.707317708990867	0.970612024430762
MEmediumorchid	0.414239428130385	-0.134522901551578	-0.00625472662865941	0.000363928609466132	0.26687423612973	0.959015525194517
MEthistle1	0.26030948044338	0.393020404621173	-0.0121236561728464	0.0295283002676495	0.00076387304197785	0.920653136234486
MEskyblue3	0.431054884076593	-0.150920975258228	0.0323202051455796	0.000195130504848588	0.212354466693047	0.790539048686323
MEyellow4	0.455602203435159	-0.344825387292053	0.0307457554987703	7.39530798558337e-05	0.00346343092155319	0.800526769074146
MEplum1	0.370559144062296	-0.0536951371893367	0.0264781429344634	0.00159004182170556	0.658868800476494	0.827755342459603
MEsalmon4	0.128999617335089	-0.438100186695926	-0.0259743730618422	0.287188524261466	0.000148816052016426	0.830983604806597
MEdarkgreen	-0.547898431131771	-0.210829073952458	-0.0336600111429265	9.14553457712619e-07	0.0797889637630124	0.782066161075255
MEtan	-0.384456434749837	-0.094166203853664	0.0252163074653941	0.0010164034611868	0.438108997557966	0.835846690711801
MEhoneydew1	0.362521545795822	-0.012285296480972	0.0469464666864777	0.0020416758549138	0.919598718539121	0.699553761062493
MEmediumpurple2	0.17769739915979	0.0307257143189588	0.0961811214952733	0.141103495926105	0.80065411229346	0.428326616390016
MEdarkolivegreen	0.694900473772168	0.02432968382641	0.344825251653654	2.4984297972487e-11	0.841542274092285	0.00346344455918595
MElightyellow	0.502977787895391	0.000125648294590897	0.436849080382048	9.09835197085405e-06	0.999176327763636	0.000156219273733987
MEpurple	0.0823274363544833	0.00770969402229475	0.48820673266138	0.49805708283903	0.949493048063061	1.80822145807049e-05
MElightpink4	0.540325800762548	-0.0626146855115758	0.0101310115715562	1.37915332537265e-06	0.606591372719782	0.933662271159712
MEred	0.549441570904439	0.156919517828076	0.0186560340950388	8.40069435931058e-07	0.194528948730119	0.878169256080052
MEthistle2	0.551971804506129	0.0890950127037263	0.0256494098218055	7.30163667230296e-07	0.46327731437088	0.83306752113192
MEorangered3	0.582747829627967	-0.0459818615490768	0.0226655368082159	1.20452429554752e-07	0.705441818750454	0.85225428820936
MEskyblue	0.651410264877444	0.0898227894510892	0.0294391682594409	1.01846423481929e-09	0.45961766794749	0.808839626612237
MEcoral2	0.592188758921087	0.109579658072152	0.0230206069418427	6.67153775595091e-08	0.366512716160576	0.849966416989183
MEmaroon	0.706415564605032	0.187071186124167	0.0766578530670405	8.37161429411213e-12	0.120975367804511	0.528206262815679
MEivory	0.652204976717044	0.0330580396082395	-0.106513140445568	9.56866283650033e-10	0.785869945439955	0.380156898701313
MEturquoise	0.992793879462187	0.0272205702337809	0.0374278924838187	2.14147129024682e-64	0.823002910362957	0.758376340360176
MEgrey	-0.00120917744594037	0.0186652191003287	-0.176215554840729	0.992073509241362	0.878109732935052	0.144503262784913
