chrom	start_window	end_window	DE_counts	proportion
1	Tfas_chr1	1	1e+06	3	0.0194805194805195
2	Tfas_chr1	1000001	2e+06	7	0.0614035087719298
3	Tfas_chr1	2000001	3e+06	1	0.00943396226415094
4	Tfas_chr1	3000001	4e+06	0	0
5	Tfas_chr1	4000001	5e+06	1	0.0106382978723404
6	Tfas_chr1	5000001	6e+06	2	0.0277777777777778
7	Tfas_chr1	6000001	7e+06	0	0
8	Tfas_chr1	7000001	8e+06	1	0.02
9	Tfas_chr1	8000001	9e+06	0	0
10	Tfas_chr1	9000001	1e+07	1	0.0434782608695652
11	Tfas_chr1	10000001	1.1e+07	0	0
12	Tfas_chr1	11000001	1.2e+07	1	0.0555555555555556
13	Tfas_chr1	12000001	1.3e+07	0	0
14	Tfas_chr1	13000001	1.4e+07	0	0
15	Tfas_chr1	14000001	1.5e+07	2	0.117647058823529
16	Tfas_chr1	15000001	1.6e+07	0	0
17	Tfas_chr1	16000001	1.7e+07	0	0
18	Tfas_chr1	17000001	1.8e+07	1	0.04
19	Tfas_chr1	18000001	1.9e+07	0	0
20	Tfas_chr1	19000001	2e+07	1	0.0434782608695652
21	Tfas_chr1	20000001	2.1e+07	2	0.1
22	Tfas_chr1	21000001	2.2e+07	0	0
23	Tfas_chr1	22000001	2.3e+07	0	0
24	Tfas_chr1	23000001	2.4e+07	1	0.0588235294117647
25	Tfas_chr1	24000001	2.5e+07	0	0
26	Tfas_chr1	25000001	2.6e+07	1	0.0222222222222222
27	Tfas_chr1	26000001	2.7e+07	2	0.0689655172413793
28	Tfas_chr1	27000001	2.8e+07	3	0.0508474576271186
29	Tfas_chr1	28000001	2.9e+07	2	0.0238095238095238
30	Tfas_chr1	29000001	3e+07	1	0.00757575757575758
31	Tfas_chr1	30000001	3.1e+07	2	0.0151515151515152
32	Tfas_chr1	31000001	3.2e+07	3	0.0222222222222222
33	Tfas_chr1	32000001	3.3e+07	2	0.0952380952380952
34	Tfas_chr2	1	1e+06	3	0.0337078651685393
35	Tfas_chr2	1000001	2e+06	2	0.0208333333333333
36	Tfas_chr2	2000001	3e+06	4	0.0404040404040404
37	Tfas_chr2	3000001	4e+06	1	0.00934579439252336
38	Tfas_chr2	4000001	5e+06	6	0.0458015267175573
39	Tfas_chr2	5000001	6e+06	5	0.0393700787401575
40	Tfas_chr2	6000001	7e+06	1	0.0136986301369863
41	Tfas_chr2	7000001	8e+06	3	0.0517241379310345
42	Tfas_chr2	8000001	9e+06	1	0.0175438596491228
43	Tfas_chr2	9000001	1e+07	1	0.03125
44	Tfas_chr2	10000001	1.1e+07	0	0
45	Tfas_chr2	11000001	1.2e+07	1	0.0344827586206897
46	Tfas_chr2	12000001	1.3e+07	0	0
47	Tfas_chr2	13000001	1.4e+07	0	0
48	Tfas_chr2	14000001	1.5e+07	0	0
49	Tfas_chr2	15000001	1.6e+07	0	0
50	Tfas_chr2	16000001	1.7e+07	0	0
51	Tfas_chr2	17000001	1.8e+07	0	0
52	Tfas_chr2	18000001	1.9e+07	0	0
53	Tfas_chr2	19000001	2e+07	0	0
54	Tfas_chr2	20000001	2.1e+07	1	0.0714285714285714
55	Tfas_chr2	21000001	2.2e+07	0	0
56	Tfas_chr2	22000001	2.3e+07	0	0
57	Tfas_chr2	23000001	2.4e+07	0	0
58	Tfas_chr2	24000001	2.5e+07	1	0.0333333333333333
59	Tfas_chr2	25000001	2.6e+07	0	0
60	Tfas_chr2	26000001	2.7e+07	1	0.0344827586206897
61	Tfas_chr2	27000001	2.8e+07	0	0
62	Tfas_chr2	28000001	2.9e+07	0	0
63	Tfas_chr2	29000001	3e+07	5	0.0574712643678161
64	Tfas_chr2	30000001	3.1e+07	0	0
65	Tfas_chr2	31000001	3.2e+07	4	0.0493827160493827
66	Tfas_chr3	1	1e+06	2	0.0204081632653061
67	Tfas_chr3	1000001	2e+06	3	0.0225563909774436
68	Tfas_chr3	2000001	3e+06	4	0.0330578512396694
69	Tfas_chr3	3000001	4e+06	1	0.0212765957446809
70	Tfas_chr3	4000001	5e+06	2	0.0465116279069767
71	Tfas_chr3	5000001	6e+06	0	0
72	Tfas_chr3	6000001	7e+06	0	0
73	Tfas_chr3	7000001	8e+06	1	0.05
74	Tfas_chr3	8000001	9e+06	3	0.0967741935483871
75	Tfas_chr3	9000001	1e+07	2	0.125
76	Tfas_chr3	10000001	1.1e+07	0	0
77	Tfas_chr3	11000001	1.2e+07	1	0.0434782608695652
78	Tfas_chr3	12000001	1.3e+07	1	0.0909090909090909
79	Tfas_chr3	13000001	1.4e+07	0	0
80	Tfas_chr3	14000001	1.5e+07	0	0
81	Tfas_chr3	15000001	1.6e+07	1	0.0666666666666667
82	Tfas_chr3	16000001	1.7e+07	0	0
83	Tfas_chr3	17000001	1.8e+07	0	0
84	Tfas_chr3	18000001	1.9e+07	0	0
85	Tfas_chr3	19000001	2e+07	0	0
86	Tfas_chr3	20000001	2.1e+07	0	0
87	Tfas_chr3	21000001	2.2e+07	0	0
88	Tfas_chr3	22000001	2.3e+07	0	0
89	Tfas_chr3	23000001	2.4e+07	0	0
90	Tfas_chr3	24000001	2.5e+07	0	0
91	Tfas_chr3	25000001	2.6e+07	0	0
92	Tfas_chr3	26000001	2.7e+07	9	0.0782608695652174
93	Tfas_chr3	27000001	2.8e+07	2	0.02
94	Tfas_chr3	28000001	2.9e+07	3	0.0229007633587786
95	Tfas_chr3	29000001	3e+07	4	0.031496062992126
96	Tfas_chr3	30000001	3.1e+07	4	0.05
97	Tfas_chr3	31000001	3.2e+07	0	0
98	Tfas_chr4	1	1e+06	5	0.0387596899224806
99	Tfas_chr4	1000001	2e+06	4	0.0449438202247191
100	Tfas_chr4	2000001	3e+06	2	0.0512820512820513
101	Tfas_chr4	3000001	4e+06	1	0.0294117647058824
102	Tfas_chr4	4000001	5e+06	1	0.025
103	Tfas_chr4	5000001	6e+06	0	0
104	Tfas_chr4	6000001	7e+06	1	0.0588235294117647
105	Tfas_chr4	7000001	8e+06	1	0.0434782608695652
106	Tfas_chr4	8000001	9e+06	1	0.0555555555555556
107	Tfas_chr4	9000001	1e+07	1	0.0476190476190476
108	Tfas_chr4	10000001	1.1e+07	0	0
109	Tfas_chr4	11000001	1.2e+07	0	0
110	Tfas_chr4	12000001	1.3e+07	0	0
111	Tfas_chr4	13000001	1.4e+07	0	0
112	Tfas_chr4	14000001	1.5e+07	1	0.0526315789473684
113	Tfas_chr4	15000001	1.6e+07	1	0.0625
114	Tfas_chr4	16000001	1.7e+07	0	0
115	Tfas_chr4	17000001	1.8e+07	0	0
116	Tfas_chr4	18000001	1.9e+07	0	0
117	Tfas_chr4	19000001	2e+07	0	0
118	Tfas_chr4	20000001	2.1e+07	2	0.0526315789473684
119	Tfas_chr4	21000001	2.2e+07	0	0
120	Tfas_chr4	22000001	2.3e+07	1	0.0161290322580645
121	Tfas_chr4	23000001	2.4e+07	6	0.08
122	Tfas_chr4	24000001	2.5e+07	3	0.0303030303030303
123	Tfas_chr4	25000001	2.6e+07	0	0
124	Tfas_chr4	26000001	2.7e+07	3	0.0252100840336134
125	Tfas_chr4	27000001	2.8e+07	5	0.0390625
126	Tfas_chr4	28000001	2.9e+07	4	0.0336134453781513
127	Tfas_chr4	29000001	3e+07	4	0.0384615384615385
128	Tfas_chr4	30000001	3.1e+07	2	0.0202020202020202
129	Tfas_chr5	1	1e+06	6	0.0530973451327434
130	Tfas_chr5	1000001	2e+06	2	0.0165289256198347
131	Tfas_chr5	2000001	3e+06	7	0.0538461538461538
132	Tfas_chr5	3000001	4e+06	2	0.0240963855421687
133	Tfas_chr5	4000001	5e+06	1	0.0131578947368421
134	Tfas_chr5	5000001	6e+06	1	0.025
135	Tfas_chr5	6000001	7e+06	1	0.0454545454545455
136	Tfas_chr5	7000001	8e+06	0	0
137	Tfas_chr5	8000001	9e+06	2	0.0555555555555556
138	Tfas_chr5	9000001	1e+07	0	0
139	Tfas_chr5	10000001	1.1e+07	1	0.0416666666666667
140	Tfas_chr5	11000001	1.2e+07	0	0
141	Tfas_chr5	12000001	1.3e+07	0	0
142	Tfas_chr5	13000001	1.4e+07	0	0
143	Tfas_chr5	14000001	1.5e+07	2	0.117647058823529
144	Tfas_chr5	15000001	1.6e+07	3	0.157894736842105
145	Tfas_chr5	16000001	1.7e+07	2	0.1
146	Tfas_chr5	17000001	1.8e+07	0	0
147	Tfas_chr5	18000001	1.9e+07	0	0
148	Tfas_chr5	19000001	2e+07	1	0.0769230769230769
149	Tfas_chr5	20000001	2.1e+07	0	0
150	Tfas_chr5	21000001	2.2e+07	2	0.08
151	Tfas_chr5	22000001	2.3e+07	0	0
152	Tfas_chr5	23000001	2.4e+07	1	0.04
153	Tfas_chr5	24000001	2.5e+07	0	0
154	Tfas_chr5	25000001	2.6e+07	0	0
155	Tfas_chr5	26000001	2.7e+07	1	0.025
156	Tfas_chr5	27000001	2.8e+07	3	0.0365853658536585
157	Tfas_chr5	28000001	2.9e+07	4	0.0330578512396694
158	Tfas_chr5	29000001	3e+07	8	0.0529801324503311
159	Tfas_chr5	30000001	3.1e+07	2	0.142857142857143
160	Tfas_chr6	1	1e+06	3	0.03125
161	Tfas_chr6	1000001	2e+06	6	0.0638297872340425
162	Tfas_chr6	2000001	3e+06	3	0.0652173913043478
163	Tfas_chr6	3000001	4e+06	0	0
164	Tfas_chr6	4000001	5e+06	0	0
165	Tfas_chr6	5000001	6e+06	0	0
166	Tfas_chr6	6000001	7e+06	1	0.0666666666666667
167	Tfas_chr6	7000001	8e+06	2	0.0952380952380952
168	Tfas_chr6	8000001	9e+06	1	0.0196078431372549
169	Tfas_chr6	9000001	1e+07	0	0
170	Tfas_chr6	10000001	1.1e+07	1	0.0714285714285714
171	Tfas_chr6	11000001	1.2e+07	1	0.0357142857142857
172	Tfas_chr6	12000001	1.3e+07	0	0
173	Tfas_chr6	13000001	1.4e+07	0	0
174	Tfas_chr6	14000001	1.5e+07	0	0
175	Tfas_chr6	15000001	1.6e+07	1	0.0555555555555556
176	Tfas_chr6	16000001	1.7e+07	3	0.136363636363636
177	Tfas_chr6	17000001	1.8e+07	0	0
178	Tfas_chr6	18000001	1.9e+07	0	0
179	Tfas_chr6	19000001	2e+07	1	0.0555555555555556
180	Tfas_chr6	20000001	2.1e+07	2	0.0555555555555556
181	Tfas_chr6	21000001	2.2e+07	2	0.142857142857143
182	Tfas_chr6	22000001	2.3e+07	0	0
183	Tfas_chr6	23000001	2.4e+07	5	0.0961538461538462
184	Tfas_chr6	24000001	2.5e+07	1	0.0147058823529412
185	Tfas_chr6	25000001	2.6e+07	3	0.032258064516129
186	Tfas_chr6	26000001	2.7e+07	4	0.031496062992126
187	Tfas_chr6	27000001	2.8e+07	8	0.0597014925373134
188	Tfas_chr6	28000001	2.9e+07	6	0.0408163265306122
189	Tfas_chr6	29000001	3e+07	3	0.0535714285714286
190	Tfas_chr7	1	1e+06	3	0.0198675496688742
191	Tfas_chr7	1000001	2e+06	3	0.0230769230769231
192	Tfas_chr7	2000001	3e+06	1	0.0099009900990099
193	Tfas_chr7	3000001	4e+06	2	0.0235294117647059
194	Tfas_chr7	4000001	5e+06	2	0.0266666666666667
195	Tfas_chr7	5000001	6e+06	0	0
196	Tfas_chr7	6000001	7e+06	0	0
197	Tfas_chr7	7000001	8e+06	3	0.0625
198	Tfas_chr7	8000001	9e+06	0	0
199	Tfas_chr7	9000001	1e+07	2	0.0625
200	Tfas_chr7	10000001	1.1e+07	0	0
201	Tfas_chr7	11000001	1.2e+07	0	0
202	Tfas_chr7	12000001	1.3e+07	0	0
203	Tfas_chr7	13000001	1.4e+07	0	0
204	Tfas_chr7	14000001	1.5e+07	0	0
205	Tfas_chr7	15000001	1.6e+07	0	0
206	Tfas_chr7	16000001	1.7e+07	0	0
207	Tfas_chr7	17000001	1.8e+07	0	0
208	Tfas_chr7	18000001	1.9e+07	0	0
209	Tfas_chr7	19000001	2e+07	0	0
210	Tfas_chr7	20000001	2.1e+07	0	0
211	Tfas_chr7	21000001	2.2e+07	0	0
212	Tfas_chr7	22000001	2.3e+07	0	0
213	Tfas_chr7	23000001	2.4e+07	1	0.0142857142857143
214	Tfas_chr7	24000001	2.5e+07	0	0
215	Tfas_chr7	25000001	2.6e+07	0	0
216	Tfas_chr7	26000001	2.7e+07	5	0.0847457627118644
217	Tfas_chr7	27000001	2.8e+07	0	0
218	Tfas_chr8	1	1e+06	3	0.0225563909774436
219	Tfas_chr8	1000001	2e+06	4	0.0336134453781513
220	Tfas_chr8	2000001	3e+06	5	0.0588235294117647
221	Tfas_chr8	3000001	4e+06	2	0.0256410256410256
222	Tfas_chr8	4000001	5e+06	1	0.0181818181818182
223	Tfas_chr8	5000001	6e+06	3	0.0566037735849057
224	Tfas_chr8	6000001	7e+06	1	0.032258064516129
225	Tfas_chr8	7000001	8e+06	1	0.0294117647058824
226	Tfas_chr8	8000001	9e+06	0	0
227	Tfas_chr8	9000001	1e+07	0	0
228	Tfas_chr8	10000001	1.1e+07	3	0.0833333333333333
229	Tfas_chr8	11000001	1.2e+07	0	0
230	Tfas_chr8	12000001	1.3e+07	1	0.032258064516129
231	Tfas_chr8	13000001	1.4e+07	0	0
232	Tfas_chr8	14000001	1.5e+07	0	0
233	Tfas_chr8	15000001	1.6e+07	0	0
234	Tfas_chr8	16000001	1.7e+07	0	0
235	Tfas_chr8	17000001	1.8e+07	1	0.0666666666666667
236	Tfas_chr8	18000001	1.9e+07	2	0.285714285714286
237	Tfas_chr8	19000001	2e+07	0	0
238	Tfas_chr8	20000001	2.1e+07	1	0.0909090909090909
239	Tfas_chr8	21000001	2.2e+07	1	0.024390243902439
240	Tfas_chr8	22000001	2.3e+07	5	0.0925925925925926
241	Tfas_chr8	23000001	2.4e+07	2	0.0285714285714286
242	Tfas_chr8	24000001	2.5e+07	7	0.0823529411764706
243	Tfas_chr8	25000001	2.6e+07	0	0
244	Tfas_chr8	26000001	2.7e+07	8	0.062015503875969
245	Tfas_chr8	27000001	2.8e+07	3	0.136363636363636
246	Tfas_chr9	1	1e+06	4	0.0275862068965517
247	Tfas_chr9	1000001	2e+06	4	0.0350877192982456
248	Tfas_chr9	2000001	3e+06	3	0.0294117647058824
249	Tfas_chr9	3000001	4e+06	0	0
250	Tfas_chr9	4000001	5e+06	2	0.0408163265306122
251	Tfas_chr9	5000001	6e+06	0	0
252	Tfas_chr9	6000001	7e+06	0	0
253	Tfas_chr9	7000001	8e+06	1	0.05
254	Tfas_chr9	8000001	9e+06	3	0.166666666666667
255	Tfas_chr9	9000001	1e+07	1	0.0666666666666667
256	Tfas_chr9	10000001	1.1e+07	1	0.05
257	Tfas_chr9	11000001	1.2e+07	0	0
258	Tfas_chr9	12000001	1.3e+07	0	0
259	Tfas_chr9	13000001	1.4e+07	1	0.0833333333333333
260	Tfas_chr9	14000001	1.5e+07	1	0.111111111111111
261	Tfas_chr9	15000001	1.6e+07	0	0
262	Tfas_chr9	16000001	1.7e+07	0	0
263	Tfas_chr9	17000001	1.8e+07	0	0
264	Tfas_chr9	18000001	1.9e+07	3	0.15
265	Tfas_chr9	19000001	2e+07	1	0.0714285714285714
266	Tfas_chr9	20000001	2.1e+07	0	0
267	Tfas_chr9	21000001	2.2e+07	0	0
268	Tfas_chr9	22000001	2.3e+07	1	0.037037037037037
269	Tfas_chr9	23000001	2.4e+07	1	0.0285714285714286
270	Tfas_chr9	24000001	2.5e+07	0	0
271	Tfas_chr9	25000001	2.6e+07	3	0.03125
272	Tfas_chr9	26000001	2.7e+07	2	0.04
273	Tfas_chr10	1	1e+06	1	0.0108695652173913
274	Tfas_chr10	1000001	2e+06	4	0.0512820512820513
275	Tfas_chr10	2000001	3e+06	1	0.0222222222222222
276	Tfas_chr10	3000001	4e+06	0	0
277	Tfas_chr10	4000001	5e+06	0	0
278	Tfas_chr10	5000001	6e+06	1	0.0666666666666667
279	Tfas_chr10	6000001	7e+06	0	0
280	Tfas_chr10	7000001	8e+06	0	0
281	Tfas_chr10	8000001	9e+06	1	0.0416666666666667
282	Tfas_chr10	9000001	1e+07	0	0
283	Tfas_chr10	10000001	1.1e+07	3	0.176470588235294
284	Tfas_chr10	11000001	1.2e+07	0	0
285	Tfas_chr10	12000001	1.3e+07	0	0
286	Tfas_chr10	13000001	1.4e+07	0	0
287	Tfas_chr10	14000001	1.5e+07	1	0.0454545454545455
288	Tfas_chr10	15000001	1.6e+07	2	0.0833333333333333
289	Tfas_chr10	16000001	1.7e+07	2	0.0666666666666667
290	Tfas_chr10	17000001	1.8e+07	0	0
291	Tfas_chr10	18000001	1.9e+07	1	0.0333333333333333
292	Tfas_chr10	19000001	2e+07	3	0.0625
293	Tfas_chr10	20000001	2.1e+07	0	0
294	Tfas_chr10	21000001	2.2e+07	3	0.0309278350515464
295	Tfas_chr10	22000001	2.3e+07	2	0.0206185567010309
296	Tfas_chr10	23000001	2.4e+07	4	0.027972027972028
297	Tfas_chr10	24000001	2.5e+07	8	0.0559440559440559
298	Tfas_chr10	25000001	2.6e+07	4	0.0289855072463768
299	Tfas_chr10	26000001	2.7e+07	0	0
300	Tfas_chr11	1	1e+06	3	0.025
301	Tfas_chr11	1000001	2e+06	5	0.0390625
302	Tfas_chr11	2000001	3e+06	7	0.0636363636363636
303	Tfas_chr11	3000001	4e+06	1	0.0075187969924812
304	Tfas_chr11	4000001	5e+06	5	0.0396825396825397
305	Tfas_chr11	5000001	6e+06	3	0.0352941176470588
306	Tfas_chr11	6000001	7e+06	1	0.0121951219512195
307	Tfas_chr11	7000001	8e+06	1	0.0172413793103448
308	Tfas_chr11	8000001	9e+06	0	0
309	Tfas_chr11	9000001	1e+07	3	0.0697674418604651
310	Tfas_chr11	10000001	1.1e+07	0	0
311	Tfas_chr11	11000001	1.2e+07	1	0.025
312	Tfas_chr11	12000001	1.3e+07	2	0.0476190476190476
313	Tfas_chr11	13000001	1.4e+07	0	0
314	Tfas_chr11	14000001	1.5e+07	2	0.111111111111111
315	Tfas_chr11	15000001	1.6e+07	0	0
316	Tfas_chr11	16000001	1.7e+07	1	0.0666666666666667
317	Tfas_chr11	17000001	1.8e+07	0	0
318	Tfas_chr11	18000001	1.9e+07	0	0
319	Tfas_chr11	19000001	2e+07	2	0.0666666666666667
320	Tfas_chr11	20000001	2.1e+07	2	0.08
321	Tfas_chr11	21000001	2.2e+07	1	0.027027027027027
322	Tfas_chr11	22000001	2.3e+07	1	0.0476190476190476
323	Tfas_chr11	23000001	2.4e+07	2	0.0289855072463768
324	Tfas_chr11	24000001	2.5e+07	1	0.0136986301369863
325	Tfas_chr11	25000001	2.6e+07	3	0.0576923076923077
326	Tfas_chr12	1	1e+06	4	0.0347826086956522
327	Tfas_chr12	1000001	2e+06	4	0.0384615384615385
328	Tfas_chr12	2000001	3e+06	7	0.074468085106383
329	Tfas_chr12	3000001	4e+06	4	0.0481927710843374
330	Tfas_chr12	4000001	5e+06	4	0.0666666666666667
331	Tfas_chr12	5000001	6e+06	1	0.0208333333333333
332	Tfas_chr12	6000001	7e+06	2	0.05
333	Tfas_chr12	7000001	8e+06	1	0.0344827586206897
334	Tfas_chr12	8000001	9e+06	1	0.0416666666666667
335	Tfas_chr12	9000001	1e+07	1	0.032258064516129
336	Tfas_chr12	10000001	1.1e+07	0	0
337	Tfas_chr12	11000001	1.2e+07	0	0
338	Tfas_chr12	12000001	1.3e+07	2	0.0952380952380952
339	Tfas_chr12	13000001	1.4e+07	0	0
340	Tfas_chr12	14000001	1.5e+07	0	0
341	Tfas_chr12	15000001	1.6e+07	0	0
342	Tfas_chr12	16000001	1.7e+07	1	0.1
343	Tfas_chr12	17000001	1.8e+07	0	0
344	Tfas_chr12	18000001	1.9e+07	0	0
345	Tfas_chr12	19000001	2e+07	0	0
346	Tfas_chr12	20000001	2.1e+07	0	0
347	Tfas_chr12	21000001	2.2e+07	1	0.0263157894736842
348	Tfas_chr12	22000001	2.3e+07	0	0
349	Tfas_chr12	23000001	2.4e+07	2	0.0317460317460317
350	Tfas_chr12	24000001	2.5e+07	2	0.0266666666666667
351	Tfas_chr12	25000001	2.6e+07	2	0.0666666666666667
352	Tfas_chr13	1	1e+06	8	0.0714285714285714
353	Tfas_chr13	1000001	2e+06	3	0.0267857142857143
354	Tfas_chr13	2000001	3e+06	5	0.037037037037037
355	Tfas_chr13	3000001	4e+06	8	0.0707964601769911
356	Tfas_chr13	4000001	5e+06	2	0.0229885057471264
357	Tfas_chr13	5000001	6e+06	2	0.0333333333333333
358	Tfas_chr13	6000001	7e+06	2	0.0476190476190476
359	Tfas_chr13	7000001	8e+06	5	0.151515151515152
360	Tfas_chr13	8000001	9e+06	0	0
361	Tfas_chr13	9000001	1e+07	0	0
362	Tfas_chr13	10000001	1.1e+07	0	0
363	Tfas_chr13	11000001	1.2e+07	2	0.125
364	Tfas_chr13	12000001	1.3e+07	1	0.0833333333333333
365	Tfas_chr13	13000001	1.4e+07	1	0.0555555555555556
366	Tfas_chr13	14000001	1.5e+07	1	0.0555555555555556
367	Tfas_chr13	15000001	1.6e+07	0	0
368	Tfas_chr13	16000001	1.7e+07	0	0
369	Tfas_chr13	17000001	1.8e+07	1	0.037037037037037
370	Tfas_chr13	18000001	1.9e+07	2	0.0645161290322581
371	Tfas_chr13	19000001	2e+07	0	0
372	Tfas_chr13	20000001	2.1e+07	0	0
373	Tfas_chr13	21000001	2.2e+07	1	0.0303030303030303
374	Tfas_chr13	22000001	2.3e+07	1	0.0303030303030303
375	Tfas_chr13	23000001	2.4e+07	3	0.0441176470588235
376	Tfas_chr13	24000001	2.5e+07	3	0.036144578313253
377	Tfas_chr14	1	1e+06	0	0
378	Tfas_chr14	1000001	2e+06	5	0.0431034482758621
379	Tfas_chr14	2000001	3e+06	0	0
380	Tfas_chr14	3000001	4e+06	0	0
381	Tfas_chr14	4000001	5e+06	3	0.0483870967741935
382	Tfas_chr14	5000001	6e+06	1	0.03125
383	Tfas_chr14	6000001	7e+06	0	0
384	Tfas_chr14	7000001	8e+06	1	0.0416666666666667
385	Tfas_chr14	8000001	9e+06	0	0
386	Tfas_chr14	9000001	1e+07	0	0
387	Tfas_chr14	10000001	1.1e+07	0	0
388	Tfas_chr14	11000001	1.2e+07	0	0
389	Tfas_chr14	12000001	1.3e+07	0	0
390	Tfas_chr14	13000001	1.4e+07	1	0.0434782608695652
391	Tfas_chr14	14000001	1.5e+07	0	0
392	Tfas_chr14	15000001	1.6e+07	0	0
393	Tfas_chr14	16000001	1.7e+07	0	0
394	Tfas_chr14	17000001	1.8e+07	0	0
395	Tfas_chr14	18000001	1.9e+07	0	0
396	Tfas_chr14	19000001	2e+07	0	0
397	Tfas_chr14	20000001	2.1e+07	0	0
398	Tfas_chr14	21000001	2.2e+07	0	0
399	Tfas_chr14	22000001	2.3e+07	1	0.037037037037037
400	Tfas_chr14	23000001	2.4e+07	2	0.0408163265306122
401	Tfas_chr14	24000001	2.5e+07	0	0
402	Tfas_chr15	1	1e+06	2	0.0198019801980198
403	Tfas_chr15	1000001	2e+06	1	0.02
404	Tfas_chr15	2000001	3e+06	0	0
405	Tfas_chr15	3000001	4e+06	0	0
406	Tfas_chr15	4000001	5e+06	0	0
407	Tfas_chr15	5000001	6e+06	1	0.0769230769230769
408	Tfas_chr15	6000001	7e+06	1	0.0588235294117647
409	Tfas_chr15	7000001	8e+06	1	0.0416666666666667
410	Tfas_chr15	8000001	9e+06	0	0
411	Tfas_chr15	9000001	1e+07	1	0.0588235294117647
412	Tfas_chr15	10000001	1.1e+07	2	0.125
413	Tfas_chr15	11000001	1.2e+07	1	0.0454545454545455
414	Tfas_chr15	12000001	1.3e+07	1	0.0555555555555556
415	Tfas_chr15	13000001	1.4e+07	1	0.0526315789473684
416	Tfas_chr15	14000001	1.5e+07	0	0
417	Tfas_chr15	15000001	1.6e+07	0	0
418	Tfas_chr15	16000001	1.7e+07	0	0
419	Tfas_chr15	17000001	1.8e+07	1	0.0294117647058824
420	Tfas_chr15	18000001	1.9e+07	1	0.0212765957446809
421	Tfas_chr15	19000001	2e+07	1	0.010752688172043
422	Tfas_chr15	20000001	2.1e+07	3	0.0245901639344262
423	Tfas_chr15	21000001	2.2e+07	2	0.0168067226890756
424	Tfas_chr15	22000001	2.3e+07	5	0.0340136054421769
425	Tfas_chr15	23000001	2.4e+07	5	0.0520833333333333
426	Tfas_chr16	1	1e+06	5	0.0462962962962963
427	Tfas_chr16	1000001	2e+06	2	0.024390243902439
428	Tfas_chr16	2000001	3e+06	7	0.106060606060606
429	Tfas_chr16	3000001	4e+06	1	0.0232558139534884
430	Tfas_chr16	4000001	5e+06	1	0.0357142857142857
431	Tfas_chr16	5000001	6e+06	1	0.05
432	Tfas_chr16	6000001	7e+06	0	0
433	Tfas_chr16	7000001	8e+06	0	0
434	Tfas_chr16	8000001	9e+06	0	0
435	Tfas_chr16	9000001	1e+07	0	0
436	Tfas_chr16	10000001	1.1e+07	0	0
437	Tfas_chr16	11000001	1.2e+07	3	0.125
438	Tfas_chr16	12000001	1.3e+07	1	0.03125
439	Tfas_chr16	13000001	1.4e+07	0	0
440	Tfas_chr16	14000001	1.5e+07	0	0
441	Tfas_chr16	15000001	1.6e+07	0	0
442	Tfas_chr16	16000001	1.7e+07	2	0.0689655172413793
443	Tfas_chr16	17000001	1.8e+07	0	0
444	Tfas_chr16	18000001	1.9e+07	3	0.0666666666666667
445	Tfas_chr16	19000001	2e+07	1	0.0142857142857143
446	Tfas_chr16	20000001	2.1e+07	3	0.0344827586206897
447	Tfas_chr16	21000001	2.2e+07	1	0.00909090909090909
448	Tfas_chr16	22000001	2.3e+07	3	0.0214285714285714
449	Tfas_chr16	23000001	2.4e+07	2	0.0227272727272727
450	Tfas_chr17	1	1e+06	0	0
451	Tfas_chr17	1000001	2e+06	0	0
452	Tfas_chr17	2000001	3e+06	0	0
453	Tfas_chr17	3000001	4e+06	0	0
454	Tfas_chr17	4000001	5e+06	0	0
455	Tfas_chr17	5000001	6e+06	0	0
456	Tfas_chr17	6000001	7e+06	1	0.0454545454545455
457	Tfas_chr17	7000001	8e+06	0	0
458	Tfas_chr17	8000001	9e+06	2	0.0487804878048781
459	Tfas_chr17	9000001	1e+07	2	0.0350877192982456
460	Tfas_chr17	10000001	1.1e+07	0	0
461	Tfas_chr17	11000001	1.2e+07	1	0.0555555555555556
462	Tfas_chr17	12000001	1.3e+07	0	0
463	Tfas_chr17	13000001	1.4e+07	0	0
464	Tfas_chr17	14000001	1.5e+07	0	0
465	Tfas_chr17	15000001	1.6e+07	0	0
466	Tfas_chr17	16000001	1.7e+07	1	0.0135135135135135
467	Tfas_chr17	17000001	1.8e+07	0	0
468	Tfas_chr17	18000001	1.9e+07	0	0
469	Tfas_chr17	19000001	2e+07	2	0.0148148148148148
470	Tfas_chr17	20000001	2.1e+07	2	0.0151515151515152
471	Tfas_chr17	21000001	2.2e+07	6	0.075
472	Tfas_chr18	1	1e+06	3	0.0208333333333333
473	Tfas_chr18	1000001	2e+06	4	0.0277777777777778
474	Tfas_chr18	2000001	3e+06	4	0.0357142857142857
475	Tfas_chr18	3000001	4e+06	1	0.0128205128205128
476	Tfas_chr18	4000001	5e+06	3	0.0681818181818182
477	Tfas_chr18	5000001	6e+06	2	0.0425531914893617
478	Tfas_chr18	6000001	7e+06	0	0
479	Tfas_chr18	7000001	8e+06	1	0.0588235294117647
480	Tfas_chr18	8000001	9e+06	0	0
481	Tfas_chr18	9000001	1e+07	0	0
482	Tfas_chr18	10000001	1.1e+07	0	0
483	Tfas_chr18	11000001	1.2e+07	0	0
484	Tfas_chr18	12000001	1.3e+07	1	0.0526315789473684
485	Tfas_chr18	13000001	1.4e+07	2	0.0714285714285714
486	Tfas_chr18	14000001	1.5e+07	2	0.0512820512820513
487	Tfas_chr18	15000001	1.6e+07	3	0.0555555555555556
488	Tfas_chr18	16000001	1.7e+07	0	0
489	Tfas_chr18	17000001	1.8e+07	1	0.0263157894736842
490	Tfas_chr18	18000001	1.9e+07	0	0
491	Tfas_chr18	19000001	2e+07	2	0.0689655172413793
492	Tfas_chr18	20000001	2.1e+07	0	0
493	Tfas_chr18	21000001	2.2e+07	0	0
494	Tfas_chr19	1	1e+06	2	0.0166666666666667
495	Tfas_chr19	1000001	2e+06	1	0.0078740157480315
496	Tfas_chr19	2000001	3e+06	4	0.0317460317460317
497	Tfas_chr19	3000001	4e+06	1	0.012987012987013
498	Tfas_chr19	4000001	5e+06	3	0.0545454545454545
499	Tfas_chr19	5000001	6e+06	0	0
500	Tfas_chr19	6000001	7e+06	0	0
501	Tfas_chr19	7000001	8e+06	2	0.0487804878048781
502	Tfas_chr19	8000001	9e+06	0	0
503	Tfas_chr19	9000001	1e+07	1	0.0333333333333333
504	Tfas_chr19	10000001	1.1e+07	0	0
505	Tfas_chr19	11000001	1.2e+07	0	0
506	Tfas_chr19	12000001	1.3e+07	2	0.0540540540540541
507	Tfas_chr19	13000001	1.4e+07	0	0
508	Tfas_chr19	14000001	1.5e+07	0	0
509	Tfas_chr19	15000001	1.6e+07	2	0.0689655172413793
510	Tfas_chr19	16000001	1.7e+07	0	0
511	Tfas_chr19	17000001	1.8e+07	4	0.0975609756097561
512	Tfas_chr19	18000001	1.9e+07	1	0.0434782608695652
513	Tfas_chr19	19000001	2e+07	0	0
514	Tfas_chr20	1	1e+06	4	0.031496062992126
515	Tfas_chr20	1000001	2e+06	10	0.0826446280991736
516	Tfas_chr20	2000001	3e+06	1	0.0121951219512195
517	Tfas_chr20	3000001	4e+06	3	0.0566037735849057
518	Tfas_chr20	4000001	5e+06	3	0.0769230769230769
519	Tfas_chr20	5000001	6e+06	0	0
520	Tfas_chr20	6000001	7e+06	0	0
521	Tfas_chr20	7000001	8e+06	2	0.0909090909090909
522	Tfas_chr20	8000001	9e+06	0	0
523	Tfas_chr20	9000001	1e+07	0	0
524	Tfas_chr20	10000001	1.1e+07	0	0
525	Tfas_chr20	11000001	1.2e+07	2	0.08
526	Tfas_chr20	12000001	1.3e+07	1	0.0344827586206897
527	Tfas_chr20	13000001	1.4e+07	2	0.1
528	Tfas_chr20	14000001	1.5e+07	3	0.0833333333333333
529	Tfas_chr20	15000001	1.6e+07	2	0.0465116279069767
530	Tfas_chr20	16000001	1.7e+07	1	0.0196078431372549
531	Tfas_chr20	17000001	1.8e+07	0	0
532	Tfas_chr20	18000001	1.9e+07	2	0.021505376344086
533	Tfas_chr20	19000001	2e+07	1	0.0303030303030303
534	Tfas_chr21	1	1e+06	1	0.0121951219512195
535	Tfas_chr21	1000001	2e+06	0	0
536	Tfas_chr21	2000001	3e+06	1	0.0140845070422535
537	Tfas_chr21	3000001	4e+06	1	0.0227272727272727
538	Tfas_chr21	4000001	5e+06	3	0.0714285714285714
539	Tfas_chr21	5000001	6e+06	0	0
540	Tfas_chr21	6000001	7e+06	1	0.032258064516129
541	Tfas_chr21	7000001	8e+06	1	0.0384615384615385
542	Tfas_chr21	8000001	9e+06	0	0
543	Tfas_chr21	9000001	1e+07	0	0
544	Tfas_chr21	10000001	1.1e+07	0	0
545	Tfas_chr21	11000001	1.2e+07	2	0.0526315789473684
546	Tfas_chr21	12000001	1.3e+07	1	0.024390243902439
547	Tfas_chr21	13000001	1.4e+07	2	0.0307692307692308
548	Tfas_chr21	14000001	1.5e+07	1	0.0103092783505155
549	Tfas_chr21	15000001	1.6e+07	3	0.0265486725663717
550	Tfas_chr21	16000001	1.7e+07	3	0.0215827338129496
551	Tfas_chr21	17000001	1.8e+07	5	0.04
552	Tfas_chr21	18000001	1.9e+07	0	0
553	Tfas_chr22	1	1e+06	1	0.0149253731343284
554	Tfas_chr22	1000001	2e+06	0	0
555	Tfas_chr22	2000001	3e+06	2	0.0416666666666667
556	Tfas_chr22	3000001	4e+06	0	0
557	Tfas_chr22	4000001	5e+06	2	0.08
558	Tfas_chr22	5000001	6e+06	1	0.0666666666666667
559	Tfas_chr22	6000001	7e+06	0	0
560	Tfas_chr22	7000001	8e+06	3	0.0857142857142857
561	Tfas_chr22	8000001	9e+06	1	0.0256410256410256
562	Tfas_chr22	9000001	1e+07	2	0.0392156862745098
563	Tfas_chr22	10000001	1.1e+07	3	0.0666666666666667
564	Tfas_chr22	11000001	1.2e+07	1	0.0333333333333333
565	Tfas_chr22	12000001	1.3e+07	3	0.038961038961039
566	Tfas_chr22	13000001	1.4e+07	3	0.0280373831775701
567	Tfas_chr22	14000001	1.5e+07	4	0.0350877192982456
568	Tfas_chr22	15000001	1.6e+07	5	0.0367647058823529
569	Tfas_chr22	16000001	1.7e+07	5	0.0344827586206897
570	Tfas_chr22	17000001	1.8e+07	0	0
571	Tfas_chr23	1	1e+06	7	0.0823529411764706
572	Tfas_chr23	1000001	2e+06	1	0.0144927536231884
573	Tfas_chr23	2000001	3e+06	1	0.0153846153846154
574	Tfas_chr23	3000001	4e+06	1	0.0151515151515152
575	Tfas_chr23	4000001	5e+06	2	0.0392156862745098
576	Tfas_chr23	5000001	6e+06	1	0.03125
577	Tfas_chr23	6000001	7e+06	3	0.12
578	Tfas_chr23	7000001	8e+06	2	0.08
579	Tfas_chr23	8000001	9e+06	0	0
580	Tfas_chr23	9000001	1e+07	1	0.0526315789473684
581	Tfas_chr23	10000001	1.1e+07	1	0.0416666666666667
582	Tfas_chr23	11000001	1.2e+07	0	0
583	Tfas_chr23	12000001	1.3e+07	2	0.0526315789473684
584	Tfas_chr23	13000001	1.4e+07	1	0.0181818181818182
585	Tfas_chr23	14000001	1.5e+07	4	0.0333333333333333
586	Tfas_chr23	15000001	1.6e+07	5	0.0381679389312977
587	Tfas_chr23	16000001	1.7e+07	3	0.0340909090909091
588	Tfas_chr24	1	1e+06	0	0
589	Tfas_chr24	1000001	2e+06	3	0.0882352941176471
590	Tfas_chr24	2000001	3e+06	1	0.0285714285714286
591	Tfas_chr24	3000001	4e+06	0	0
592	Tfas_chr24	4000001	5e+06	0	0
593	Tfas_chr24	5000001	6e+06	0	0
594	Tfas_chr24	6000001	7e+06	4	0.102564102564103
595	Tfas_chr24	7000001	8e+06	1	0.027027027027027
596	Tfas_chr24	8000001	9e+06	3	0.0441176470588235
597	Tfas_chr24	9000001	1e+07	4	0.0412371134020619
598	Tfas_chr24	10000001	1.1e+07	7	0.0598290598290598
599	Tfas_chr24	11000001	1.2e+07	3	0.0247933884297521
600	Tfas_chr24	12000001	1.3e+07	3	0.0265486725663717
601	Tfas_chr24	13000001	1.4e+07	3	0.0508474576271186
602	Tfas_chr25	1	1e+06	4	0.0317460317460317
603	Tfas_chr25	1000001	2e+06	1	0.008
604	Tfas_chr25	2000001	3e+06	2	0.027027027027027
605	Tfas_chr25	3000001	4e+06	0	0
606	Tfas_chr25	4000001	5e+06	0	0
607	Tfas_chr25	5000001	6e+06	1	0.0263157894736842
608	Tfas_chr25	6000001	7e+06	2	0.0526315789473684
609	Tfas_chr25	7000001	8e+06	1	0.0196078431372549
610	Tfas_chr25	8000001	9e+06	3	0.115384615384615
611	Tfas_chr25	9000001	1e+07	3	0.0461538461538462
612	Tfas_chr25	10000001	1.1e+07	3	0.0441176470588235
613	Tfas_chr25	11000001	1.2e+07	4	0.0404040404040404
614	Tfas_chr25	12000001	1.3e+07	0	0
