chrom	start_window	end_window	DE_counts	proportion
1	Tlei_chr1	1	1e+06	7	0.0588235294117647
2	Tlei_chr1	1000001	2e+06	4	0.0606060606060606
3	Tlei_chr1	2000001	3e+06	0	0
4	Tlei_chr1	3000001	4e+06	1	0.03125
5	Tlei_chr1	4000001	5e+06	0	0
6	Tlei_chr1	5000001	6e+06	0	0
7	Tlei_chr1	6000001	7e+06	1	0.0625
8	Tlei_chr1	7000001	8e+06	0	0
9	Tlei_chr1	8000001	9e+06	0	0
10	Tlei_chr1	9000001	1e+07	1	0.0666666666666667
11	Tlei_chr1	10000001	1.1e+07	0	0
12	Tlei_chr1	11000001	1.2e+07	0	0
13	Tlei_chr1	12000001	1.3e+07	0	0
14	Tlei_chr1	13000001	1.4e+07	0	0
15	Tlei_chr1	14000001	1.5e+07	0	0
16	Tlei_chr1	15000001	1.6e+07	0	0
17	Tlei_chr1	16000001	1.7e+07	0	0
18	Tlei_chr1	17000001	1.8e+07	0	0
19	Tlei_chr1	18000001	1.9e+07	1	0.125
20	Tlei_chr1	19000001	2e+07	0	0
21	Tlei_chr1	20000001	2.1e+07	0	0
22	Tlei_chr1	21000001	2.2e+07	0	0
23	Tlei_chr1	22000001	2.3e+07	0	0
24	Tlei_chr1	23000001	2.4e+07	0	0
25	Tlei_chr1	24000001	2.5e+07	0	0
26	Tlei_chr1	25000001	2.6e+07	0	0
27	Tlei_chr1	26000001	2.7e+07	0	0
28	Tlei_chr1	27000001	2.8e+07	0	0
29	Tlei_chr1	28000001	2.9e+07	0	0
30	Tlei_chr1	29000001	3e+07	0	0
31	Tlei_chr1	30000001	3.1e+07	0	0
32	Tlei_chr1	31000001	3.2e+07	0	0
33	Tlei_chr1	32000001	3.3e+07	0	0
34	Tlei_chr1	33000001	3.4e+07	0	0
35	Tlei_chr1	34000001	3.5e+07	0	0
36	Tlei_chr1	35000001	3.6e+07	0	0
37	Tlei_chr1	36000001	3.7e+07	0	0
38	Tlei_chr1	37000001	3.8e+07	0	0
39	Tlei_chr1	38000001	3.9e+07	0	0
40	Tlei_chr1	39000001	4e+07	1	0.142857142857143
41	Tlei_chr1	40000001	4.1e+07	3	0.3
42	Tlei_chr1	41000001	4.2e+07	0	0
43	Tlei_chr1	42000001	4.3e+07	1	0.166666666666667
44	Tlei_chr1	43000001	4.4e+07	0	0
45	Tlei_chr1	44000001	4.5e+07	0	0
46	Tlei_chr1	45000001	4.6e+07	0	0
47	Tlei_chr1	46000001	4.7e+07	0	0
48	Tlei_chr1	47000001	4.8e+07	0	0
49	Tlei_chr1	48000001	4.9e+07	1	0.0476190476190476
50	Tlei_chr1	49000001	5e+07	0	0
51	Tlei_chr1	50000001	5.1e+07	1	0.032258064516129
52	Tlei_chr1	51000001	5.2e+07	0	0
53	Tlei_chr1	52000001	5.3e+07	0	0
54	Tlei_chr1	53000001	5.4e+07	1	0.0185185185185185
55	Tlei_chr1	54000001	5.5e+07	3	0.0337078651685393
56	Tlei_chr1	55000001	5.6e+07	0	0
57	Tlei_chr1	56000001	5.7e+07	1	0.00980392156862745
58	Tlei_chr1	57000001	5.8e+07	7	0.0673076923076923
59	Tlei_chr1	58000001	5.9e+07	2	0.0206185567010309
60	Tlei_chr1	59000001	6e+07	3	0.0263157894736842
61	Tlei_chr1	60000001	6.1e+07	2	0.0689655172413793
62	Tlei_chr2	1	1e+06	6	0.0521739130434783
63	Tlei_chr2	1000001	2e+06	3	0.024390243902439
64	Tlei_chr2	2000001	3e+06	1	0.00952380952380952
65	Tlei_chr2	3000001	4e+06	1	0.010989010989011
66	Tlei_chr2	4000001	5e+06	1	0.0208333333333333
67	Tlei_chr2	5000001	6e+06	1	0.0238095238095238
68	Tlei_chr2	6000001	7e+06	2	0.0740740740740741
69	Tlei_chr2	7000001	8e+06	1	0.0344827586206897
70	Tlei_chr2	8000001	9e+06	0	0
71	Tlei_chr2	9000001	1e+07	0	0
72	Tlei_chr2	10000001	1.1e+07	0	0
73	Tlei_chr2	11000001	1.2e+07	0	0
74	Tlei_chr2	12000001	1.3e+07	0	0
75	Tlei_chr2	13000001	1.4e+07	0	0
76	Tlei_chr2	14000001	1.5e+07	0	0
77	Tlei_chr2	15000001	1.6e+07	0	0
78	Tlei_chr2	16000001	1.7e+07	1	0.111111111111111
79	Tlei_chr2	17000001	1.8e+07	1	0.125
80	Tlei_chr2	18000001	1.9e+07	0	0
81	Tlei_chr2	19000001	2e+07	0	0
82	Tlei_chr2	20000001	2.1e+07	0	0
83	Tlei_chr2	21000001	2.2e+07	0	0
84	Tlei_chr2	22000001	2.3e+07	0	0
85	Tlei_chr2	23000001	2.4e+07	0	0
86	Tlei_chr2	24000001	2.5e+07	0	0
87	Tlei_chr2	25000001	2.6e+07	0	0
88	Tlei_chr2	26000001	2.7e+07	0	0
89	Tlei_chr2	27000001	2.8e+07	0	0
90	Tlei_chr2	28000001	2.9e+07	1	0.0909090909090909
91	Tlei_chr2	29000001	3e+07	0	0
92	Tlei_chr2	30000001	3.1e+07	0	0
93	Tlei_chr2	31000001	3.2e+07	2	0.222222222222222
94	Tlei_chr2	32000001	3.3e+07	0	0
95	Tlei_chr2	33000001	3.4e+07	3	0.272727272727273
96	Tlei_chr2	34000001	3.5e+07	0	0
97	Tlei_chr2	35000001	3.6e+07	1	0.0625
98	Tlei_chr2	36000001	3.7e+07	0	0
99	Tlei_chr2	37000001	3.8e+07	0	0
100	Tlei_chr2	38000001	3.9e+07	1	0.2
101	Tlei_chr2	39000001	4e+07	0	0
102	Tlei_chr2	40000001	4.1e+07	2	0.181818181818182
103	Tlei_chr2	41000001	4.2e+07	3	0.230769230769231
104	Tlei_chr2	42000001	4.3e+07	0	0
105	Tlei_chr2	43000001	4.4e+07	0	0
106	Tlei_chr2	44000001	4.5e+07	0	0
107	Tlei_chr2	45000001	4.6e+07	0	0
108	Tlei_chr2	46000001	4.7e+07	0	0
109	Tlei_chr2	47000001	4.8e+07	0	0
110	Tlei_chr2	48000001	4.9e+07	0	0
111	Tlei_chr2	49000001	5e+07	0	0
112	Tlei_chr2	50000001	5.1e+07	1	0.0158730158730159
113	Tlei_chr2	51000001	5.2e+07	0	0
114	Tlei_chr2	52000001	5.3e+07	2	0.032258064516129
115	Tlei_chr2	53000001	5.4e+07	0	0
116	Tlei_chr2	54000001	5.5e+07	1	0.0161290322580645
117	Tlei_chr2	55000001	5.6e+07	3	0.0288461538461538
118	Tlei_chr2	56000001	5.7e+07	5	0.036231884057971
119	Tlei_chr2	57000001	5.8e+07	0	0
120	Tlei_chr3	1	1e+06	3	0.036144578313253
121	Tlei_chr3	1000001	2e+06	5	0.0588235294117647
122	Tlei_chr3	2000001	3e+06	1	0.0172413793103448
123	Tlei_chr3	3000001	4e+06	0	0
124	Tlei_chr3	4000001	5e+06	0	0
125	Tlei_chr3	5000001	6e+06	0	0
126	Tlei_chr3	6000001	7e+06	1	0.0714285714285714
127	Tlei_chr3	7000001	8e+06	1	0.1
128	Tlei_chr3	8000001	9e+06	2	0.142857142857143
129	Tlei_chr3	9000001	1e+07	0	0
130	Tlei_chr3	10000001	1.1e+07	0	0
131	Tlei_chr3	11000001	1.2e+07	1	0.0833333333333333
132	Tlei_chr3	12000001	1.3e+07	1	0.0454545454545455
133	Tlei_chr3	13000001	1.4e+07	0	0
134	Tlei_chr3	14000001	1.5e+07	0	0
135	Tlei_chr3	15000001	1.6e+07	0	0
136	Tlei_chr3	16000001	1.7e+07	0	0
137	Tlei_chr3	17000001	1.8e+07	0	0
138	Tlei_chr3	18000001	1.9e+07	1	0.0714285714285714
139	Tlei_chr3	19000001	2e+07	0	0
140	Tlei_chr3	20000001	2.1e+07	4	0.166666666666667
141	Tlei_chr3	21000001	2.2e+07	0	0
142	Tlei_chr3	22000001	2.3e+07	0	0
143	Tlei_chr3	23000001	2.4e+07	0	0
144	Tlei_chr3	24000001	2.5e+07	0	0
145	Tlei_chr3	25000001	2.6e+07	0	0
146	Tlei_chr3	26000001	2.7e+07	0	0
147	Tlei_chr3	27000001	2.8e+07	0	0
148	Tlei_chr3	28000001	2.9e+07	0	0
149	Tlei_chr3	29000001	3e+07	1	0.125
150	Tlei_chr3	30000001	3.1e+07	0	0
151	Tlei_chr3	31000001	3.2e+07	0	0
152	Tlei_chr3	32000001	3.3e+07	0	0
153	Tlei_chr3	33000001	3.4e+07	0	0
154	Tlei_chr3	34000001	3.5e+07	0	0
155	Tlei_chr3	35000001	3.6e+07	0	0
156	Tlei_chr3	36000001	3.7e+07	0	0
157	Tlei_chr3	37000001	3.8e+07	0	0
158	Tlei_chr3	38000001	3.9e+07	0	0
159	Tlei_chr3	39000001	4e+07	3	0.3
160	Tlei_chr3	40000001	4.1e+07	0	0
161	Tlei_chr3	41000001	4.2e+07	0	0
162	Tlei_chr3	42000001	4.3e+07	0	0
163	Tlei_chr3	43000001	4.4e+07	0	0
164	Tlei_chr3	44000001	4.5e+07	0	0
165	Tlei_chr3	45000001	4.6e+07	0	0
166	Tlei_chr3	46000001	4.7e+07	0	0
167	Tlei_chr3	47000001	4.8e+07	1	0.0434782608695652
168	Tlei_chr3	48000001	4.9e+07	0	0
169	Tlei_chr3	49000001	5e+07	1	0.03125
170	Tlei_chr3	50000001	5.1e+07	0	0
171	Tlei_chr3	51000001	5.2e+07	2	0.0392156862745098
172	Tlei_chr3	52000001	5.3e+07	5	0.0568181818181818
173	Tlei_chr3	53000001	5.4e+07	4	0.0373831775700935
174	Tlei_chr3	54000001	5.5e+07	3	0.046875
175	Tlei_chr3	55000001	5.6e+07	3	0.0857142857142857
176	Tlei_chr4	1	1e+06	7	0.0588235294117647
177	Tlei_chr4	1000001	2e+06	4	0.0305343511450382
178	Tlei_chr4	2000001	3e+06	5	0.0462962962962963
179	Tlei_chr4	3000001	4e+06	1	0.00909090909090909
180	Tlei_chr4	4000001	5e+06	0	0
181	Tlei_chr4	5000001	6e+06	1	0.0384615384615385
182	Tlei_chr4	6000001	7e+06	1	0.0263157894736842
183	Tlei_chr4	7000001	8e+06	0	0
184	Tlei_chr4	8000001	9e+06	0	0
185	Tlei_chr4	9000001	1e+07	0	0
186	Tlei_chr4	10000001	1.1e+07	0	0
187	Tlei_chr4	11000001	1.2e+07	0	0
188	Tlei_chr4	12000001	1.3e+07	0	0
189	Tlei_chr4	13000001	1.4e+07	0	0
190	Tlei_chr4	14000001	1.5e+07	0	0
191	Tlei_chr4	15000001	1.6e+07	0	0
192	Tlei_chr4	16000001	1.7e+07	0	0
193	Tlei_chr4	17000001	1.8e+07	0	0
194	Tlei_chr4	18000001	1.9e+07	0	0
195	Tlei_chr4	19000001	2e+07	0	0
196	Tlei_chr4	20000001	2.1e+07	0	0
197	Tlei_chr4	21000001	2.2e+07	0	0
198	Tlei_chr4	22000001	2.3e+07	0	0
199	Tlei_chr4	23000001	2.4e+07	0	0
200	Tlei_chr4	24000001	2.5e+07	0	0
201	Tlei_chr4	25000001	2.6e+07	0	0
202	Tlei_chr4	26000001	2.7e+07	1	0.0769230769230769
203	Tlei_chr4	27000001	2.8e+07	0	0
204	Tlei_chr4	28000001	2.9e+07	2	0.285714285714286
205	Tlei_chr4	29000001	3e+07	1	0.111111111111111
206	Tlei_chr4	30000001	3.1e+07	0	0
207	Tlei_chr4	31000001	3.2e+07	1	0.1
208	Tlei_chr4	32000001	3.3e+07	0	0
209	Tlei_chr4	33000001	3.4e+07	0	0
210	Tlei_chr4	34000001	3.5e+07	0	0
211	Tlei_chr4	35000001	3.6e+07	0	0
212	Tlei_chr4	36000001	3.7e+07	0	0
213	Tlei_chr4	37000001	3.8e+07	1	0.1
214	Tlei_chr4	38000001	3.9e+07	0	0
215	Tlei_chr4	39000001	4e+07	1	0.0909090909090909
216	Tlei_chr4	40000001	4.1e+07	1	0.25
217	Tlei_chr4	41000001	4.2e+07	0	0
218	Tlei_chr4	42000001	4.3e+07	0	0
219	Tlei_chr4	43000001	4.4e+07	0	0
220	Tlei_chr4	44000001	4.5e+07	0	0
221	Tlei_chr4	45000001	4.6e+07	0	0
222	Tlei_chr4	46000001	4.7e+07	0	0
223	Tlei_chr4	47000001	4.8e+07	0	0
224	Tlei_chr4	48000001	4.9e+07	0	0
225	Tlei_chr4	49000001	5e+07	0	0
226	Tlei_chr4	50000001	5.1e+07	0	0
227	Tlei_chr4	51000001	5.2e+07	0	0
228	Tlei_chr4	52000001	5.3e+07	2	0.0909090909090909
229	Tlei_chr4	53000001	5.4e+07	2	0.0540540540540541
230	Tlei_chr4	54000001	5.5e+07	1	0.0169491525423729
231	Tlei_chr4	55000001	5.6e+07	1	0.0303030303030303
232	Tlei_chr5	1	1e+06	5	0.0520833333333333
233	Tlei_chr5	1000001	2e+06	1	0.01
234	Tlei_chr5	2000001	3e+06	6	0.08
235	Tlei_chr5	3000001	4e+06	4	0.0459770114942529
236	Tlei_chr5	4000001	5e+06	3	0.0535714285714286
237	Tlei_chr5	5000001	6e+06	1	0.0263157894736842
238	Tlei_chr5	6000001	7e+06	1	0.032258064516129
239	Tlei_chr5	7000001	8e+06	1	0.05
240	Tlei_chr5	8000001	9e+06	0	0
241	Tlei_chr5	9000001	1e+07	0	0
242	Tlei_chr5	10000001	1.1e+07	0	0
243	Tlei_chr5	11000001	1.2e+07	1	0.0909090909090909
244	Tlei_chr5	12000001	1.3e+07	0	0
245	Tlei_chr5	13000001	1.4e+07	0	0
246	Tlei_chr5	14000001	1.5e+07	1	0.125
247	Tlei_chr5	15000001	1.6e+07	0	0
248	Tlei_chr5	16000001	1.7e+07	0	0
249	Tlei_chr5	17000001	1.8e+07	0	0
250	Tlei_chr5	18000001	1.9e+07	0	0
251	Tlei_chr5	19000001	2e+07	0	0
252	Tlei_chr5	20000001	2.1e+07	0	0
253	Tlei_chr5	21000001	2.2e+07	0	0
254	Tlei_chr5	22000001	2.3e+07	0	0
255	Tlei_chr5	23000001	2.4e+07	0	0
256	Tlei_chr5	24000001	2.5e+07	0	0
257	Tlei_chr5	25000001	2.6e+07	0	0
258	Tlei_chr5	26000001	2.7e+07	0	0
259	Tlei_chr5	27000001	2.8e+07	0	0
260	Tlei_chr5	28000001	2.9e+07	0	0
261	Tlei_chr5	29000001	3e+07	0	0
262	Tlei_chr5	30000001	3.1e+07	0	0
263	Tlei_chr5	31000001	3.2e+07	0	0
264	Tlei_chr5	32000001	3.3e+07	0	0
265	Tlei_chr5	33000001	3.4e+07	0	0
266	Tlei_chr5	34000001	3.5e+07	0	0
267	Tlei_chr5	35000001	3.6e+07	0	0
268	Tlei_chr5	36000001	3.7e+07	0	0
269	Tlei_chr5	37000001	3.8e+07	0	0
270	Tlei_chr5	38000001	3.9e+07	1	0.125
271	Tlei_chr5	39000001	4e+07	3	0.272727272727273
272	Tlei_chr5	40000001	4.1e+07	0	0
273	Tlei_chr5	41000001	4.2e+07	0	0
274	Tlei_chr5	42000001	4.3e+07	1	0.2
275	Tlei_chr5	43000001	4.4e+07	0	0
276	Tlei_chr5	44000001	4.5e+07	0	0
277	Tlei_chr5	45000001	4.6e+07	0	0
278	Tlei_chr5	46000001	4.7e+07	1	0.2
279	Tlei_chr5	47000001	4.8e+07	0	0
280	Tlei_chr5	48000001	4.9e+07	2	0.25
281	Tlei_chr5	49000001	5e+07	0	0
282	Tlei_chr5	50000001	5.1e+07	1	0.142857142857143
283	Tlei_chr5	51000001	5.2e+07	2	0.0714285714285714
284	Tlei_chr5	52000001	5.3e+07	0	0
285	Tlei_chr5	53000001	5.4e+07	3	0.0441176470588235
286	Tlei_chr5	54000001	5.5e+07	2	0.0285714285714286
287	Tlei_chr6	1	1e+06	3	0.0379746835443038
288	Tlei_chr6	1000001	2e+06	5	0.0454545454545455
289	Tlei_chr6	2000001	3e+06	3	0.027027027027027
290	Tlei_chr6	3000001	4e+06	3	0.03125
291	Tlei_chr6	4000001	5e+06	4	0.0384615384615385
292	Tlei_chr6	5000001	6e+06	0	0
293	Tlei_chr6	6000001	7e+06	0	0
294	Tlei_chr6	7000001	8e+06	0	0
295	Tlei_chr6	8000001	9e+06	1	0.0434782608695652
296	Tlei_chr6	9000001	1e+07	0	0
297	Tlei_chr6	10000001	1.1e+07	0	0
298	Tlei_chr6	11000001	1.2e+07	1	0.0909090909090909
299	Tlei_chr6	12000001	1.3e+07	0	0
300	Tlei_chr6	13000001	1.4e+07	0	0
301	Tlei_chr6	14000001	1.5e+07	0	0
302	Tlei_chr6	15000001	1.6e+07	0	0
303	Tlei_chr6	16000001	1.7e+07	0	0
304	Tlei_chr6	17000001	1.8e+07	0	0
305	Tlei_chr6	18000001	1.9e+07	0	0
306	Tlei_chr6	19000001	2e+07	0	0
307	Tlei_chr6	20000001	2.1e+07	0	0
308	Tlei_chr6	21000001	2.2e+07	1	0.2
309	Tlei_chr6	22000001	2.3e+07	0	0
310	Tlei_chr6	23000001	2.4e+07	0	0
311	Tlei_chr6	24000001	2.5e+07	1	0.142857142857143
312	Tlei_chr6	25000001	2.6e+07	2	0.0869565217391304
313	Tlei_chr6	26000001	2.7e+07	1	0.125
314	Tlei_chr6	27000001	2.8e+07	0	0
315	Tlei_chr6	28000001	2.9e+07	0	0
316	Tlei_chr6	29000001	3e+07	0	0
317	Tlei_chr6	30000001	3.1e+07	0	0
318	Tlei_chr6	31000001	3.2e+07	0	0
319	Tlei_chr6	32000001	3.3e+07	0	0
320	Tlei_chr6	33000001	3.4e+07	0	0
321	Tlei_chr6	34000001	3.5e+07	0	0
322	Tlei_chr6	35000001	3.6e+07	0	0
323	Tlei_chr6	36000001	3.7e+07	0	0
324	Tlei_chr6	37000001	3.8e+07	0	0
325	Tlei_chr6	38000001	3.9e+07	0	0
326	Tlei_chr6	39000001	4e+07	0	0
327	Tlei_chr6	40000001	4.1e+07	1	0.25
328	Tlei_chr6	41000001	4.2e+07	1	0.25
329	Tlei_chr6	42000001	4.3e+07	0	0
330	Tlei_chr6	43000001	4.4e+07	1	0.0909090909090909
331	Tlei_chr6	44000001	4.5e+07	0	0
332	Tlei_chr6	45000001	4.6e+07	0	0
333	Tlei_chr6	46000001	4.7e+07	3	0.0909090909090909
334	Tlei_chr6	47000001	4.8e+07	1	0.0285714285714286
335	Tlei_chr6	48000001	4.9e+07	3	0.0508474576271186
336	Tlei_chr6	49000001	5e+07	2	0.025974025974026
337	Tlei_chr6	50000001	5.1e+07	1	0.00833333333333333
338	Tlei_chr6	51000001	5.2e+07	3	0.0254237288135593
339	Tlei_chr6	52000001	5.3e+07	2	0.0526315789473684
340	Tlei_chr7	1	1e+06	4	0.032
341	Tlei_chr7	1000001	2e+06	4	0.04
342	Tlei_chr7	2000001	3e+06	1	0.0133333333333333
343	Tlei_chr7	3000001	4e+06	1	0.0212765957446809
344	Tlei_chr7	4000001	5e+06	1	0.03125
345	Tlei_chr7	5000001	6e+06	0	0
346	Tlei_chr7	6000001	7e+06	1	0.0476190476190476
347	Tlei_chr7	7000001	8e+06	0	0
348	Tlei_chr7	8000001	9e+06	0	0
349	Tlei_chr7	9000001	1e+07	3	0.272727272727273
350	Tlei_chr7	10000001	1.1e+07	0	0
351	Tlei_chr7	11000001	1.2e+07	1	0.0588235294117647
352	Tlei_chr7	12000001	1.3e+07	2	0.25
353	Tlei_chr7	13000001	1.4e+07	1	0.0833333333333333
354	Tlei_chr7	14000001	1.5e+07	1	0.333333333333333
355	Tlei_chr7	15000001	1.6e+07	0	0
356	Tlei_chr7	16000001	1.7e+07	0	0
357	Tlei_chr7	17000001	1.8e+07	0	0
358	Tlei_chr7	18000001	1.9e+07	1	0.2
359	Tlei_chr7	19000001	2e+07	0	0
360	Tlei_chr7	20000001	2.1e+07	1	0.111111111111111
361	Tlei_chr7	21000001	2.2e+07	0	0
362	Tlei_chr7	22000001	2.3e+07	0	0
363	Tlei_chr7	23000001	2.4e+07	0	0
364	Tlei_chr7	24000001	2.5e+07	0	0
365	Tlei_chr7	25000001	2.6e+07	0	0
366	Tlei_chr7	26000001	2.7e+07	0	0
367	Tlei_chr7	27000001	2.8e+07	0	0
368	Tlei_chr7	28000001	2.9e+07	0	0
369	Tlei_chr7	29000001	3e+07	0	0
370	Tlei_chr7	30000001	3.1e+07	0	0
371	Tlei_chr7	31000001	3.2e+07	0	0
372	Tlei_chr7	32000001	3.3e+07	0	0
373	Tlei_chr7	33000001	3.4e+07	0	0
374	Tlei_chr7	34000001	3.5e+07	0	0
375	Tlei_chr7	35000001	3.6e+07	0	0
376	Tlei_chr7	36000001	3.7e+07	1	0.0714285714285714
377	Tlei_chr7	37000001	3.8e+07	0	0
378	Tlei_chr7	38000001	3.9e+07	0	0
379	Tlei_chr7	39000001	4e+07	1	0.166666666666667
380	Tlei_chr7	40000001	4.1e+07	0	0
381	Tlei_chr7	41000001	4.2e+07	0	0
382	Tlei_chr7	42000001	4.3e+07	0	0
383	Tlei_chr7	43000001	4.4e+07	1	0.125
384	Tlei_chr7	44000001	4.5e+07	0	0
385	Tlei_chr7	45000001	4.6e+07	0	0
386	Tlei_chr7	46000001	4.7e+07	0	0
387	Tlei_chr7	47000001	4.8e+07	2	0.0645161290322581
388	Tlei_chr7	48000001	4.9e+07	2	0.153846153846154
389	Tlei_chr7	49000001	5e+07	1	0.0294117647058824
390	Tlei_chr7	50000001	5.1e+07	1	0.024390243902439
391	Tlei_chr7	51000001	5.2e+07	2	0.0212765957446809
392	Tlei_chr7	52000001	5.3e+07	3	0.103448275862069
393	Tlei_chr8	1	1e+06	9	0.0661764705882353
394	Tlei_chr8	1000001	2e+06	0	0
395	Tlei_chr8	2000001	3e+06	1	0.0125
396	Tlei_chr8	3000001	4e+06	2	0.0266666666666667
397	Tlei_chr8	4000001	5e+06	3	0.0769230769230769
398	Tlei_chr8	5000001	6e+06	4	0.117647058823529
399	Tlei_chr8	6000001	7e+06	1	0.037037037037037
400	Tlei_chr8	7000001	8e+06	1	0.0714285714285714
401	Tlei_chr8	8000001	9e+06	0	0
402	Tlei_chr8	9000001	1e+07	0	0
403	Tlei_chr8	10000001	1.1e+07	1	0.0714285714285714
404	Tlei_chr8	11000001	1.2e+07	0	0
405	Tlei_chr8	12000001	1.3e+07	0	0
406	Tlei_chr8	13000001	1.4e+07	0	0
407	Tlei_chr8	14000001	1.5e+07	0	0
408	Tlei_chr8	15000001	1.6e+07	2	0.166666666666667
409	Tlei_chr8	16000001	1.7e+07	0	0
410	Tlei_chr8	17000001	1.8e+07	1	0.142857142857143
411	Tlei_chr8	18000001	1.9e+07	0	0
412	Tlei_chr8	19000001	2e+07	0	0
413	Tlei_chr8	20000001	2.1e+07	0	0
414	Tlei_chr8	21000001	2.2e+07	0	0
415	Tlei_chr8	22000001	2.3e+07	0	0
416	Tlei_chr8	23000001	2.4e+07	0	0
417	Tlei_chr8	24000001	2.5e+07	0	0
418	Tlei_chr8	25000001	2.6e+07	0	0
419	Tlei_chr8	26000001	2.7e+07	1	0.333333333333333
420	Tlei_chr8	27000001	2.8e+07	0	0
421	Tlei_chr8	28000001	2.9e+07	0	0
422	Tlei_chr8	29000001	3e+07	1	0.2
423	Tlei_chr8	30000001	3.1e+07	0	0
424	Tlei_chr8	31000001	3.2e+07	0	0
425	Tlei_chr8	32000001	3.3e+07	0	0
426	Tlei_chr8	33000001	3.4e+07	0	0
427	Tlei_chr8	34000001	3.5e+07	1	0.0138888888888889
428	Tlei_chr8	35000001	3.6e+07	0	0
429	Tlei_chr8	36000001	3.7e+07	0	0
430	Tlei_chr8	37000001	3.8e+07	0	0
431	Tlei_chr8	38000001	3.9e+07	0	0
432	Tlei_chr8	39000001	4e+07	3	0.25
433	Tlei_chr8	40000001	4.1e+07	0	0
434	Tlei_chr8	41000001	4.2e+07	0	0
435	Tlei_chr8	42000001	4.3e+07	0	0
436	Tlei_chr8	43000001	4.4e+07	0	0
437	Tlei_chr8	44000001	4.5e+07	0	0
438	Tlei_chr8	45000001	4.6e+07	0	0
439	Tlei_chr8	46000001	4.7e+07	0	0
440	Tlei_chr8	47000001	4.8e+07	1	0.0158730158730159
441	Tlei_chr8	48000001	4.9e+07	2	0.032258064516129
442	Tlei_chr8	49000001	5e+07	5	0.0505050505050505
443	Tlei_chr8	50000001	5.1e+07	2	0.0135135135135135
444	Tlei_chr8	51000001	5.2e+07	0	0
445	Tlei_chr9	1	1e+06	6	0.0422535211267606
446	Tlei_chr9	1000001	2e+06	6	0.0465116279069767
447	Tlei_chr9	2000001	3e+06	3	0.0263157894736842
448	Tlei_chr9	3000001	4e+06	1	0.0123456790123457
449	Tlei_chr9	4000001	5e+06	2	0.027027027027027
450	Tlei_chr9	5000001	6e+06	2	0.037037037037037
451	Tlei_chr9	6000001	7e+06	2	0.0606060606060606
452	Tlei_chr9	7000001	8e+06	0	0
453	Tlei_chr9	8000001	9e+06	2	0.0740740740740741
454	Tlei_chr9	9000001	1e+07	0	0
455	Tlei_chr9	10000001	1.1e+07	1	0.166666666666667
456	Tlei_chr9	11000001	1.2e+07	0	0
457	Tlei_chr9	12000001	1.3e+07	0	0
458	Tlei_chr9	13000001	1.4e+07	0	0
459	Tlei_chr9	14000001	1.5e+07	0	0
460	Tlei_chr9	15000001	1.6e+07	1	0.0714285714285714
461	Tlei_chr9	16000001	1.7e+07	0	0
462	Tlei_chr9	17000001	1.8e+07	1	0.0769230769230769
463	Tlei_chr9	18000001	1.9e+07	0	0
464	Tlei_chr9	19000001	2e+07	0	0
465	Tlei_chr9	20000001	2.1e+07	1	0.125
466	Tlei_chr9	21000001	2.2e+07	0	0
467	Tlei_chr9	22000001	2.3e+07	0	0
468	Tlei_chr9	23000001	2.4e+07	0	0
469	Tlei_chr9	24000001	2.5e+07	0	0
470	Tlei_chr9	25000001	2.6e+07	0	0
471	Tlei_chr9	26000001	2.7e+07	0	0
472	Tlei_chr9	27000001	2.8e+07	0	0
473	Tlei_chr9	28000001	2.9e+07	0	0
474	Tlei_chr9	29000001	3e+07	0	0
475	Tlei_chr9	30000001	3.1e+07	0	0
476	Tlei_chr9	31000001	3.2e+07	2	0.25
477	Tlei_chr9	32000001	3.3e+07	1	0.0555555555555556
478	Tlei_chr9	33000001	3.4e+07	0	0
479	Tlei_chr9	34000001	3.5e+07	0	0
480	Tlei_chr9	35000001	3.6e+07	1	0.111111111111111
481	Tlei_chr9	36000001	3.7e+07	0	0
482	Tlei_chr9	37000001	3.8e+07	0	0
483	Tlei_chr9	38000001	3.9e+07	0	0
484	Tlei_chr9	39000001	4e+07	0	0
485	Tlei_chr9	40000001	4.1e+07	0	0
486	Tlei_chr9	41000001	4.2e+07	0	0
487	Tlei_chr9	42000001	4.3e+07	1	0.111111111111111
488	Tlei_chr9	43000001	4.4e+07	0	0
489	Tlei_chr9	44000001	4.5e+07	0	0
490	Tlei_chr9	45000001	4.6e+07	0	0
491	Tlei_chr9	46000001	4.7e+07	1	0.0344827586206897
492	Tlei_chr9	47000001	4.8e+07	0	0
493	Tlei_chr9	48000001	4.9e+07	5	0.078125
494	Tlei_chr9	49000001	5e+07	3	0.03
495	Tlei_chr9	50000001	5.1e+07	2	0.0666666666666667
496	Tlei_chr10	1	1e+06	4	0.0384615384615385
497	Tlei_chr10	1000001	2e+06	2	0.015748031496063
498	Tlei_chr10	2000001	3e+06	5	0.0446428571428571
499	Tlei_chr10	3000001	4e+06	2	0.04
500	Tlei_chr10	4000001	5e+06	1	0.0208333333333333
501	Tlei_chr10	5000001	6e+06	0	0
502	Tlei_chr10	6000001	7e+06	3	0.214285714285714
503	Tlei_chr10	7000001	8e+06	5	0.416666666666667
504	Tlei_chr10	8000001	9e+06	1	0.2
505	Tlei_chr10	9000001	1e+07	0	0
506	Tlei_chr10	10000001	1.1e+07	0	0
507	Tlei_chr10	11000001	1.2e+07	0	0
508	Tlei_chr10	12000001	1.3e+07	1	0.111111111111111
509	Tlei_chr10	13000001	1.4e+07	0	0
510	Tlei_chr10	14000001	1.5e+07	0	0
511	Tlei_chr10	15000001	1.6e+07	1	0.0384615384615385
512	Tlei_chr10	16000001	1.7e+07	0	0
513	Tlei_chr10	17000001	1.8e+07	0	0
514	Tlei_chr10	18000001	1.9e+07	0	0
515	Tlei_chr10	19000001	2e+07	2	0.285714285714286
516	Tlei_chr10	20000001	2.1e+07	1	0.2
517	Tlei_chr10	21000001	2.2e+07	0	0
518	Tlei_chr10	22000001	2.3e+07	0	0
519	Tlei_chr10	23000001	2.4e+07	0	0
520	Tlei_chr10	24000001	2.5e+07	0	0
521	Tlei_chr10	25000001	2.6e+07	0	0
522	Tlei_chr10	26000001	2.7e+07	0	0
523	Tlei_chr10	27000001	2.8e+07	0	0
524	Tlei_chr10	28000001	2.9e+07	0	0
525	Tlei_chr10	29000001	3e+07	0	0
526	Tlei_chr10	30000001	3.1e+07	0	0
527	Tlei_chr10	31000001	3.2e+07	0	0
528	Tlei_chr10	32000001	3.3e+07	1	0.2
529	Tlei_chr10	33000001	3.4e+07	0	0
530	Tlei_chr10	34000001	3.5e+07	0	0
531	Tlei_chr10	35000001	3.6e+07	0	0
532	Tlei_chr10	36000001	3.7e+07	0	0
533	Tlei_chr10	37000001	3.8e+07	0	0
534	Tlei_chr10	38000001	3.9e+07	2	0.153846153846154
535	Tlei_chr10	39000001	4e+07	2	0.166666666666667
536	Tlei_chr10	40000001	4.1e+07	1	0.0714285714285714
537	Tlei_chr10	41000001	4.2e+07	2	0.111111111111111
538	Tlei_chr10	42000001	4.3e+07	0	0
539	Tlei_chr10	43000001	4.4e+07	0	0
540	Tlei_chr10	44000001	4.5e+07	1	0.0222222222222222
541	Tlei_chr10	45000001	4.6e+07	1	0.0181818181818182
542	Tlei_chr10	46000001	4.7e+07	2	0.0202020202020202
543	Tlei_chr10	47000001	4.8e+07	6	0.046875
544	Tlei_chr10	48000001	4.9e+07	6	0.127659574468085
545	Tlei_chr11	1	1e+06	6	0.0576923076923077
546	Tlei_chr11	1000001	2e+06	1	0.0140845070422535
547	Tlei_chr11	2000001	3e+06	2	0.0476190476190476
548	Tlei_chr11	3000001	4e+06	1	0.0333333333333333
549	Tlei_chr11	4000001	5e+06	0	0
550	Tlei_chr11	5000001	6e+06	0	0
551	Tlei_chr11	6000001	7e+06	0	0
552	Tlei_chr11	7000001	8e+06	1	0.0454545454545455
553	Tlei_chr11	8000001	9e+06	0	0
554	Tlei_chr11	9000001	1e+07	0	0
555	Tlei_chr11	10000001	1.1e+07	0	0
556	Tlei_chr11	11000001	1.2e+07	0	0
557	Tlei_chr11	12000001	1.3e+07	0	0
558	Tlei_chr11	13000001	1.4e+07	0	0
559	Tlei_chr11	14000001	1.5e+07	0	0
560	Tlei_chr11	15000001	1.6e+07	0	0
561	Tlei_chr11	16000001	1.7e+07	0	0
562	Tlei_chr11	17000001	1.8e+07	0	0
563	Tlei_chr11	18000001	1.9e+07	0	0
564	Tlei_chr11	19000001	2e+07	1	0.2
565	Tlei_chr11	20000001	2.1e+07	2	0.222222222222222
566	Tlei_chr11	21000001	2.2e+07	0	0
567	Tlei_chr11	22000001	2.3e+07	0	0
568	Tlei_chr11	23000001	2.4e+07	0	0
569	Tlei_chr11	24000001	2.5e+07	2	0.181818181818182
570	Tlei_chr11	25000001	2.6e+07	0	0
571	Tlei_chr11	26000001	2.7e+07	0	0
572	Tlei_chr11	27000001	2.8e+07	0	0
573	Tlei_chr11	28000001	2.9e+07	0	0
574	Tlei_chr11	29000001	3e+07	0	0
575	Tlei_chr11	30000001	3.1e+07	0	0
576	Tlei_chr11	31000001	3.2e+07	0	0
577	Tlei_chr11	32000001	3.3e+07	1	0.2
578	Tlei_chr11	33000001	3.4e+07	0	0
579	Tlei_chr11	34000001	3.5e+07	0	0
580	Tlei_chr11	35000001	3.6e+07	0	0
581	Tlei_chr11	36000001	3.7e+07	0	0
582	Tlei_chr11	37000001	3.8e+07	0	0
583	Tlei_chr11	38000001	3.9e+07	0	0
584	Tlei_chr11	39000001	4e+07	1	0.0909090909090909
585	Tlei_chr11	40000001	4.1e+07	1	0.0526315789473684
586	Tlei_chr11	41000001	4.2e+07	0	0
587	Tlei_chr11	42000001	4.3e+07	1	0.0333333333333333
588	Tlei_chr11	43000001	4.4e+07	2	0.0357142857142857
589	Tlei_chr11	44000001	4.5e+07	1	0.00980392156862745
590	Tlei_chr11	45000001	4.6e+07	0	0
591	Tlei_chr12	1	1e+06	5	0.0431034482758621
592	Tlei_chr12	1000001	2e+06	5	0.0390625
593	Tlei_chr12	2000001	3e+06	5	0.0555555555555556
594	Tlei_chr12	3000001	4e+06	0	0
595	Tlei_chr12	4000001	5e+06	1	0.0212765957446809
596	Tlei_chr12	5000001	6e+06	1	0.0357142857142857
597	Tlei_chr12	6000001	7e+06	0	0
598	Tlei_chr12	7000001	8e+06	0	0
599	Tlei_chr12	8000001	9e+06	1	0.0909090909090909
600	Tlei_chr12	9000001	1e+07	0	0
601	Tlei_chr12	10000001	1.1e+07	0	0
602	Tlei_chr12	11000001	1.2e+07	0	0
603	Tlei_chr12	12000001	1.3e+07	0	0
604	Tlei_chr12	13000001	1.4e+07	0	0
605	Tlei_chr12	14000001	1.5e+07	0	0
606	Tlei_chr12	15000001	1.6e+07	0	0
607	Tlei_chr12	16000001	1.7e+07	0	0
608	Tlei_chr12	17000001	1.8e+07	1	0.125
609	Tlei_chr12	18000001	1.9e+07	0	0
610	Tlei_chr12	19000001	2e+07	0	0
611	Tlei_chr12	20000001	2.1e+07	0	0
612	Tlei_chr12	21000001	2.2e+07	0	0
613	Tlei_chr12	22000001	2.3e+07	0	0
614	Tlei_chr12	23000001	2.4e+07	0	0
615	Tlei_chr12	24000001	2.5e+07	0	0
616	Tlei_chr12	25000001	2.6e+07	0	0
617	Tlei_chr12	26000001	2.7e+07	1	0.1
618	Tlei_chr12	27000001	2.8e+07	1	0.111111111111111
619	Tlei_chr12	28000001	2.9e+07	0	0
620	Tlei_chr12	29000001	3e+07	2	0.153846153846154
621	Tlei_chr12	30000001	3.1e+07	0	0
622	Tlei_chr12	31000001	3.2e+07	0	0
623	Tlei_chr12	32000001	3.3e+07	0	0
624	Tlei_chr12	33000001	3.4e+07	2	0.0833333333333333
625	Tlei_chr12	34000001	3.5e+07	0	0
626	Tlei_chr12	35000001	3.6e+07	0	0
627	Tlei_chr12	36000001	3.7e+07	1	0.0476190476190476
628	Tlei_chr12	37000001	3.8e+07	0	0
629	Tlei_chr12	38000001	3.9e+07	1	0.0454545454545455
630	Tlei_chr12	39000001	4e+07	1	0.037037037037037
631	Tlei_chr12	40000001	4.1e+07	1	0.037037037037037
632	Tlei_chr12	41000001	4.2e+07	0	0
633	Tlei_chr12	42000001	4.3e+07	4	0.0506329113924051
634	Tlei_chr12	43000001	4.4e+07	0	0
635	Tlei_chr13	1	1e+06	2	0.021505376344086
636	Tlei_chr13	1000001	2e+06	2	0.0263157894736842
637	Tlei_chr13	2000001	3e+06	1	0.0212765957446809
638	Tlei_chr13	3000001	4e+06	2	0.08
639	Tlei_chr13	4000001	5e+06	0	0
640	Tlei_chr13	5000001	6e+06	0	0
641	Tlei_chr13	6000001	7e+06	1	0.0555555555555556
642	Tlei_chr13	7000001	8e+06	0	0
643	Tlei_chr13	8000001	9e+06	1	0.0769230769230769
644	Tlei_chr13	9000001	1e+07	0	0
645	Tlei_chr13	10000001	1.1e+07	0	0
646	Tlei_chr13	11000001	1.2e+07	0	0
647	Tlei_chr13	12000001	1.3e+07	0	0
648	Tlei_chr13	13000001	1.4e+07	0	0
649	Tlei_chr13	14000001	1.5e+07	0	0
650	Tlei_chr13	15000001	1.6e+07	0	0
651	Tlei_chr13	16000001	1.7e+07	0	0
652	Tlei_chr13	17000001	1.8e+07	0	0
653	Tlei_chr13	18000001	1.9e+07	1	0.0769230769230769
654	Tlei_chr13	19000001	2e+07	0	0
655	Tlei_chr13	20000001	2.1e+07	1	0.0769230769230769
656	Tlei_chr13	21000001	2.2e+07	0	0
657	Tlei_chr13	22000001	2.3e+07	0	0
658	Tlei_chr13	23000001	2.4e+07	0	0
659	Tlei_chr13	24000001	2.5e+07	0	0
660	Tlei_chr13	25000001	2.6e+07	0	0
661	Tlei_chr13	26000001	2.7e+07	0	0
662	Tlei_chr13	27000001	2.8e+07	0	0
663	Tlei_chr13	28000001	2.9e+07	1	0.25
664	Tlei_chr13	29000001	3e+07	0	0
665	Tlei_chr13	30000001	3.1e+07	1	0.2
666	Tlei_chr13	31000001	3.2e+07	0	0
667	Tlei_chr13	32000001	3.3e+07	2	0.0769230769230769
668	Tlei_chr13	33000001	3.4e+07	1	0.0333333333333333
669	Tlei_chr13	34000001	3.5e+07	2	0.0454545454545455
670	Tlei_chr13	35000001	3.6e+07	0	0
671	Tlei_chr13	36000001	3.7e+07	2	0.028169014084507
672	Tlei_chr13	37000001	3.8e+07	1	0.0119047619047619
673	Tlei_chr13	38000001	3.9e+07	0	0
674	Tlei_chr13	39000001	4e+07	0	0
675	Tlei_chr14	1	1e+06	6	0.0517241379310345
676	Tlei_chr14	1000001	2e+06	4	0.0317460317460317
677	Tlei_chr14	2000001	3e+06	4	0.0347826086956522
678	Tlei_chr14	3000001	4e+06	0	0
679	Tlei_chr14	4000001	5e+06	1	0.0128205128205128
680	Tlei_chr14	5000001	6e+06	0	0
681	Tlei_chr14	6000001	7e+06	0	0
682	Tlei_chr14	7000001	8e+06	0	0
683	Tlei_chr14	8000001	9e+06	0	0
684	Tlei_chr14	9000001	1e+07	0	0
685	Tlei_chr14	10000001	1.1e+07	0	0
686	Tlei_chr14	11000001	1.2e+07	0	0
687	Tlei_chr14	12000001	1.3e+07	0	0
688	Tlei_chr14	13000001	1.4e+07	0	0
689	Tlei_chr14	14000001	1.5e+07	0	0
690	Tlei_chr14	15000001	1.6e+07	0	0
691	Tlei_chr14	16000001	1.7e+07	0	0
692	Tlei_chr14	17000001	1.8e+07	0	0
693	Tlei_chr14	18000001	1.9e+07	0	0
694	Tlei_chr14	19000001	2e+07	0	0
695	Tlei_chr14	20000001	2.1e+07	0	0
696	Tlei_chr14	21000001	2.2e+07	1	0.0833333333333333
697	Tlei_chr14	22000001	2.3e+07	0	0
698	Tlei_chr14	23000001	2.4e+07	4	0.173913043478261
699	Tlei_chr14	24000001	2.5e+07	1	0.0625
700	Tlei_chr14	25000001	2.6e+07	0	0
701	Tlei_chr14	26000001	2.7e+07	3	0.111111111111111
702	Tlei_chr14	27000001	2.8e+07	1	0.027027027027027
703	Tlei_chr14	28000001	2.9e+07	0	0
704	Tlei_chr14	29000001	3e+07	3	0.0652173913043478
705	Tlei_chr14	30000001	3.1e+07	2	0.0357142857142857
706	Tlei_chr14	31000001	3.2e+07	1	0.0149253731343284
707	Tlei_chr14	32000001	3.3e+07	2	0.0232558139534884
708	Tlei_chr14	33000001	3.4e+07	1	0.00862068965517241
709	Tlei_chr14	34000001	3.5e+07	3	0.0566037735849057
710	Tlei_chr14	35000001	3.6e+07	4	0.0727272727272727
711	Tlei_chr14	36000001	3.7e+07	4	0.0606060606060606
712	Tlei_chr14	37000001	3.8e+07	1	0.0119047619047619
713	Tlei_chr14	38000001	3.9e+07	0	0
714	Tlei_chr15	1	1e+06	3	0.0306122448979592
715	Tlei_chr15	1000001	2e+06	5	0.0495049504950495
716	Tlei_chr15	2000001	3e+06	5	0.0467289719626168
717	Tlei_chr15	3000001	4e+06	2	0.0173913043478261
718	Tlei_chr15	4000001	5e+06	5	0.0396825396825397
719	Tlei_chr15	5000001	6e+06	1	0.0138888888888889
720	Tlei_chr15	6000001	7e+06	1	0.0128205128205128
721	Tlei_chr15	7000001	8e+06	2	0.0487804878048781
722	Tlei_chr15	8000001	9e+06	1	0.0212765957446809
723	Tlei_chr15	9000001	1e+07	0	0
724	Tlei_chr15	10000001	1.1e+07	3	0.0714285714285714
725	Tlei_chr15	11000001	1.2e+07	0	0
726	Tlei_chr15	12000001	1.3e+07	0	0
727	Tlei_chr15	13000001	1.4e+07	0	0
728	Tlei_chr15	14000001	1.5e+07	0	0
729	Tlei_chr15	15000001	1.6e+07	0	0
730	Tlei_chr15	16000001	1.7e+07	0	0
731	Tlei_chr15	17000001	1.8e+07	0	0
732	Tlei_chr15	18000001	1.9e+07	1	0.1
733	Tlei_chr15	19000001	2e+07	1	0.0833333333333333
734	Tlei_chr15	20000001	2.1e+07	0	0
735	Tlei_chr15	21000001	2.2e+07	0	0
736	Tlei_chr15	22000001	2.3e+07	0	0
737	Tlei_chr15	23000001	2.4e+07	0	0
738	Tlei_chr15	24000001	2.5e+07	3	0.166666666666667
739	Tlei_chr15	25000001	2.6e+07	1	0.0526315789473684
740	Tlei_chr15	26000001	2.7e+07	0	0
741	Tlei_chr15	27000001	2.8e+07	0	0
742	Tlei_chr15	28000001	2.9e+07	0	0
743	Tlei_chr15	29000001	3e+07	1	0.333333333333333
744	Tlei_chr15	30000001	3.1e+07	0	0
745	Tlei_chr15	31000001	3.2e+07	1	0.0588235294117647
746	Tlei_chr15	32000001	3.3e+07	0	0
747	Tlei_chr15	33000001	3.4e+07	1	0.0185185185185185
748	Tlei_chr15	34000001	3.5e+07	2	0.0277777777777778
749	Tlei_chr16	1	1e+06	1	0.0204081632653061
750	Tlei_chr16	1000001	2e+06	1	0.0333333333333333
751	Tlei_chr16	2000001	3e+06	1	0.0208333333333333
752	Tlei_chr16	3000001	4e+06	2	0.08
753	Tlei_chr16	4000001	5e+06	2	0.1
754	Tlei_chr16	5000001	6e+06	0	0
755	Tlei_chr16	6000001	7e+06	0	0
756	Tlei_chr16	7000001	8e+06	3	0.1
757	Tlei_chr16	8000001	9e+06	1	0.111111111111111
758	Tlei_chr16	9000001	1e+07	2	0.0869565217391304
759	Tlei_chr16	10000001	1.1e+07	1	0.0909090909090909
760	Tlei_chr16	11000001	1.2e+07	0	0
761	Tlei_chr16	12000001	1.3e+07	0	0
762	Tlei_chr16	13000001	1.4e+07	0	0
763	Tlei_chr16	14000001	1.5e+07	0	0
764	Tlei_chr16	15000001	1.6e+07	0	0
765	Tlei_chr16	16000001	1.7e+07	1	0.142857142857143
766	Tlei_chr16	17000001	1.8e+07	3	0.3
767	Tlei_chr16	18000001	1.9e+07	0	0
768	Tlei_chr16	19000001	2e+07	0	0
769	Tlei_chr16	20000001	2.1e+07	0	0
770	Tlei_chr16	21000001	2.2e+07	1	0.125
771	Tlei_chr16	22000001	2.3e+07	1	0.0909090909090909
772	Tlei_chr16	23000001	2.4e+07	0	0
773	Tlei_chr16	24000001	2.5e+07	2	0.0487804878048781
774	Tlei_chr16	25000001	2.6e+07	3	0.0789473684210526
775	Tlei_chr16	26000001	2.7e+07	2	0.0357142857142857
776	Tlei_chr16	27000001	2.8e+07	1	0.0108695652173913
777	Tlei_chr16	28000001	2.9e+07	3	0.024
778	Tlei_chr16	29000001	3e+07	6	0.0428571428571429
779	Tlei_chr16	30000001	3.1e+07	0	0
780	Tlei_chr17	1	1e+06	2	0.0186915887850467
781	Tlei_chr17	1000001	2e+06	4	0.0310077519379845
782	Tlei_chr17	2000001	3e+06	1	0.0105263157894737
783	Tlei_chr17	3000001	4e+06	2	0.0263157894736842
784	Tlei_chr17	4000001	5e+06	2	0.0357142857142857
785	Tlei_chr17	5000001	6e+06	1	0.0185185185185185
786	Tlei_chr17	6000001	7e+06	2	0.0571428571428571
787	Tlei_chr17	7000001	8e+06	0	0
788	Tlei_chr17	8000001	9e+06	3	0.115384615384615
789	Tlei_chr17	9000001	1e+07	0	0
790	Tlei_chr17	10000001	1.1e+07	0	0
791	Tlei_chr17	11000001	1.2e+07	0	0
792	Tlei_chr17	12000001	1.3e+07	3	0.1875
793	Tlei_chr17	13000001	1.4e+07	0	0
794	Tlei_chr17	14000001	1.5e+07	0	0
795	Tlei_chr17	15000001	1.6e+07	0	0
796	Tlei_chr17	16000001	1.7e+07	0	0
797	Tlei_chr17	17000001	1.8e+07	0	0
798	Tlei_chr17	18000001	1.9e+07	0	0
799	Tlei_chr17	19000001	2e+07	1	0.0256410256410256
800	Tlei_chr17	20000001	2.1e+07	1	0.0294117647058824
801	Tlei_chr17	21000001	2.2e+07	0	0
802	Tlei_chr17	22000001	2.3e+07	1	0.032258064516129
803	Tlei_chr17	23000001	2.4e+07	0	0
804	Tlei_chr17	24000001	2.5e+07	1	0.0476190476190476
805	Tlei_chr17	25000001	2.6e+07	0	0
806	Tlei_chr17	26000001	2.7e+07	0	0
807	Tlei_chr17	27000001	2.8e+07	0	0
808	Tlei_chr17	28000001	2.9e+07	0	0
809	Tlei_chr18	1	1e+06	3	0.0428571428571429
810	Tlei_chr18	1000001	2e+06	1	0.008
811	Tlei_chr18	2000001	3e+06	4	0.036697247706422
812	Tlei_chr18	3000001	4e+06	1	0.0126582278481013
813	Tlei_chr18	4000001	5e+06	1	0.0232558139534884
814	Tlei_chr18	5000001	6e+06	2	0.0606060606060606
815	Tlei_chr18	6000001	7e+06	0	0
816	Tlei_chr18	7000001	8e+06	0	0
817	Tlei_chr18	8000001	9e+06	0	0
818	Tlei_chr18	9000001	1e+07	1	0.0909090909090909
819	Tlei_chr18	10000001	1.1e+07	1	0.0434782608695652
820	Tlei_chr18	11000001	1.2e+07	0	0
821	Tlei_chr18	12000001	1.3e+07	1	0.333333333333333
822	Tlei_chr18	13000001	1.4e+07	0	0
823	Tlei_chr18	14000001	1.5e+07	0	0
824	Tlei_chr18	15000001	1.6e+07	0	0
825	Tlei_chr18	16000001	1.7e+07	1	0.0769230769230769
826	Tlei_chr18	17000001	1.8e+07	2	0.125
827	Tlei_chr18	18000001	1.9e+07	0	0
828	Tlei_chr18	19000001	2e+07	0	0
829	Tlei_chr18	20000001	2.1e+07	0	0
830	Tlei_chr18	21000001	2.2e+07	1	0.05
831	Tlei_chr18	22000001	2.3e+07	1	0.0555555555555556
832	Tlei_chr18	23000001	2.4e+07	2	0.0740740740740741
833	Tlei_chr18	24000001	2.5e+07	0	0
834	Tlei_chr18	25000001	2.6e+07	3	0.0769230769230769
835	Tlei_chr18	26000001	2.7e+07	0	0
836	Tlei_chr19	1	1e+06	2	0.0169491525423729
837	Tlei_chr19	1000001	2e+06	7	0.0569105691056911
838	Tlei_chr19	2000001	3e+06	6	0.072289156626506
839	Tlei_chr19	3000001	4e+06	1	0.1
840	Tlei_chr19	4000001	5e+06	1	0.0714285714285714
841	Tlei_chr19	5000001	6e+06	0	0
842	Tlei_chr19	6000001	7e+06	0	0
843	Tlei_chr19	7000001	8e+06	0	0
844	Tlei_chr19	8000001	9e+06	1	0.0666666666666667
845	Tlei_chr19	9000001	1e+07	0	0
846	Tlei_chr19	10000001	1.1e+07	1	0.05
847	Tlei_chr19	11000001	1.2e+07	1	0.0303030303030303
848	Tlei_chr19	12000001	1.3e+07	2	0.05
849	Tlei_chr19	13000001	1.4e+07	1	0.0163934426229508
850	Tlei_chr19	14000001	1.5e+07	2	0.0235294117647059
851	Tlei_chr19	15000001	1.6e+07	4	0.0388349514563107
852	Tlei_chr19	16000001	1.7e+07	3	0.0277777777777778
853	Tlei_chr19	17000001	1.8e+07	4	0.043956043956044
854	Tlei_chr19	18000001	1.9e+07	1	0.00980392156862745
855	Tlei_chr19	19000001	2e+07	4	0.0459770114942529
856	Tlei_chr19	20000001	2.1e+07	0	0
857	Tlei_chr20	1	1e+06	3	0.03125
858	Tlei_chr20	1000001	2e+06	1	0.0172413793103448
859	Tlei_chr20	2000001	3e+06	0	0
860	Tlei_chr20	3000001	4e+06	1	0.0181818181818182
861	Tlei_chr20	4000001	5e+06	2	0.0476190476190476
862	Tlei_chr20	5000001	6e+06	2	0.0869565217391304
863	Tlei_chr20	6000001	7e+06	3	0.1
864	Tlei_chr20	7000001	8e+06	1	0.032258064516129
865	Tlei_chr20	8000001	9e+06	2	0.0625
866	Tlei_chr20	9000001	1e+07	0	0
867	Tlei_chr20	10000001	1.1e+07	0	0
868	Tlei_chr20	11000001	1.2e+07	2	0.0952380952380952
869	Tlei_chr20	12000001	1.3e+07	0	0
870	Tlei_chr20	13000001	1.4e+07	2	0.0408163265306122
871	Tlei_chr20	14000001	1.5e+07	1	0.0125
872	Tlei_chr20	15000001	1.6e+07	3	0.0275229357798165
873	Tlei_chr20	16000001	1.7e+07	3	0.025
874	Tlei_chr20	17000001	1.8e+07	5	0.0354609929078014
875	Tlei_chr20	18000001	1.9e+07	1	0.025
876	Tlei_chr21	1	1e+06	2	0.0152671755725191
877	Tlei_chr21	1000001	2e+06	5	0.0416666666666667
878	Tlei_chr21	2000001	3e+06	2	0.0338983050847458
879	Tlei_chr21	3000001	4e+06	2	0.0465116279069767
880	Tlei_chr21	4000001	5e+06	4	0.111111111111111
881	Tlei_chr21	5000001	6e+06	0	0
882	Tlei_chr21	6000001	7e+06	6	0.193548387096774
883	Tlei_chr21	7000001	8e+06	3	0.0810810810810811
884	Tlei_chr21	8000001	9e+06	0	0
885	Tlei_chr21	9000001	1e+07	1	0.0142857142857143
886	Tlei_chr21	10000001	1.1e+07	1	0.0136986301369863
887	Tlei_chr21	11000001	1.2e+07	5	0.135135135135135
888	Tlei_chr22	1	1e+06	1	0.0136986301369863
889	Tlei_chr22	1000001	2e+06	2	0.0476190476190476
890	Tlei_chr22	2000001	3e+06	1	0.0277777777777778
891	Tlei_chr22	3000001	4e+06	4	0.105263157894737
892	Tlei_chr22	4000001	5e+06	0	0
893	Tlei_chr22	5000001	6e+06	1	0.0222222222222222
894	Tlei_chr22	6000001	7e+06	4	0.051948051948052
895	Tlei_chr22	7000001	8e+06	4	0.0416666666666667
896	Tlei_chr22	8000001	9e+06	5	0.0390625
897	Tlei_chr22	9000001	1e+07	4	0.032
898	Tlei_chr22	10000001	1.1e+07	3	0.0967741935483871
899	Tlei_chr23	1	1e+06	4	0.0357142857142857
900	Tlei_chr23	1000001	2e+06	7	0.0551181102362205
901	Tlei_chr23	2000001	3e+06	6	0.0495867768595041
902	Tlei_chr23	3000001	4e+06	3	0.05
903	Tlei_chr23	4000001	5e+06	0	0
904	Tlei_chr23	5000001	6e+06	3	0.0483870967741935
905	Tlei_chr23	6000001	7e+06	3	0.0326086956521739
906	Tlei_chr23	7000001	8e+06	2	0.016260162601626
907	Tlei_chr23	8000001	9e+06	2	0.0185185185185185
908	Tlei_chr23	9000001	1e+07	3	0.032967032967033
909	Tlei_chr24	1	1e+06	5	0.0442477876106195
910	Tlei_chr24	1000001	2e+06	3	0.0340909090909091
911	Tlei_chr24	2000001	3e+06	4	0.0634920634920635
912	Tlei_chr24	3000001	4e+06	2	0.0526315789473684
913	Tlei_chr24	4000001	5e+06	1	0.0294117647058824
914	Tlei_chr24	5000001	6e+06	3	0.0769230769230769
915	Tlei_chr24	6000001	7e+06	1	0.0175438596491228
916	Tlei_chr24	7000001	8e+06	3	0.0333333333333333
917	Tlei_chr24	8000001	9e+06	1	0.0256410256410256
918	Tlei_chr25	1	1e+06	2	0.105263157894737
919	Tlei_chr25	1000001	2e+06	1	0.0476190476190476
920	Tlei_chr26	1	1e+06	2	0.0444444444444444
