OG0000015	0	2	62
OG0000018	0	72	1
OG0000019	87	0	1
OG0000021	0	81	2
OG0000022	0	0	78
OG0000023	0	0	77
OG0000024	0	64	1
OG0000025	0	0	76
OG0000029	0	0	69
OG0000031	0	0	68
OG0000033	0	47	1
OG0000038	0	45	5
OG0000042	0	56	4
OG0000043	0	39	7
OG0000044	0	0	58
OG0000047	1	23	23
OG0000048	0	49	2
OG0000050	0	41	2
OG0000052	0	0	51
OG0000055	0	0	49
OG0000058	0	30	2
OG0000063	1	22	12
OG0000069	0	32	10
OG0000073	0	0	37
OG0000077	0	26	4
OG0000079	0	23	3
OG0000082	0	11	13
OG0000085	0	43	2
OG0000086	0	32	5
OG0000090	0	0	33
OG0000091	16	10	6
OG0000094	2	30	2
OG0000095	1	21	10
OG0000098	0	0	31
OG0000101	16	6	5
OG0000105	5	8	5
OG0000106	0	0	29
OG0000110	3	14	9
OG0000113	0	8	5
OG0000116	1	18	10
OG0000118	2	16	3
OG0000119	0	23	4
OG0000123	0	0	26
OG0000124	0	0	26
OG0000125	0	0	26
OG0000126	11	4	4
OG0000127	9	6	6
OG0000131	0	13	11
OG0000133	0	0	25
OG0000136	1	3	21
OG0000138	1	15	3
OG0000142	0	0	24
OG0000143	0	0	24
OG0000146	13	4	1
OG0000149	0	9	8
OG0000152	0	0	23
OG0000162	18	1	1
OG0000165	8	6	7
OG0000166	5	7	4
OG0000167	0	13	1
OG0000168	0	11	8
OG0000169	0	0	21
OG0000179	2	8	2
OG0000180	2	3	18
OG0000182	0	15	1
OG0000185	0	1	12
OG0000186	0	0	20
OG0000187	0	0	20
OG0000188	0	0	20
OG0000189	0	0	20
OG0000190	18	0	1
OG0000191	10	3	3
OG0000193	4	6	7
OG0000194	13	1	4
OG0000199	0	12	3
OG0000200	0	10	7
OG0000204	0	10	1
OG0000205	0	0	19
OG0000206	0	0	19
OG0000209	8	4	4
OG0000210	6	3	4
OG0000212	2	8	5
OG0000213	6	5	5
OG0000216	2	16	6
OG0000217	2	4	9
OG0000219	0	23	1
OG0000220	0	6	5
OG0000221	0	6	11
OG0000223	0	13	2
OG0000224	0	10	6
OG0000228	1	11	2
OG0000231	3	0	13
OG0000232	1	0	16
OG0000233	4	5	8
OG0000234	1	5	10
OG0000235	1	11	8
OG0000237	0	17	3
OG0000243	0	0	17
OG0000244	0	0	17
OG0000247	8	4	3
OG0000248	12	1	1
OG0000249	2	6	3
OG0000251	8	3	3
OG0000254	10	0	7
OG0000255	11	2	2
OG0000258	1	10	7
OG0000260	0	9	3
OG0000262	0	0	16
OG0000265	7	4	4
OG0000266	7	4	2
OG0000267	6	5	4
OG0000269	13	1	1
OG0000272	1	4	7
OG0000273	0	11	2
OG0000275	0	6	1
OG0000276	0	17	6
OG0000280	0	10	1
OG0000282	0	4	7
OG0000283	0	1	11
OG0000285	0	0	15
OG0000286	0	0	15
OG0000288	2	1	13
OG0000290	6	5	3
OG0000291	4	0	7
OG0000294	12	0	2
OG0000300	4	6	2
OG0000302	0	7	4
OG0000303	0	3	8
OG0000304	0	4	11
OG0000307	0	1	6
OG0000308	0	1	15
OG0000309	0	0	14
OG0000311	2	5	8
OG0000312	6	1	2
OG0000314	1	7	4
OG0000316	5	4	2
OG0000317	4	4	4
OG0000318	6	3	2
OG0000319	4	1	5
OG0000321	8	3	2
OG0000323	6	2	4
OG0000330	11	0	2
OG0000332	1	5	3
OG0000334	4	4	4
OG0000338	1	1	10
OG0000340	3	7	3
OG0000344	0	7	8
OG0000345	0	9	4
OG0000347	0	6	5
OG0000349	0	6	1
OG0000351	0	0	13
OG0000353	0	0	13
OG0000354	0	0	13
OG0000355	7	1	4
OG0000356	9	1	2
OG0000358	5	3	1
OG0000361	5	3	3
OG0000362	7	3	2
OG0000365	6	3	3
OG0000366	4	4	4
OG0000368	9	1	2
OG0000374	5	3	3
OG0000379	10	1	1
OG0000380	3	8	2
OG0000381	11	0	1
OG0000382	1	1	4
OG0000383	4	2	2
OG0000385	1	6	4
OG0000389	0	1	12
OG0000394	0	1	8
OG0000398	0	4	3
OG0000399	0	1	9
OG0000400	0	0	12
OG0000401	0	0	12
OG0000402	0	0	12
OG0000403	0	0	12
OG0000404	0	0	12
OG0000405	0	0	12
OG0000406	0	0	12
OG0000407	0	0	12
OG0000409	1	4	1
OG0000411	6	4	1
OG0000413	7	2	2
OG0000416	5	11	3
OG0000417	1	6	2
OG0000419	5	3	3
OG0000420	4	4	3
OG0000421	6	1	1
OG0000423	1	3	2
OG0000425	8	1	1
OG0000428	1	3	7
OG0000431	4	3	3
OG0000433	1	3	6
OG0000434	5	3	3
OG0000435	5	2	3
OG0000442	3	3	3
OG0000449	6	2	1
OG0000454	7	2	2
OG0000455	5	2	2
OG0000456	8	1	1
OG0000457	3	4	2
OG0000458	3	4	1
OG0000460	3	3	3
OG0000463	0	14	1
OG0000467	0	7	1
OG0000469	0	15	1
OG0000471	0	4	9
OG0000473	0	1	7
OG0000474	0	0	11
OG0000476	0	0	11
OG0000477	0	0	11
OG0000478	0	0	11
OG0000480	4	3	3
OG0000484	4	3	3
OG0000486	4	3	3
OG0000487	4	1	2
OG0000488	5	2	2
OG0000490	3	1	6
OG0000492	4	3	3
OG0000494	4	2	1
OG0000495	3	3	5
OG0000502	1	3	4
OG0000504	5	2	2
OG0000506	5	3	2
OG0000508	2	4	3
OG0000510	3	3	2
OG0000511	5	2	1
OG0000513	2	1	4
OG0000515	8	1	1
OG0000520	3	3	2
OG0000521	4	1	4
OG0000522	3	4	3
OG0000526	4	2	2
OG0000531	2	15	2
OG0000532	2	19	6
OG0000538	1	5	6
OG0000539	2	8	3
OG0000541	2	2	2
OG0000542	5	2	2
OG0000543	1	3	2
OG0000544	6	2	1
OG0000546	1	5	5
OG0000547	5	1	1
OG0000549	1	4	4
OG0000551	0	6	1
OG0000553	0	6	3
OG0000562	0	10	4
OG0000563	0	3	7
OG0000565	0	5	1
OG0000566	0	1	7
OG0000568	0	0	10
OG0000569	0	0	10
OG0000570	0	0	10
OG0000571	0	0	10
OG0000572	0	0	10
OG0000573	0	0	10
OG0000574	0	0	10
OG0000575	3	3	3
OG0000585	3	3	3
OG0000589	3	3	3
OG0000590	3	3	3
OG0000591	3	3	3
OG0000594	3	3	3
OG0000598	1	3	3
OG0000600	3	3	3
OG0000601	3	3	2
OG0000603	3	3	3
OG0000606	1	2	3
OG0000609	5	5	2
OG0000610	2	3	2
OG0000611	2	1	5
OG0000612	5	2	1
OG0000614	7	1	1
OG0000615	4	2	1
OG0000622	1	1	6
OG0000624	5	2	2
OG0000628	3	3	3
OG0000630	3	3	3
OG0000633	5	1	1
OG0000635	3	3	3
OG0000637	7	1	1
OG0000639	2	4	2
OG0000642	4	1	3
OG0000643	2	5	2
OG0000648	4	1	1
OG0000651	2	3	4
OG0000652	5	2	2
OG0000654	3	3	2
OG0000655	3	1	4
OG0000656	1	3	2
OG0000657	1	4	1
OG0000660	1	6	3
OG0000662	3	2	2
OG0000663	3	2	1
OG0000664	1	3	7
OG0000666	3	3	2
OG0000667	5	3	2
OG0000669	1	3	3
OG0000671	0	4	5
OG0000672	0	1	11
OG0000673	0	1	6
OG0000674	0	4	6
OG0000678	0	7	5
OG0000680	0	2	3
OG0000681	0	7	1
OG0000682	0	3	2
OG0000684	0	1	6
OG0000686	0	1	3
OG0000688	0	2	4
OG0000689	0	6	2
OG0000691	0	0	9
OG0000692	0	0	9
OG0000693	0	0	9
OG0000694	0	0	9
OG0000695	0	0	9
OG0000696	0	0	9
OG0000697	0	0	9
OG0000698	0	0	9
OG0000699	0	0	9
OG0000700	0	0	9
OG0000701	0	0	9
OG0000702	0	0	9
OG0000704	0	0	9
OG0000705	0	0	9
OG0000706	2	2	3
OG0000711	5	1	2
OG0000712	3	3	2
OG0000714	3	2	2
OG0000715	2	3	3
OG0000717	1	2	4
OG0000718	3	3	2
OG0000721	3	1	4
OG0000724	3	8	3
OG0000725	2	2	4
OG0000726	4	2	2
OG0000733	6	1	1
OG0000734	1	2	1
OG0000736	4	2	2
OG0000737	1	1	2
OG0000738	2	3	2
OG0000740	1	2	3
OG0000742	4	2	2
OG0000749	1	0	6
OG0000752	4	2	2
OG0000753	3	3	2
OG0000754	1	2	4
OG0000756	1	3	2
OG0000760	3	3	2
OG0000761	2	2	2
OG0000762	3	2	2
OG0000763	1	4	3
OG0000766	3	2	2
OG0000771	3	2	2
OG0000775	6	1	1
OG0000778	4	2	2
OG0000779	3	2	2
OG0000780	3	3	1
OG0000781	2	2	2
OG0000782	4	2	2
OG0000783	4	1	2
OG0000786	1	1	6
OG0000787	4	4	1
OG0000793	7	0	1
OG0000794	2	3	3
OG0000795	1	0	5
OG0000796	6	1	1
OG0000805	2	3	3
OG0000806	4	2	2
OG0000808	2	3	2
OG0000809	2	2	2
OG0000810	1	3	2
OG0000812	1	5	3
OG0000816	6	1	1
OG0000817	1	3	4
OG0000823	1	2	3
OG0000824	3	1	1
OG0000825	1	2	3
OG0000829	2	2	2
OG0000832	1	5	2
OG0000835	1	2	1
OG0000836	1	3	3
OG0000837	3	3	2
OG0000838	1	2	1
OG0000839	1	1	6
OG0000840	3	2	2
OG0000842	1	3	1
OG0000844	2	3	2
OG0000845	2	1	2
OG0000847	1	2	2
OG0000848	1	3	1
OG0000849	2	1	5
OG0000851	1	2	3
OG0000852	1	4	1
OG0000855	0	3	3
OG0000856	0	3	1
OG0000857	0	6	1
OG0000859	0	1	8
OG0000864	0	1	4
OG0000865	0	2	3
OG0000868	0	3	3
OG0000869	0	1	5
OG0000871	0	7	11
OG0000872	0	3	2
OG0000874	0	3	2
OG0000876	0	5	1
OG0000880	0	5	4
OG0000883	0	1	6
OG0000884	0	1	7
OG0000885	0	7	2
OG0000886	0	3	4
OG0000887	0	1	5
OG0000890	0	5	7
OG0000891	0	1	7
OG0000893	0	1	7
OG0000894	0	0	8
OG0000895	0	0	8
OG0000896	0	0	8
OG0000899	0	0	8
OG0000900	0	0	8
OG0000901	0	0	8
OG0000902	0	0	8
OG0000903	0	0	8
OG0000904	0	0	8
OG0000907	2	2	2
OG0000913	3	2	2
OG0000916	3	1	1
OG0000919	2	3	2
OG0000922	2	3	2
OG0000923	3	2	2
OG0000927	3	1	3
OG0000931	3	2	2
OG0000936	3	2	2
OG0000937	4	2	1
OG0000944	5	0	2
OG0000945	4	1	2
OG0000948	3	2	2
OG0000950	4	1	2
OG0000951	3	2	2
OG0000952	2	3	2
OG0000953	3	2	2
OG0000960	2	2	2
OG0000961	4	1	2
OG0000962	1	2	1
OG0000963	4	1	2
OG0000968	3	2	2
OG0000970	3	2	2
OG0000972	3	2	2
OG0000973	2	2	2
OG0000975	2	2	3
OG0000977	3	2	2
OG0000979	2	2	1
OG0000983	3	2	2
OG0000985	3	1	2
OG0000986	3	2	2
OG0000988	5	1	1
OG0000989	3	2	2
OG0000991	2	1	2
OG0000994	3	2	2
OG0000998	2	2	2
OG0000999	1	2	10
OG0001006	3	1	3
OG0001007	3	2	2
OG0001010	2	3	2
OG0001011	3	2	2
OG0001018	1	4	2
OG0001019	2	1	2
OG0001023	3	2	2
OG0001025	1	3	3
OG0001030	6	0	1
OG0001036	2	2	2
OG0001037	3	2	2
OG0001039	5	1	1
OG0001041	3	2	2
OG0001042	4	1	2
OG0001044	1	3	2
OG0001048	3	20	17
OG0001049	1	3	1
OG0001050	1	3	2
OG0001052	2	3	8
OG0001056	2	2	3
OG0001059	2	1	2
OG0001060	2	3	2
OG0001061	3	2	2
OG0001066	4	0	1
OG0001068	3	1	2
OG0001072	3	2	2
OG0001073	3	2	2
OG0001074	2	1	1
OG0001075	3	1	2
OG0001077	3	2	2
OG0001078	1	2	3
OG0001081	4	1	1
OG0001082	5	1	1
OG0001090	2	2	1
OG0001094	5	1	1
OG0001102	4	1	3
OG0001103	1	2	6
OG0001104	2	2	2
OG0001105	3	1	2
OG0001106	2	3	2
OG0001108	3	2	2
OG0001112	2	2	3
OG0001113	4	0	3
OG0001114	3	2	1
OG0001115	1	4	3
OG0001117	2	2	2
OG0001119	3	0	1
OG0001121	2	2	3
OG0001125	1	2	3
OG0001130	3	1	1
OG0001132	1	4	4
OG0001136	2	3	2
OG0001138	5	1	1
OG0001139	2	2	3
OG0001142	3	1	2
OG0001143	3	2	2
OG0001145	2	3	1
OG0001148	1	3	2
OG0001149	1	0	7
OG0001152	1	4	1
OG0001155	2	2	2
OG0001157	1	1	6
OG0001159	1	5	1
OG0001162	1	3	3
OG0001163	3	2	2
OG0001166	1	3	3
OG0001167	0	3	3
OG0001168	0	2	4
OG0001170	0	2	5
OG0001172	0	2	3
OG0001175	0	3	2
OG0001176	0	3	3
OG0001179	0	4	2
OG0001181	0	5	1
OG0001182	0	2	1
OG0001183	0	4	1
OG0001187	0	2	3
OG0001188	0	3	4
OG0001192	0	3	4
OG0001193	0	4	4
OG0001195	0	4	4
OG0001196	0	1	4
OG0001198	0	3	3
OG0001202	0	1	5
OG0001203	0	5	1
OG0001204	0	13	1
OG0001205	0	6	2
OG0001206	0	2	1
OG0001208	0	3	3
OG0001210	0	1	4
OG0001211	0	1	4
OG0001212	0	1	4
OG0001214	0	2	8
OG0001215	0	3	3
OG0001216	0	4	3
OG0001217	0	1	7
OG0001218	0	2	2
OG0001219	0	0	7
OG0001221	0	0	7
OG0001222	0	0	7
OG0001223	0	0	7
OG0001224	0	0	7
OG0001225	0	0	7
OG0001226	0	0	7
OG0001227	0	0	7
OG0001228	0	0	7
OG0001229	0	0	7
OG0001230	0	0	7
OG0001231	0	0	7
OG0001232	0	0	7
OG0001233	0	0	7
OG0001235	0	0	7
OG0001236	0	0	7
OG0001237	0	0	7
OG0001240	2	2	2
OG0001242	3	1	2
OG0001244	2	2	2
OG0001248	1	1	2
OG0001252	2	2	2
OG0001254	2	2	2
OG0001259	2	2	2
OG0001267	2	2	2
OG0001269	1	1	3
OG0001274	2	2	2
OG0001277	2	2	2
OG0001281	1	2	2
OG0001287	1	1	6
OG0001289	4	1	1
OG0001290	1	1	5
OG0001295	2	2	2
OG0001297	1	2	2
OG0001306	3	1	1
OG0001308	2	2	2
OG0001309	2	2	2
OG0001310	3	1	2
OG0001313	2	2	2
OG0001315	1	2	2
OG0001319	2	2	2
OG0001321	1	3	2
OG0001322	2	2	2
OG0001323	2	2	2
OG0001326	4	1	1
OG0001330	2	2	2
OG0001341	1	1	5
OG0001347	1	1	1
OG0001353	1	1	4
OG0001358	1	3	1
OG0001359	3	1	2
OG0001364	2	2	1
OG0001366	2	2	2
OG0001370	2	2	2
OG0001373	3	1	1
OG0001374	4	1	1
OG0001377	2	2	1
OG0001379	2	2	2
OG0001382	2	2	2
OG0001388	3	2	1
OG0001389	2	2	1
OG0001390	2	2	2
OG0001394	4	1	1
OG0001398	2	2	2
OG0001403	2	2	2
OG0001408	4	1	1
OG0001414	2	2	2
OG0001415	1	1	1
OG0001418	2	2	2
OG0001424	2	2	2
OG0001425	2	1	1
OG0001430	5	0	1
OG0001437	2	2	2
OG0001442	1	1	4
OG0001446	2	2	2
OG0001447	2	2	2
OG0001451	4	1	1
OG0001456	2	2	2
OG0001460	2	2	2
OG0001462	1	2	1
OG0001466	2	2	2
OG0001467	2	2	2
OG0001468	4	1	1
OG0001470	4	0	2
OG0001484	2	2	2
OG0001486	2	2	2
OG0001487	2	1	1
OG0001488	4	1	1
OG0001490	2	2	2
OG0001500	1	3	2
OG0001503	2	2	2
OG0001507	2	2	2
OG0001509	4	1	1
OG0001510	2	2	2
OG0001511	2	2	2
OG0001513	2	2	2
OG0001515	2	2	2
OG0001516	3	1	2
OG0001520	2	2	2
OG0001532	2	2	2
OG0001533	2	2	2
OG0001536	2	2	2
OG0001537	2	1	1
OG0001540	2	2	2
OG0001542	2	2	2
OG0001543	2	2	2
OG0001545	3	1	1
OG0001553	2	2	2
OG0001554	1	1	1
OG0001558	2	1	1
OG0001559	3	1	1
OG0001561	3	2	1
OG0001562	1	2	4
OG0001564	1	1	4
OG0001566	1	6	1
OG0001567	4	1	1
OG0001568	5	0	1
OG0001569	3	1	2
OG0001572	2	2	2
OG0001575	2	4	1
OG0001576	2	2	2
OG0001582	2	2	2
OG0001586	2	2	2
OG0001587	2	2	2
OG0001589	3	1	1
OG0001594	1	2	1
OG0001596	1	1	3
OG0001598	2	2	2
OG0001601	1	2	2
OG0001602	3	1	2
OG0001608	2	2	2
OG0001617	2	2	2
OG0001619	1	1	1
OG0001622	2	2	2
OG0001625	2	2	2
OG0001627	5	0	1
OG0001632	3	1	2
OG0001634	2	2	2
OG0001635	2	2	2
OG0001636	2	2	2
OG0001637	2	2	2
OG0001639	4	1	1
OG0001640	1	2	2
OG0001642	4	1	1
OG0001643	4	1	1
OG0001645	1	2	2
OG0001651	2	3	1
OG0001654	2	2	2
OG0001656	2	2	2
OG0001658	2	2	2
OG0001659	1	2	1
OG0001661	3	1	2
OG0001665	2	2	2
OG0001666	1	2	3
OG0001670	4	1	1
OG0001680	1	1	1
OG0001681	3	1	1
OG0001683	2	2	2
OG0001686	1	2	2
OG0001688	1	1	3
OG0001689	2	1	1
OG0001698	4	0	1
OG0001701	1	2	3
OG0001703	1	1	1
OG0001705	1	2	3
OG0001708	3	1	1
OG0001709	2	2	2
OG0001716	3	1	1
OG0001718	1	2	1
OG0001726	2	1	2
OG0001728	1	1	4
OG0001730	2	1	1
OG0001735	2	2	2
OG0001737	1	1	2
OG0001739	2	9	1
OG0001741	1	2	1
OG0001742	2	2	2
OG0001743	2	2	2
OG0001746	2	2	2
OG0001747	2	2	2
OG0001748	2	4	1
OG0001749	2	2	2
OG0001750	1	1	2
OG0001756	1	1	3
OG0001758	1	0	4
OG0001762	2	2	2
OG0001765	2	2	2
OG0001766	2	2	2
OG0001773	1	1	2
OG0001778	0	2	3
OG0001780	0	3	4
OG0001784	0	1	1
OG0001785	0	1	3
OG0001787	0	3	2
OG0001789	0	3	1
OG0001790	0	7	2
OG0001791	0	1	3
OG0001792	0	2	1
OG0001797	0	5	2
OG0001798	0	1	2
OG0001801	0	2	2
OG0001806	0	3	1
OG0001807	0	1	3
OG0001809	0	3	4
OG0001811	0	1	4
OG0001814	0	1	4
OG0001815	0	4	2
OG0001817	0	1	5
OG0001818	0	3	1
OG0001819	0	4	1
OG0001820	0	5	3
OG0001821	0	1	3
OG0001822	0	1	4
OG0001823	0	2	5
OG0001824	0	2	4
OG0001825	0	1	6
OG0001826	0	1	2
OG0001829	0	1	1
OG0001830	0	1	7
OG0001831	0	2	1
OG0001832	0	2	2
OG0001833	0	0	6
OG0001834	0	0	6
OG0001835	0	0	6
OG0001836	0	0	6
OG0001838	0	0	6
OG0001839	0	0	6
OG0001840	0	0	6
OG0001841	0	0	6
OG0001842	0	0	6
OG0001843	0	0	6
OG0001844	0	0	6
OG0001845	0	0	6
OG0001846	0	0	6
OG0001847	0	0	6
OG0001849	0	0	6
OG0001851	0	0	6
OG0001853	0	0	6
OG0001854	0	0	6
OG0001855	0	0	6
OG0001856	0	0	6
OG0001857	0	0	6
OG0001858	0	0	6
OG0001860	3	1	1
OG0001866	3	1	1
OG0001869	1	3	1
OG0001870	3	1	1
OG0001873	2	2	1
OG0001874	1	1	3
OG0001878	1	1	2
OG0001879	2	2	1
OG0001881	1	2	2
OG0001883	1	2	2
OG0001884	1	2	1
OG0001885	2	2	1
OG0001891	2	2	1
OG0001895	1	2	2
OG0001897	3	1	1
OG0001900	1	2	2
OG0001902	1	2	3
OG0001905	1	1	1
OG0001906	1	0	2
OG0001907	1	2	2
OG0001909	3	1	1
OG0001910	3	1	1
OG0001912	3	1	1
OG0001913	2	2	1
OG0001914	1	2	1
OG0001916	1	1	1
OG0001919	1	2	2
OG0001920	1	1	2
OG0001922	1	1	1
OG0001925	3	1	1
OG0001931	3	1	1
OG0001934	4	0	1
OG0001935	3	1	1
OG0001937	3	1	1
OG0001945	2	1	1
OG0001948	3	1	1
OG0001950	1	2	2
OG0001951	2	1	1
OG0001955	1	3	3
OG0001964	3	1	1
OG0001977	1	1	3
OG0001982	1	2	2
OG0001996	1	1	1
OG0001999	1	2	2
OG0002003	1	3	1
OG0002006	3	1	1
OG0002008	3	1	1
OG0002010	2	1	2
OG0002014	1	2	1
OG0002015	3	0	2
OG0002017	3	1	1
OG0002027	3	1	1
OG0002034	1	1	5
OG0002038	1	1	1
OG0002040	1	1	2
OG0002043	3	1	1
OG0002044	1	2	2
OG0002045	3	1	1
OG0002046	1	1	2
OG0002047	2	0	2
OG0002051	1	1	1
OG0002052	3	1	1
OG0002061	3	1	1
OG0002064	1	1	1
OG0002068	3	1	1
OG0002074	2	1	2
OG0002075	2	2	1
OG0002079	3	1	1
OG0002080	2	1	1
OG0002081	2	1	2
OG0002085	1	1	1
OG0002086	1	2	2
OG0002088	2	1	2
OG0002095	2	1	1
OG0002097	2	1	2
OG0002101	2	1	2
OG0002102	3	1	1
OG0002106	1	1	1
OG0002109	3	1	1
OG0002110	3	1	1
OG0002114	1	1	3
OG0002116	2	2	1
OG0002117	1	1	3
OG0002119	1	2	2
OG0002130	2	2	1
OG0002136	1	1	1
OG0002144	1	2	2
OG0002146	1	2	2
OG0002153	2	2	1
OG0002157	3	1	1
OG0002158	2	1	1
OG0002165	2	0	2
OG0002166	2	1	1
OG0002170	1	1	2
OG0002171	1	1	1
OG0002172	2	1	1
OG0002175	3	1	1
OG0002180	3	0	2
OG0002189	3	1	1
OG0002190	2	2	1
OG0002191	2	1	2
OG0002193	1	2	2
OG0002196	3	1	1
OG0002205	2	1	1
OG0002206	1	2	1
OG0002210	1	2	2
OG0002211	1	1	3
OG0002212	3	1	1
OG0002213	3	1	1
OG0002214	3	1	1
OG0002216	3	1	1
OG0002221	3	1	1
OG0002228	2	0	2
OG0002229	3	1	1
OG0002230	2	1	1
OG0002231	3	1	1
OG0002233	1	3	1
OG0002238	1	3	1
OG0002243	1	2	1
OG0002244	1	1	1
OG0002250	2	1	1
OG0002251	1	1	3
OG0002255	2	1	1
OG0002259	2	1	2
OG0002262	2	1	1
OG0002264	3	1	1
OG0002269	1	2	1
OG0002270	1	2	2
OG0002275	3	1	1
OG0002279	2	1	1
OG0002281	3	1	1
OG0002282	1	1	3
OG0002283	1	1	3
OG0002287	1	2	1
OG0002288	2	1	1
OG0002295	1	2	2
OG0002300	3	1	1
OG0002304	2	0	1
OG0002305	3	1	1
OG0002306	3	0	40
OG0002308	2	1	1
OG0002310	2	1	1
OG0002314	1	1	2
OG0002316	1	1	3
OG0002319	1	2	2
OG0002321	1	2	1
OG0002322	3	1	1
OG0002323	3	1	1
OG0002326	2	1	1
OG0002332	2	0	3
OG0002335	4	0	1
OG0002341	2	1	2
OG0002342	1	1	1
OG0002346	1	1	1
OG0002351	1	2	2
OG0002353	1	2	2
OG0002354	2	1	1
OG0002355	3	1	1
OG0002358	2	1	1
OG0002363	3	1	1
OG0002364	2	1	1
OG0002366	1	1	3
OG0002367	2	1	1
OG0002368	1	1	1
OG0002369	1	1	1
OG0002370	1	1	2
OG0002376	1	2	2
OG0002378	3	1	1
OG0002380	2	1	1
OG0002382	2	2	1
OG0002383	3	1	1
OG0002384	2	2	1
OG0002385	1	1	1
OG0002386	1	2	2
OG0002387	2	1	2
OG0002392	2	1	1
OG0002401	2	3	1
OG0002403	3	1	1
OG0002405	1	1	1
OG0002406	2	1	2
OG0002407	3	1	1
OG0002417	3	1	1
OG0002422	3	1	1
OG0002423	1	2	1
OG0002424	1	1	3
OG0002425	3	1	1
OG0002426	2	1	1
OG0002435	3	1	1
OG0002436	2	2	1
OG0002438	1	1	2
OG0002445	1	1	1
OG0002446	1	1	1
OG0002447	3	1	1
OG0002451	1	1	1
OG0002452	3	1	1
OG0002453	3	1	1
OG0002454	3	1	1
OG0002455	2	1	1
OG0002462	2	1	2
OG0002463	2	1	1
OG0002474	4	0	1
OG0002476	2	1	1
OG0002477	3	1	1
OG0002478	1	1	2
OG0002481	1	0	4
OG0002483	2	2	1
OG0002486	2	1	2
OG0002489	2	0	3
OG0002492	1	1	1
OG0002493	2	1	2
OG0002496	1	1	2
OG0002505	2	1	2
OG0002506	1	2	1
OG0002507	1	1	2
OG0002508	1	1	9
OG0002513	1	2	4
OG0002514	2	1	1
OG0002524	2	2	1
OG0002525	2	1	1
OG0002527	1	2	1
OG0002534	1	2	2
OG0002539	3	1	1
OG0002542	3	1	1
OG0002545	2	1	1
OG0002548	1	2	2
OG0002551	2	1	1
OG0002552	2	1	1
OG0002553	1	2	2
OG0002556	1	1	2
OG0002557	2	2	1
OG0002563	2	2	1
OG0002566	2	1	2
OG0002571	2	1	2
OG0002573	3	1	1
OG0002574	3	1	1
OG0002578	3	0	2
OG0002579	1	2	2
OG0002583	3	1	1
OG0002590	2	2	1
OG0002599	3	1	1
OG0002600	1	1	1
OG0002602	3	1	1
OG0002605	2	1	1
OG0002610	3	1	1
OG0002613	1	1	1
OG0002615	1	1	5
OG0002616	2	1	1
OG0002618	2	1	2
OG0002623	1	2	2
OG0002624	2	1	1
OG0002625	1	1	3
OG0002628	1	1	1
OG0002632	1	2	2
OG0002633	1	2	2
OG0002634	1	2	2
OG0002636	3	1	1
OG0002637	1	2	2
OG0002643	1	2	2
OG0002645	1	3	1
OG0002651	1	3	1
OG0002652	3	1	1
OG0002655	1	1	1
OG0002659	1	1	2
OG0002661	1	1	2
OG0002662	1	1	1
OG0002663	2	1	1
OG0002667	3	0	33
OG0002670	1	2	2
OG0002671	1	2	2
OG0002672	2	1	1
OG0002675	2	0	2
OG0002679	2	1	1
OG0002684	1	2	1
OG0002685	2	5	1
OG0002687	1	3	1
OG0002691	1	3	1
OG0002693	1	1	2
OG0002694	1	3	1
OG0002695	2	1	1
OG0002696	1	1	2
OG0002698	3	0	2
OG0002700	1	1	3
OG0002703	2	0	2
OG0002704	1	1	2
OG0002711	1	2	1
OG0002712	2	2	1
OG0002715	1	2	2
OG0002718	1	3	1
OG0002719	2	1	2
OG0002721	3	1	1
OG0002724	3	1	1
OG0002728	1	1	3
OG0002730	1	4	1
OG0002731	1	2	2
OG0002732	2	2	1
OG0002734	1	1	1
OG0002735	1	2	2
OG0002737	1	1	2
OG0002739	1	1	1
OG0002740	1	1	1
OG0002741	2	1	2
OG0002745	1	0	4
OG0002746	1	2	2
OG0002747	1	2	1
OG0002750	1	1	2
OG0002751	1	1	1
OG0002757	1	1	1
OG0002761	1	2	2
OG0002763	1	2	2
OG0002764	2	1	1
OG0002765	2	1	2
OG0002768	2	1	2
OG0002770	0	1	3
OG0002772	0	2	1
OG0002777	0	3	1
OG0002783	0	1	8
OG0002784	0	1	6
OG0002790	0	3	1
OG0002795	0	6	1
OG0002803	0	1	3
OG0002805	0	1	5
OG0002807	0	3	1
OG0002809	0	2	2
OG0002810	0	3	4
OG0002811	0	1	3
OG0002812	0	3	3
OG0002815	0	3	2
OG0002818	0	2	2
OG0002821	0	2	1
OG0002826	0	3	1
OG0002827	0	4	1
OG0002828	0	3	2
OG0002829	0	1	3
OG0002830	0	1	5
OG0002831	0	2	4
OG0002834	0	3	1
OG0002835	0	1	4
OG0002838	0	3	2
OG0002841	0	1	10
OG0002844	0	2	2
OG0002849	0	1	4
OG0002851	0	1	2
OG0002853	0	2	4
OG0002856	0	2	3
OG0002857	0	0	5
OG0002858	0	0	5
OG0002860	0	0	5
OG0002861	0	0	5
OG0002862	0	0	5
OG0002864	0	0	5
OG0002865	0	0	5
OG0002866	0	0	5
OG0002867	0	0	5
OG0002868	0	0	5
OG0002869	0	0	5
OG0002871	0	0	5
OG0002874	0	0	5
OG0002876	0	0	5
OG0002878	0	0	5
OG0002879	0	0	5
OG0002880	0	0	5
OG0002881	0	0	5
OG0002883	0	0	5
OG0002884	0	0	5
OG0002885	0	0	5
OG0002887	0	0	5
OG0002889	0	0	5
OG0002890	0	0	5
OG0002891	0	0	5
OG0002894	0	0	5
OG0002895	0	0	5
OG0002896	0	0	5
OG0002898	2	1	1
OG0002899	1	1	1
OG0002915	1	1	1
OG0002916	2	1	1
OG0002919	2	1	1
OG0002920	2	1	1
OG0002931	2	1	1
OG0002932	1	1	4
OG0002937	2	1	1
OG0002938	2	1	1
OG0002939	1	2	1
OG0002955	2	1	1
OG0002957	1	1	2
OG0002958	1	1	1
OG0002960	2	1	1
OG0002964	1	1	2
OG0002968	1	1	1
OG0002975	2	1	1
OG0002978	2	1	1
OG0002980	2	1	1
OG0002990	2	1	1
OG0002992	2	1	1
OG0002998	2	1	1
OG0003002	2	1	1
OG0003007	2	1	1
OG0003013	1	2	1
OG0003014	2	1	1
OG0003016	1	1	1
OG0003020	1	1	1
OG0003024	1	1	1
OG0003028	1	1	1
OG0003030	1	2	1
OG0003032	1	2	1
OG0003033	1	1	1
OG0003034	1	1	2
OG0003035	2	1	1
OG0003036	2	1	1
OG0003038	2	1	1
OG0003040	1	1	1
OG0003042	2	1	1
OG0003043	2	1	1
OG0003044	1	1	2
OG0003045	2	1	1
OG0003049	1	2	1
OG0003054	1	1	1
OG0003055	2	1	1
OG0003058	1	1	1
OG0003060	1	1	1
OG0003061	2	1	1
OG0003077	2	1	1
OG0003079	2	1	1
OG0003080	1	1	3
OG0003081	2	1	1
OG0003083	2	1	1
OG0003088	2	1	1
OG0003091	2	1	1
OG0003096	2	1	1
OG0003099	2	1	1
OG0003100	2	1	1
OG0003102	2	1	1
OG0003104	1	1	2
OG0003106	2	1	1
OG0003112	2	1	1
OG0003117	2	1	1
OG0003118	1	1	1
OG0003127	2	1	1
OG0003129	1	2	1
OG0003136	2	1	1
OG0003138	2	1	1
OG0003141	1	1	1
OG0003142	1	1	1
OG0003145	1	1	1
OG0003148	1	1	1
OG0003150	2	1	1
OG0003160	2	1	1
OG0003162	1	1	1
OG0003167	2	1	1
OG0003172	2	1	1
OG0003173	2	1	1
OG0003183	2	1	1
OG0003184	1	1	1
OG0003187	1	1	1
OG0003194	1	1	1
OG0003197	1	1	1
OG0003198	2	1	1
OG0003199	1	1	1
OG0003200	1	1	1
OG0003209	2	1	1
OG0003212	1	1	1
OG0003218	1	1	1
OG0003220	2	1	1
OG0003221	2	1	1
OG0003225	1	1	1
OG0003234	1	1	2
OG0003235	2	1	1
OG0003236	1	1	1
OG0003241	1	1	1
OG0003242	1	1	1
OG0003243	2	1	1
OG0003244	2	1	1
OG0003246	1	1	1
OG0003249	2	1	1
OG0003250	2	1	1
OG0003251	1	1	1
OG0003254	1	1	1
OG0003255	2	1	1
OG0003265	2	1	1
OG0003267	2	1	1
OG0003269	1	1	2
OG0003271	1	2	1
OG0003274	1	1	1
OG0003278	1	1	1
OG0003284	2	1	1
OG0003295	2	1	1
OG0003296	2	1	1
OG0003300	2	1	1
OG0003303	1	2	1
OG0003309	2	1	1
OG0003310	2	1	1
OG0003312	2	1	1
OG0003324	2	1	1
OG0003331	1	2	1
OG0003335	2	1	1
OG0003339	1	2	1
OG0003341	3	0	1
OG0003344	1	1	1
OG0003345	2	1	1
OG0003349	1	1	2
OG0003350	2	1	1
OG0003356	1	1	1
OG0003365	2	1	1
OG0003367	1	1	1
OG0003368	2	1	1
OG0003383	1	1	1
OG0003384	1	1	1
OG0003386	2	1	1
OG0003387	2	1	1
OG0003389	2	1	1
OG0003392	2	1	1
OG0003394	2	1	1
OG0003399	2	1	1
OG0003400	1	1	1
OG0003401	1	1	1
OG0003404	1	0	1
OG0003408	1	1	1
OG0003410	1	1	1
OG0003415	2	1	1
OG0003417	1	1	1
OG0003420	1	1	1
OG0003434	1	1	1
OG0003436	1	1	2
OG0003443	1	1	1
OG0003446	1	1	2
OG0003448	1	1	1
OG0003450	2	1	1
OG0003451	2	1	1
OG0003452	2	1	1
OG0003453	2	1	1
OG0003462	2	1	1
OG0003463	1	2	1
OG0003466	1	2	1
OG0003468	2	1	1
OG0003473	2	1	1
OG0003478	2	1	1
OG0003482	2	1	1
OG0003484	2	1	1
OG0003487	2	1	1
OG0003493	1	1	1
OG0003495	1	2	1
OG0003496	2	1	1
OG0003511	2	1	1
OG0003513	1	1	1
OG0003515	2	1	1
OG0003516	1	1	1
OG0003521	2	1	1
OG0003527	2	1	1
OG0003529	2	1	1
OG0003531	1	2	1
OG0003536	1	1	1
OG0003539	2	1	1
OG0003544	2	1	1
OG0003546	1	1	1
OG0003551	1	1	1
OG0003563	2	1	1
OG0003570	2	1	1
OG0003572	2	1	1
OG0003573	1	1	1
OG0003579	1	1	1
OG0003581	2	1	1
OG0003582	1	1	2
OG0003583	2	1	1
OG0003586	1	1	1
OG0003592	1	1	1
OG0003594	1	1	2
OG0003597	2	1	1
OG0003598	2	1	1
OG0003603	2	1	1
OG0003604	2	1	1
OG0003613	1	1	1
OG0003620	1	1	1
OG0003621	1	3	1
OG0003623	2	1	1
OG0003629	1	1	1
OG0003632	2	1	1
OG0003633	2	1	1
OG0003634	1	1	1
OG0003643	2	0	2
OG0003645	2	1	1
OG0003646	1	1	1
OG0003648	1	1	5
OG0003649	1	2	1
OG0003650	2	1	1
OG0003652	2	1	1
OG0003653	2	1	1
OG0003654	2	1	1
OG0003657	2	1	1
OG0003665	2	1	1
OG0003666	2	1	1
OG0003675	1	1	1
OG0003681	1	1	1
OG0003687	1	1	1
OG0003688	1	1	1
OG0003689	2	1	1
OG0003699	1	1	1
OG0003704	1	2	1
OG0003705	1	1	3
OG0003708	2	1	1
OG0003715	2	1	1
OG0003721	1	1	2
OG0003730	1	1	1
OG0003731	1	1	1
OG0003732	2	1	1
OG0003735	2	1	1
OG0003739	1	2	1
OG0003740	2	1	1
OG0003744	2	1	1
OG0003745	2	1	1
OG0003746	2	1	1
OG0003749	1	1	1
OG0003752	1	2	1
OG0003754	2	1	1
OG0003760	2	1	1
OG0003765	1	1	1
OG0003770	2	1	1
OG0003774	1	1	1
OG0003775	1	1	1
OG0003781	1	1	1
OG0003785	1	1	1
OG0003789	1	1	1
OG0003793	2	1	1
OG0003801	2	1	1
OG0003803	1	1	1
OG0003805	1	1	1
OG0003808	2	1	1
OG0003809	1	1	1
OG0003821	2	1	1
OG0003825	1	1	1
OG0003826	1	1	1
OG0003827	2	1	1
OG0003829	1	2	1
OG0003832	1	1	1
OG0003845	2	1	1
OG0003849	1	1	2
OG0003850	2	1	1
OG0003859	2	1	1
OG0003861	1	1	1
OG0003864	1	1	1
OG0003866	1	1	1
OG0003870	1	1	1
OG0003873	2	1	1
OG0003878	2	1	1
OG0003879	2	1	1
OG0003881	1	1	1
OG0003882	1	1	1
OG0003883	2	1	1
OG0003885	1	1	1
OG0003886	2	1	1
OG0003887	2	1	1
OG0003891	1	1	1
OG0003892	1	1	1
OG0003893	2	1	1
OG0003894	1	0	3
OG0003898	2	1	1
OG0003900	2	1	1
OG0003905	2	1	1
OG0003908	2	1	1
OG0003921	1	1	4
OG0003923	1	1	2
OG0003924	1	1	1
OG0003926	1	2	1
OG0003935	2	1	1
OG0003937	2	1	1
OG0003939	2	1	1
OG0003947	2	1	1
OG0003949	1	1	1
OG0003955	2	1	1
OG0003956	2	1	1
OG0003961	2	1	1
OG0003962	1	1	1
OG0003965	1	1	1
OG0003966	2	1	1
OG0003967	1	1	1
OG0003969	2	1	1
OG0003971	2	1	1
OG0003974	2	1	1
OG0003981	2	1	1
OG0003982	1	2	1
OG0003994	2	1	1
OG0004002	2	1	1
OG0004003	1	1	1
OG0004007	1	1	1
OG0004013	2	1	1
OG0004015	1	1	2
OG0004020	2	1	1
OG0004025	1	1	1
OG0004040	2	1	1
OG0004042	2	1	1
OG0004053	2	1	1
OG0004062	2	1	1
OG0004064	1	1	1
OG0004071	1	1	1
OG0004072	1	1	1
OG0004073	1	2	1
OG0004074	1	1	1
OG0004076	2	1	1
OG0004088	2	1	1
OG0004091	2	1	1
OG0004093	2	1	1
OG0004103	2	1	1
OG0004105	2	1	1
OG0004106	2	1	1
OG0004109	2	1	1
OG0004112	1	1	1
OG0004114	2	1	1
OG0004116	2	1	1
OG0004117	2	1	1
OG0004120	2	1	1
OG0004122	2	1	1
OG0004123	2	1	1
OG0004125	2	1	1
OG0004129	2	1	1
OG0004133	2	0	19
OG0004135	2	1	1
OG0004138	2	1	1
OG0004139	2	1	1
OG0004142	2	1	1
OG0004163	1	1	1
OG0004166	1	1	1
OG0004167	1	1	1
OG0004168	2	1	1
OG0004169	2	1	1
OG0004171	2	1	1
OG0004172	2	1	1
OG0004181	1	1	1
OG0004182	2	1	1
OG0004183	1	2	1
OG0004187	2	1	1
OG0004199	2	1	1
OG0004200	2	1	1
OG0004203	2	1	1
OG0004205	2	1	1
OG0004206	2	1	1
OG0004208	2	1	1
OG0004210	2	1	1
OG0004212	2	1	1
OG0004215	1	1	1
OG0004216	2	1	1
OG0004217	2	1	1
OG0004221	2	1	1
OG0004224	2	1	1
OG0004241	1	2	1
OG0004245	2	1	1
OG0004254	2	1	1
OG0004256	2	1	1
OG0004257	2	1	1
OG0004258	2	1	1
OG0004261	1	1	1
OG0004266	2	1	1
OG0004274	2	1	1
OG0004275	2	1	1
OG0004281	2	1	1
OG0004288	2	1	1
OG0004294	2	1	1
OG0004298	2	1	1
OG0004299	2	1	1
OG0004301	1	1	1
OG0004303	2	1	1
OG0004306	2	1	1
OG0004307	1	1	2
OG0004309	1	0	2
OG0004312	2	1	1
OG0004313	2	1	1
OG0004319	2	1	1
OG0004325	1	1	1
OG0004327	1	1	1
OG0004333	1	1	1
OG0004334	2	1	1
OG0004338	1	1	1
OG0004346	2	1	1
OG0004354	2	1	1
OG0004356	1	1	1
OG0004359	1	1	1
OG0004360	1	1	1
OG0004362	2	1	1
OG0004363	1	1	1
OG0004369	2	1	1
OG0004370	1	1	1
OG0004373	2	1	1
OG0004374	1	1	1
OG0004377	1	1	1
OG0004378	1	1	1
OG0004382	1	1	1
OG0004383	1	1	3
OG0004384	1	2	1
OG0004386	2	1	1
OG0004396	2	1	1
OG0004399	2	1	1
OG0004404	1	2	1
OG0004405	1	1	1
OG0004406	2	1	1
OG0004407	1	1	1
OG0004409	1	1	2
OG0004410	2	1	1
OG0004413	2	1	1
OG0004414	2	1	1
OG0004419	1	1	1
OG0004421	1	1	1
OG0004422	1	1	1
OG0004424	1	1	1
OG0004425	2	1	1
OG0004430	1	1	2
OG0004432	2	1	1
OG0004435	2	1	1
OG0004436	1	1	4
OG0004447	2	1	1
OG0004457	2	1	1
OG0004458	1	1	1
OG0004465	1	1	1
OG0004468	2	1	1
OG0004478	2	1	1
OG0004479	1	1	2
OG0004482	2	1	1
OG0004486	2	1	1
OG0004487	1	2	1
OG0004490	1	1	2
OG0004494	1	1	2
OG0004500	2	1	1
OG0004503	2	1	1
OG0004504	2	1	1
OG0004505	2	1	1
OG0004506	2	1	1
OG0004507	1	1	1
OG0004509	1	1	1
OG0004512	1	1	1
OG0004515	1	1	1
OG0004516	2	1	1
OG0004517	1	1	1
OG0004518	1	2	1
OG0004529	1	1	1
OG0004530	1	1	1
OG0004531	2	1	1
OG0004533	2	1	1
OG0004535	2	1	1
OG0004538	2	1	1
OG0004542	1	1	1
OG0004546	2	1	1
OG0004548	2	1	1
OG0004553	1	1	1
OG0004554	1	0	2
OG0004555	2	1	1
OG0004556	1	1	1
OG0004557	1	1	2
OG0004559	2	1	1
OG0004560	2	1	1
OG0004561	2	1	1
OG0004562	2	1	1
OG0004565	2	1	1
OG0004568	2	1	1
OG0004569	2	1	1
OG0004574	2	1	1
OG0004583	1	1	2
OG0004592	2	1	1
OG0004593	2	1	1
OG0004595	2	1	1
OG0004601	2	1	1
OG0004602	1	1	2
OG0004603	1	1	1
OG0004608	1	1	1
OG0004614	2	1	1
OG0004617	2	1	1
OG0004626	2	1	1
OG0004628	2	1	1
OG0004632	2	1	1
OG0004640	1	1	1
OG0004641	1	1	1
OG0004642	2	1	1
OG0004649	1	1	1
OG0004650	1	1	2
OG0004652	2	1	1
OG0004658	1	1	1
OG0004662	2	1	1
OG0004666	2	1	1
OG0004671	1	1	1
OG0004675	2	1	1
OG0004676	1	1	1
OG0004678	1	1	1
OG0004683	2	1	1
OG0004684	1	0	3
OG0004685	2	1	1
OG0004695	1	1	1
OG0004696	2	1	1
OG0004699	2	1	1
OG0004700	2	1	1
OG0004701	1	1	2
OG0004707	2	1	1
OG0004708	1	1	2
OG0004712	1	1	1
OG0004716	1	1	1
OG0004721	2	1	1
OG0004724	2	1	1
OG0004729	1	1	1
OG0004730	1	1	1
OG0004737	2	1	1
OG0004738	1	1	1
OG0004743	2	1	1
OG0004750	2	1	1
OG0004752	1	1	1
OG0004756	2	1	1
OG0004757	2	1	1
OG0004758	1	1	2
OG0004761	1	1	1
OG0004764	1	1	2
OG0004769	2	1	1
OG0004773	2	1	1
OG0004781	1	2	1
OG0004785	1	1	1
OG0004790	1	1	1
OG0004803	2	1	1
OG0004804	1	2	1
OG0004805	1	1	2
OG0004806	2	1	1
OG0004809	1	2	1
OG0004810	2	1	1
OG0004813	2	1	1
OG0004817	1	1	1
OG0004827	1	2	1
OG0004830	1	2	1
OG0004834	1	1	1
OG0004838	3	0	1
OG0004851	2	1	1
OG0004855	2	1	1
OG0004858	2	1	1
OG0004860	1	2	1
OG0004865	2	1	1
OG0004868	2	1	1
OG0004869	2	1	1
OG0004870	2	1	1
OG0004871	2	0	2
OG0004872	2	1	1
OG0004874	2	1	1
OG0004876	2	1	1
OG0004877	2	1	1
OG0004878	2	1	1
OG0004881	3	0	1
OG0004884	1	1	1
OG0004891	1	1	1
OG0004893	2	1	1
OG0004901	2	1	1
OG0004903	1	1	2
OG0004908	2	1	1
OG0004910	1	1	1
OG0004922	2	1	1
OG0004923	1	1	1
OG0004932	2	1	1
OG0004939	2	1	1
OG0004945	1	1	1
OG0004946	2	1	1
OG0004947	1	1	1
OG0004951	2	1	1
OG0004952	1	1	1
OG0004960	2	1	1
OG0004963	1	1	1
OG0004972	1	2	1
OG0004977	2	1	1
OG0004982	1	1	1
OG0004985	2	1	1
OG0004987	1	2	1
OG0004988	1	1	1
OG0004989	1	1	1
OG0004991	2	1	1
OG0004994	1	1	1
OG0005001	1	1	1
OG0005005	2	1	1
OG0005006	2	1	1
OG0005011	2	1	1
OG0005015	1	1	1
OG0005017	1	1	1
OG0005021	2	1	1
OG0005023	1	1	1
OG0005027	1	1	2
OG0005030	1	1	1
OG0005033	2	1	1
OG0005035	1	2	1
OG0005041	2	1	1
OG0005042	1	1	1
OG0005046	1	0	3
OG0005049	1	1	1
OG0005061	1	2	1
OG0005062	2	1	1
OG0005063	1	1	2
OG0005065	2	1	1
OG0005068	1	1	1
OG0005071	1	1	1
OG0005072	3	0	1
OG0005074	1	1	2
OG0005080	1	1	1
OG0005081	2	1	1
OG0005082	2	1	1
OG0005083	2	1	1
OG0005084	1	1	1
OG0005085	3	0	1
OG0005086	2	1	1
OG0005089	1	1	1
OG0005090	1	1	1
OG0005091	1	1	2
OG0005093	1	2	1
OG0005095	1	1	2
OG0005098	2	1	1
OG0005099	1	1	1
OG0005103	1	1	1
OG0005104	1	1	2
OG0005107	1	1	1
OG0005110	2	1	1
OG0005112	1	1	2
OG0005119	1	1	1
OG0005121	2	1	1
OG0005123	1	1	2
OG0005130	1	1	1
OG0005136	1	1	1
OG0005138	2	1	1
OG0005143	1	1	1
OG0005148	1	1	2
OG0005151	2	1	1
OG0005153	2	1	1
OG0005161	1	3	1
OG0005165	1	2	1
OG0005167	1	1	1
OG0005173	1	1	1
OG0005174	1	1	1
OG0005180	1	1	1
OG0005186	2	1	1
OG0005188	2	1	1
OG0005192	1	1	2
OG0005195	1	1	1
OG0005199	1	1	1
OG0005200	1	3	1
OG0005201	1	1	1
OG0005204	1	1	1
OG0005209	2	1	1
OG0005210	2	1	1
OG0005212	1	1	1
OG0005216	1	1	2
OG0005217	1	1	1
OG0005219	1	1	1
OG0005221	2	1	1
OG0005222	2	1	1
OG0005232	1	1	1
OG0005233	1	2	1
OG0005235	2	1	1
OG0005237	1	1	1
OG0005240	1	1	1
OG0005247	2	1	1
OG0005248	1	1	2
OG0005250	1	1	1
OG0005251	1	1	2
OG0005253	1	1	2
OG0005254	2	0	1
OG0005256	2	1	1
OG0005257	3	0	1
OG0005263	2	1	1
OG0005264	1	1	2
OG0005265	1	1	1
OG0005266	1	1	1
OG0005270	1	1	1
OG0005272	1	1	1
OG0005275	2	1	1
OG0005276	1	1	1
OG0005277	2	1	1
OG0005278	1	2	1
OG0005279	1	1	1
OG0005280	1	1	1
OG0005285	1	1	2
OG0005288	1	1	1
OG0005290	1	1	1
OG0005291	1	1	1
OG0005296	2	1	1
OG0005298	1	1	1
OG0005300	2	1	1
OG0005301	1	1	1
OG0005307	1	1	1
OG0005308	1	1	1
OG0005310	2	1	1
OG0005314	1	1	1
OG0005318	1	1	1
OG0005322	1	2	1
OG0005326	1	1	1
OG0005327	1	1	2
OG0005329	1	1	1
OG0005334	1	1	1
OG0005336	1	1	2
OG0005337	1	1	1
OG0005339	1	1	2
OG0005340	1	54	1
OG0005344	1	1	1
OG0005346	2	1	1
OG0005347	1	1	1
OG0005352	1	1	2
OG0005357	1	2	1
OG0005358	1	1	1
OG0005359	1	1	1
OG0005360	1	1	1
OG0005361	1	1	2
OG0005362	1	1	1
OG0005365	2	1	1
OG0005369	1	1	1
OG0005370	1	2	1
OG0005378	1	1	1
OG0005379	2	1	1
OG0005381	1	2	1
OG0005384	1	1	2
OG0005388	1	1	1
OG0005393	2	1	1
OG0005394	2	1	1
OG0005396	1	1	1
OG0005397	1	1	1
OG0005399	1	2	1
OG0005400	2	1	1
OG0005401	1	2	1
OG0005402	1	1	2
OG0005403	1	2	1
OG0005405	2	1	1
OG0005406	1	1	1
OG0005407	1	1	1
OG0005408	1	1	1
OG0005409	1	1	1
OG0005410	1	1	1
OG0005414	1	1	2
OG0005415	1	1	2
OG0005416	1	1	1
OG0005423	1	1	2
OG0005431	1	1	1
OG0005433	1	1	1
OG0005443	1	1	2
OG0005446	0	1	2
OG0005447	0	2	1
OG0005449	0	2	1
OG0005452	0	6	1
OG0005464	0	1	1
OG0005465	0	2	2
OG0005466	0	2	2
OG0005471	0	2	1
OG0005476	0	4	1
OG0005477	0	2	1
OG0005479	0	2	1
OG0005482	0	1	5
OG0005485	0	1	4
OG0005487	0	3	1
OG0005488	0	1	2
OG0005489	0	1	2
OG0005493	0	1	3
OG0005497	0	1	3
OG0005502	0	1	1
OG0005506	0	1	3
OG0005508	0	3	1
OG0005510	0	3	1
OG0005511	0	1	2
OG0005513	0	2	1
OG0005518	0	2	1
OG0005523	0	2	1
OG0005526	0	4	1
OG0005530	0	2	1
OG0005532	0	2	2
OG0005533	0	1	3
OG0005537	0	1	2
OG0005540	0	2	1
OG0005544	0	1	3
OG0005547	0	1	3
OG0005550	0	1	2
OG0005554	0	1	3
OG0005555	0	3	1
OG0005560	0	1	2
OG0005562	0	1	2
OG0005563	0	1	2
OG0005565	0	2	2
OG0005568	0	1	3
OG0005569	0	2	3
OG0005571	0	1	20
OG0005572	0	1	3
OG0005573	0	2	1
OG0005576	0	2	1
OG0005577	0	1	3
OG0005579	0	2	2
OG0005580	0	3	2
OG0005584	0	2	2
OG0005586	0	1	3
OG0005590	0	2	2
OG0005591	0	1	2
OG0005597	0	2	2
OG0005598	0	2	1
OG0005600	0	1	3
OG0005604	0	1	3
OG0005605	0	1	1
OG0005606	0	2	1
OG0005608	0	0	4
OG0005610	0	0	4
OG0005611	0	0	4
OG0005612	0	0	4
OG0005613	0	0	4
OG0005614	0	0	4
OG0005617	0	0	4
OG0005618	0	0	4
OG0005620	0	0	4
OG0005621	0	0	4
OG0005622	0	0	4
OG0005623	0	0	4
OG0005624	0	0	4
OG0005626	0	0	4
OG0005627	0	0	4
OG0005628	0	0	4
OG0005630	0	0	4
OG0005632	0	0	4
OG0005634	0	0	4
OG0005635	0	0	4
OG0005636	0	0	4
OG0005637	0	0	4
OG0005639	0	0	4
OG0005640	0	0	4
OG0005641	0	0	4
OG0005644	0	0	4
OG0005645	0	0	4
OG0005646	0	0	4
OG0005648	0	0	4
OG0005651	0	0	4
OG0005652	0	0	4
OG0005653	0	0	4
OG0005654	0	0	4
OG0005655	0	0	4
OG0005656	0	0	4
OG0005657	0	0	4
OG0005658	0	0	4
OG0005659	0	0	4
OG0005660	0	0	4
OG0005662	0	0	4
OG0005663	0	0	4
OG0005665	0	0	4
OG0005666	0	0	4
OG0005667	0	0	4
OG0005669	0	0	4
OG0005670	0	0	4
OG0005671	0	0	4
OG0005672	0	0	4
OG0005673	0	0	4
OG0005675	0	0	4
OG0005676	0	0	4
OG0005677	0	0	4
OG0005678	0	0	4
OG0005679	0	0	4
OG0005680	0	0	4
OG0005682	0	0	4
OG0005683	0	0	4
OG0005691	1	1	1
OG0005695	1	1	1
OG0005697	1	1	1
OG0005702	1	1	1
OG0005708	1	1	1
OG0005711	1	1	1
OG0005713	1	1	1
OG0005719	1	1	1
OG0005720	1	1	1
OG0005722	1	1	1
OG0005725	1	1	1
OG0005732	1	1	1
OG0005737	1	1	1
OG0005738	1	1	1
OG0005739	1	1	1
OG0005740	1	1	1
OG0005746	1	1	1
OG0005755	1	1	1
OG0005758	1	1	1
OG0005759	1	1	1
OG0005760	1	1	1
OG0005761	1	1	1
OG0005764	1	1	1
OG0005769	1	1	1
OG0005775	1	1	1
OG0005776	1	1	1
OG0005784	1	1	1
OG0005789	1	1	1
OG0005791	1	1	1
OG0005800	1	1	1
OG0005808	1	1	1
OG0005815	1	1	1
OG0005816	1	1	1
OG0005817	1	1	1
OG0005820	1	1	1
OG0005821	1	1	1
OG0005822	1	1	1
OG0005824	1	1	1
OG0005826	1	1	1
OG0005830	1	1	1
OG0005834	1	1	1
OG0005845	1	1	1
OG0005852	1	1	1
OG0005857	1	1	1
OG0005866	1	1	1
OG0005870	1	1	1
OG0005875	1	1	1
OG0005876	1	1	1
OG0005884	1	1	1
OG0005888	1	1	1
OG0005890	1	1	1
OG0005899	1	1	1
OG0005900	1	1	1
OG0005904	1	1	1
OG0005910	1	1	1
OG0005917	1	1	1
OG0005921	1	1	1
OG0005923	1	1	1
OG0005924	1	1	1
OG0005925	1	1	1
OG0005931	1	1	1
OG0005942	1	1	1
OG0005944	1	1	1
OG0005947	1	1	1
OG0005952	1	1	1
OG0005956	1	1	1
OG0005958	1	1	1
OG0005964	1	1	1
OG0005969	1	1	1
OG0005980	1	1	1
OG0005986	1	1	1
OG0005987	1	1	1
OG0005988	1	1	1
OG0005989	1	1	1
OG0005991	1	1	1
OG0005993	1	1	1
OG0006003	1	1	1
OG0006012	1	1	1
OG0006021	1	1	1
OG0006022	1	1	1
OG0006024	1	1	1
OG0006030	1	1	1
OG0006034	1	1	1
OG0006037	1	1	1
OG0006038	1	1	1
OG0006040	1	1	1
OG0006049	1	1	1
OG0006053	1	1	1
OG0006054	1	1	1
OG0006056	1	1	1
OG0006066	1	1	1
OG0006074	1	1	1
OG0006079	1	1	1
OG0006080	1	1	1
OG0006084	1	1	1
OG0006085	1	1	1
OG0006089	1	1	1
OG0006090	1	1	1
OG0006092	1	1	1
OG0006093	1	1	1
OG0006095	1	1	1
OG0006097	1	1	1
OG0006098	1	1	1
OG0006100	1	1	1
OG0006103	1	1	1
OG0006115	1	1	1
OG0006118	1	1	1
OG0006119	1	1	1
OG0006123	1	1	1
OG0006132	1	1	1
OG0006133	1	1	1
OG0006140	1	1	1
OG0006145	1	1	1
OG0006150	1	1	1
OG0006154	1	1	1
OG0006155	1	1	1
OG0006158	1	1	1
OG0006163	1	1	1
OG0006165	1	1	1
OG0006167	1	1	1
OG0006172	1	1	1
OG0006174	1	1	1
OG0006177	1	1	1
OG0006180	1	1	1
OG0006181	1	1	1
OG0006183	1	1	1
OG0006186	1	1	1
OG0006195	1	1	1
OG0006197	1	1	1
OG0006203	1	1	1
OG0006205	1	1	1
OG0006206	1	1	1
OG0006207	1	1	1
OG0006208	1	1	1
OG0006212	1	1	1
OG0006228	1	1	1
OG0006229	1	1	1
OG0006237	1	1	1
OG0006238	1	1	1
OG0006240	1	1	1
OG0006241	1	1	1
OG0006245	1	1	1
OG0006253	1	1	1
OG0006254	1	1	1
OG0006255	2	0	1
OG0006274	1	1	1
OG0006275	1	1	1
OG0006280	1	1	1
OG0006283	1	1	1
OG0006286	1	1	1
OG0006290	1	1	1
OG0006292	1	1	1
OG0006300	1	1	1
OG0006302	1	1	1
OG0006303	1	1	1
OG0006309	1	1	1
OG0006310	1	1	1
OG0006311	1	1	1
OG0006315	1	1	1
OG0006316	1	1	1
OG0006319	1	0	1
OG0006321	1	1	1
OG0006332	1	1	1
OG0006338	1	1	1
OG0006340	1	1	1
OG0006343	1	1	1
OG0006348	1	1	1
OG0006353	1	1	1
OG0006355	1	1	1
OG0006361	1	1	1
OG0006362	1	1	1
OG0006363	1	1	1
OG0006366	1	1	1
OG0006371	1	1	1
OG0006375	1	1	1
OG0006381	1	1	1
OG0006382	1	1	1
OG0006383	1	1	1
OG0006386	1	1	1
OG0006387	1	1	1
OG0006391	1	1	1
OG0006394	1	1	1
OG0006395	1	1	1
OG0006401	2	0	1
OG0006402	1	1	1
OG0006406	1	1	1
OG0006417	1	1	1
OG0006419	1	1	1
OG0006420	1	1	1
OG0006426	1	1	1
OG0006429	2	0	1
OG0006430	1	1	1
OG0006431	1	1	1
OG0006432	1	1	1
OG0006435	1	1	1
OG0006436	1	1	1
OG0006437	1	0	2
OG0006442	1	1	1
OG0006443	1	1	1
OG0006451	1	1	1
OG0006459	1	1	1
OG0006471	1	1	1
OG0006472	1	1	1
OG0006476	1	1	1
OG0006480	1	1	1
OG0006481	1	1	1
OG0006482	1	1	1
OG0006493	1	1	1
OG0006494	1	1	1
OG0006496	1	1	1
OG0006499	1	1	1
OG0006500	1	1	1
OG0006501	1	1	1
OG0006503	1	1	1
OG0006505	2	0	1
OG0006510	1	1	1
OG0006515	1	0	2
OG0006520	1	1	1
OG0006521	1	1	1
OG0006527	1	1	1
OG0006544	1	1	1
OG0006545	1	1	1
OG0006546	1	1	1
OG0006552	1	1	1
OG0006554	1	1	1
OG0006563	1	1	1
OG0006564	1	1	1
OG0006567	1	1	1
OG0006570	1	1	1
OG0006573	1	1	1
OG0006579	1	1	1
OG0006580	1	1	1
OG0006590	1	1	1
OG0006591	1	1	1
OG0006601	1	1	1
OG0006606	1	1	1
OG0006610	1	1	1
OG0006613	1	1	1
OG0006618	1	1	1
OG0006620	1	1	1
OG0006623	1	1	1
OG0006628	1	1	1
OG0006633	1	1	1
OG0006636	1	1	1
OG0006639	1	1	1
OG0006645	1	1	1
OG0006649	1	1	1
OG0006654	1	1	1
OG0006657	1	1	1
OG0006658	1	1	1
OG0006665	1	1	1
OG0006668	1	1	1
OG0006669	1	1	1
OG0006672	1	1	1
OG0006674	1	1	1
OG0006680	1	1	1
OG0006685	1	1	1
OG0006686	1	1	1
OG0006690	1	1	1
OG0006693	1	1	1
OG0006698	1	1	1
OG0006700	1	1	1
OG0006707	1	1	1
OG0006708	1	1	1
OG0006712	1	1	1
OG0006713	1	1	1
OG0006734	1	1	1
OG0006735	1	1	1
OG0006740	1	1	1
OG0006741	1	1	1
OG0006742	1	1	1
OG0006743	1	1	1
OG0006744	1	1	1
OG0006747	1	1	1
OG0006749	1	1	1
OG0006753	1	1	1
OG0006754	1	1	1
OG0006755	1	1	1
OG0006756	1	1	1
OG0006758	1	1	1
OG0006759	1	1	1
OG0006773	1	1	1
OG0006774	1	1	1
OG0006777	1	1	1
OG0006780	1	1	1
OG0006781	1	1	1
OG0006782	1	1	1
OG0006786	1	1	1
OG0006793	1	1	1
OG0006801	1	1	1
OG0006803	1	1	1
OG0006807	1	1	1
OG0006808	1	1	1
OG0006809	1	1	1
OG0006814	1	1	1
OG0006815	1	1	1
OG0006823	1	1	1
OG0006828	1	1	1
OG0006829	1	1	1
OG0006830	1	1	1
OG0006833	1	1	1
OG0006838	1	1	1
OG0006840	1	1	1
OG0006842	1	1	1
OG0006849	1	1	1
OG0006858	1	1	1
OG0006861	1	1	1
OG0006865	1	1	1
OG0006867	1	1	1
OG0006869	1	1	1
OG0006871	1	1	1
OG0006873	1	1	1
OG0006875	1	1	1
OG0006879	1	1	1
OG0006880	1	1	1
OG0006881	1	1	1
OG0006892	1	1	1
OG0006894	1	1	1
OG0006904	1	1	1
OG0006905	1	1	1
OG0006913	1	1	1
OG0006915	1	1	1
OG0006923	1	1	1
OG0006925	1	1	1
OG0006926	1	1	1
OG0006930	1	1	1
OG0006931	1	1	1
OG0006932	1	1	1
OG0006933	1	1	1
OG0006937	1	1	1
OG0006941	1	1	1
OG0006942	1	1	1
OG0006943	1	1	1
OG0006945	1	1	1
OG0006952	1	1	1
OG0006956	1	1	1
OG0006961	1	1	1
OG0006963	1	1	1
OG0006974	1	1	1
OG0006978	2	0	1
OG0006979	1	1	1
OG0006980	1	1	1
OG0006981	1	1	1
OG0006996	1	1	1
OG0006999	1	1	1
OG0007009	1	1	1
OG0007010	1	1	1
OG0007012	2	0	1
OG0007013	1	1	1
OG0007017	1	1	1
OG0007021	1	1	1
OG0007024	1	1	1
OG0007026	1	1	1
OG0007027	1	1	1
OG0007033	1	1	1
OG0007035	1	1	1
OG0007040	1	1	1
OG0007042	1	1	1
OG0007043	1	1	1
OG0007045	1	1	1
OG0007049	1	1	1
OG0007050	1	1	1
OG0007053	1	1	1
OG0007056	1	1	1
OG0007058	1	1	1
OG0007059	1	1	1
OG0007066	1	1	1
OG0007068	1	1	1
OG0007071	1	1	1
OG0007076	1	1	1
OG0007078	1	1	1
OG0007080	1	1	1
OG0007082	1	1	1
OG0007083	1	1	1
OG0007086	1	1	1
OG0007094	1	1	1
OG0007100	1	1	1
OG0007107	1	1	1
OG0007112	1	1	1
OG0007113	1	1	1
OG0007116	1	1	1
OG0007117	1	1	1
OG0007121	1	1	1
OG0007123	1	1	1
OG0007124	1	1	1
OG0007125	1	1	1
OG0007128	1	1	1
OG0007134	1	1	1
OG0007137	1	1	1
OG0007141	1	1	1
OG0007142	1	1	1
OG0007145	1	1	1
OG0007150	1	1	1
OG0007152	1	1	1
OG0007158	1	1	1
OG0007160	1	1	1
OG0007162	1	1	1
OG0007166	1	1	1
OG0007168	1	1	1
OG0007171	1	1	1
OG0007173	1	1	1
OG0007182	1	1	1
OG0007185	1	1	1
OG0007187	1	1	1
OG0007189	1	1	1
OG0007197	1	1	1
OG0007202	1	1	1
OG0007203	1	1	1
OG0007210	1	1	1
OG0007217	1	1	1
OG0007219	1	1	1
OG0007222	1	1	1
OG0007233	1	1	1
OG0007236	1	1	1
OG0007239	1	1	1
OG0007242	1	1	1
OG0007249	1	1	1
OG0007257	1	1	1
OG0007262	1	1	1
OG0007264	1	1	1
OG0007268	2	0	1
OG0007274	1	1	1
OG0007275	1	1	1
OG0007279	1	1	1
OG0007283	1	1	1
OG0007284	1	1	1
OG0007289	1	1	1
OG0007291	1	1	1
OG0007296	1	1	1
OG0007299	1	1	1
OG0007300	1	1	1
OG0007301	1	1	1
OG0007302	1	1	1
OG0007313	1	1	1
OG0007314	1	1	1
OG0007316	1	1	1
OG0007322	1	1	1
OG0007328	1	1	1
OG0007341	1	1	1
OG0007346	1	1	1
OG0007351	1	1	1
OG0007355	1	1	1
OG0007358	1	1	1
OG0007369	1	1	1
OG0007370	1	1	1
OG0007375	1	1	1
OG0007377	1	1	1
OG0007380	1	1	1
OG0007382	1	1	1
OG0007389	1	1	1
OG0007391	1	1	1
OG0007402	1	1	1
OG0007408	1	1	1
OG0007411	1	1	1
OG0007415	1	1	1
OG0007423	1	1	1
OG0007427	1	1	1
OG0007429	1	1	1
OG0007433	1	1	1
OG0007442	1	1	1
OG0007443	1	1	1
OG0007446	1	1	1
OG0007450	1	1	1
OG0007456	1	1	1
OG0007459	1	1	1
OG0007460	1	1	1
OG0007475	1	1	1
OG0007478	1	1	1
OG0007483	1	1	1
OG0007485	1	1	1
OG0007490	1	1	1
OG0007500	1	1	1
OG0007508	1	1	1
OG0007509	1	1	1
OG0007511	1	1	1
OG0007512	1	1	1
OG0007514	1	1	1
OG0007517	1	1	1
OG0007522	1	1	1
OG0007526	1	1	1
OG0007531	1	1	1
OG0007532	1	1	1
OG0007533	1	1	1
OG0007545	1	1	1
OG0007546	1	1	1
OG0007547	1	1	1
OG0007553	1	1	1
OG0007554	1	1	1
OG0007557	1	1	1
OG0007558	1	1	1
OG0007559	1	1	1
OG0007562	1	1	1
OG0007563	1	1	1
OG0007568	1	1	1
OG0007570	1	1	1
OG0007572	1	1	1
OG0007587	1	1	1
OG0007594	1	1	1
OG0007595	1	1	1
OG0007600	1	1	1
OG0007601	1	1	1
OG0007607	1	1	1
OG0007608	1	1	1
OG0007609	1	1	1
OG0007616	1	1	1
OG0007620	1	1	1
OG0007627	1	1	1
OG0007629	1	1	1
OG0007633	1	1	1
OG0007642	1	1	1
OG0007644	1	1	1
OG0007652	1	1	1
OG0007653	1	1	1
OG0007666	1	1	1
OG0007673	1	1	1
OG0007683	1	1	1
OG0007686	1	1	1
OG0007689	1	1	1
OG0007691	1	1	1
OG0007692	1	1	1
OG0007693	1	1	1
OG0007694	1	1	1
OG0007698	1	1	1
OG0007704	1	1	1
OG0007707	1	1	1
OG0007709	1	1	1
OG0007712	1	1	1
OG0007714	1	1	1
OG0007716	1	1	1
OG0007717	1	1	1
OG0007720	1	1	1
OG0007721	1	1	1
OG0007723	1	1	1
OG0007728	1	1	1
OG0007729	1	1	1
OG0007732	1	1	1
OG0007734	1	1	1
OG0007737	1	1	1
OG0007740	1	1	1
OG0007750	1	1	1
OG0007753	1	1	1
OG0007760	1	1	1
OG0007767	1	1	1
OG0007777	1	1	1
OG0007791	1	1	1
OG0007802	1	1	1
OG0007807	1	1	1
OG0007808	1	1	1
OG0007812	1	1	1
OG0007820	1	1	1
OG0007822	1	1	1
OG0007829	1	1	1
OG0007830	1	1	1
OG0007833	1	1	1
OG0007835	1	1	1
OG0007837	1	1	1
OG0007845	1	1	1
OG0007847	1	1	1
OG0007848	1	1	1
OG0007850	1	1	1
OG0007851	1	1	1
OG0007855	1	1	1
OG0007857	1	1	1
OG0007858	1	1	1
OG0007859	1	1	1
OG0007864	1	1	1
OG0007866	1	1	1
OG0007877	1	1	1
OG0007879	1	1	1
OG0007880	1	1	1
OG0007885	1	1	1
OG0007887	1	1	1
OG0007888	1	1	1
OG0007890	1	1	1
OG0007891	1	1	1
OG0007894	1	1	1
OG0007895	1	1	1
OG0007896	1	1	1
OG0007903	1	1	1
OG0007907	1	1	1
OG0007910	1	1	1
OG0007911	1	1	1
OG0007913	1	1	1
OG0007919	1	1	1
OG0007921	1	1	1
OG0007924	1	1	1
OG0007925	1	1	1
OG0007929	1	1	1
OG0007930	1	1	1
OG0007935	1	1	1
OG0007938	1	1	1
OG0007942	1	1	1
OG0007949	1	1	1
OG0007950	1	1	1
OG0007951	1	1	1
OG0007953	1	1	1
OG0007963	1	1	1
OG0007968	1	1	1
OG0007973	1	1	1
OG0007975	1	1	1
OG0007977	1	1	1
OG0007979	1	1	1
OG0007984	1	1	1
OG0007992	1	1	1
OG0007999	1	1	1
OG0008000	1	1	1
OG0008001	1	1	1
OG0008004	1	1	1
OG0008006	1	1	1
OG0008010	1	1	1
OG0008012	1	1	1
OG0008015	1	1	1
OG0008017	1	1	1
OG0008018	1	1	1
OG0008019	1	1	1
OG0008024	1	1	1
OG0008027	1	1	1
OG0008034	1	1	1
OG0008035	1	1	1
OG0008037	1	1	1
OG0008042	1	1	1
OG0008043	1	1	1
OG0008053	1	1	1
OG0008058	1	1	1
OG0008059	1	1	1
OG0008074	1	1	1
OG0008078	1	1	1
OG0008080	1	1	1
OG0008089	1	1	1
OG0008094	1	1	1
OG0008097	1	1	1
OG0008101	1	1	1
OG0008104	1	1	1
OG0008109	1	1	1
OG0008120	1	1	1
OG0008121	1	1	1
OG0008124	1	1	1
OG0008137	1	1	1
OG0008138	1	1	1
OG0008141	1	1	1
OG0008148	1	1	1
OG0008152	1	1	1
OG0008155	1	1	1
OG0008156	1	1	1
OG0008158	1	1	1
OG0008161	1	1	1
OG0008163	1	1	1
OG0008175	1	1	1
OG0008177	1	1	1
OG0008180	1	1	1
OG0008182	1	1	1
OG0008186	1	1	1
OG0008189	1	1	1
OG0008190	1	1	1
OG0008192	1	1	1
OG0008197	1	1	1
OG0008199	1	1	1
OG0008200	1	1	1
OG0008201	1	1	1
OG0008202	1	1	1
OG0008204	1	1	1
OG0008205	1	1	1
OG0008207	1	1	1
OG0008209	1	1	1
OG0008213	1	1	1
OG0008217	1	1	1
OG0008220	1	1	1
OG0008230	1	1	1
OG0008231	1	1	1
OG0008232	1	1	1
OG0008235	1	1	1
OG0008237	1	1	1
OG0008240	1	1	1
OG0008254	1	1	1
OG0008256	1	1	1
OG0008259	1	1	1
OG0008264	1	1	1
OG0008271	1	1	1
OG0008273	1	1	1
OG0008274	1	1	1
OG0008279	1	1	1
OG0008284	1	1	1
OG0008288	1	1	1
OG0008293	1	1	1
OG0008294	1	1	1
OG0008302	1	1	1
OG0008305	1	1	1
OG0008311	1	1	1
OG0008314	1	1	1
OG0008315	1	1	1
OG0008319	1	1	1
OG0008321	1	1	1
OG0008322	1	1	1
OG0008325	1	1	1
OG0008330	1	1	1
OG0008335	1	1	1
OG0008340	1	1	1
OG0008342	1	1	1
OG0008352	1	1	1
OG0008361	1	1	1
OG0008363	1	1	1
OG0008365	1	1	1
OG0008369	1	1	1
OG0008372	1	1	1
OG0008376	1	1	1
OG0008378	1	1	1
OG0008379	1	1	1
OG0008380	1	1	1
OG0008382	1	1	1
OG0008383	1	1	1
OG0008402	1	1	1
OG0008408	1	1	1
OG0008411	1	1	1
OG0008412	1	1	1
OG0008420	1	1	1
OG0008421	1	1	1
OG0008424	1	1	1
OG0008425	1	1	1
OG0008431	1	1	1
OG0008438	1	1	1
OG0008439	1	1	1
OG0008446	1	1	1
OG0008448	1	1	1
OG0008457	1	1	1
OG0008462	1	1	1
OG0008463	1	1	1
OG0008467	1	1	1
OG0008476	1	1	1
OG0008479	1	1	1
OG0008481	1	1	1
OG0008485	1	1	1
OG0008486	1	1	1
OG0008487	1	1	1
OG0008488	1	1	1
OG0008489	1	1	1
OG0008491	1	1	1
OG0008492	1	1	1
OG0008493	1	1	1
OG0008496	1	1	1
OG0008510	1	1	1
OG0008511	1	1	1
OG0008513	1	1	1
OG0008516	1	1	1
OG0008517	1	1	1
OG0008518	1	1	1
OG0008522	1	1	1
OG0008528	1	1	1
OG0008529	1	1	1
OG0008532	1	1	1
OG0008538	1	1	1
OG0008539	1	1	1
OG0008542	1	1	1
OG0008543	1	1	1
OG0008544	1	1	1
OG0008547	1	1	1
OG0008556	1	1	1
OG0008557	1	1	1
OG0008560	1	1	1
OG0008570	1	1	1
OG0008572	1	1	1
OG0008576	1	1	1
OG0008578	1	1	1
OG0008582	1	1	1
OG0008583	1	1	1
OG0008585	1	1	1
OG0008586	1	1	1
OG0008593	1	1	1
OG0008607	1	1	1
OG0008612	1	1	1
OG0008616	1	1	1
OG0008619	1	1	1
OG0008622	1	1	1
OG0008627	1	1	1
OG0008628	1	1	1
OG0008629	1	1	1
OG0008632	1	1	1
OG0008633	1	1	1
OG0008639	1	1	1
OG0008643	1	1	1
OG0008655	1	1	1
OG0008656	1	1	1
OG0008663	1	1	1
OG0008668	1	1	1
OG0008670	1	1	1
OG0008672	1	1	1
OG0008676	1	1	1
OG0008679	1	1	1
OG0008690	1	1	1
OG0008691	1	1	1
OG0008694	1	1	1
OG0008699	1	1	1
OG0008705	1	1	1
OG0008706	1	1	1
OG0008714	2	0	1
OG0008720	1	1	1
OG0008724	1	1	1
OG0008742	1	1	1
OG0008746	1	1	1
OG0008747	1	1	1
OG0008748	1	1	1
OG0008749	1	1	1
OG0008759	1	1	1
OG0008763	1	1	1
OG0008767	1	1	1
OG0008781	1	1	1
OG0008782	1	1	1
OG0008786	1	1	1
OG0008787	1	1	1
OG0008790	1	1	1
OG0008791	1	1	1
OG0008794	1	1	1
OG0008797	1	1	1
OG0008800	1	1	1
OG0008802	1	1	1
OG0008804	1	1	1
OG0008812	1	1	1
OG0008818	1	1	1
OG0008819	1	1	1
OG0008824	1	1	1
OG0008826	1	1	1
OG0008833	1	1	1
OG0008835	1	1	1
OG0008837	1	1	1
OG0008840	1	1	1
OG0008841	1	1	1
OG0008843	1	1	1
OG0008844	1	1	1
OG0008845	1	1	1
OG0008851	1	1	1
OG0008856	1	1	1
OG0008862	1	1	1
OG0008863	1	1	1
OG0008866	1	1	1
OG0008867	1	1	1
OG0008871	1	1	1
OG0008874	1	1	1
OG0008886	1	1	1
OG0008888	1	1	1
OG0008889	1	1	1
OG0008899	1	1	1
OG0008900	1	1	1
OG0008901	1	1	1
OG0008902	1	1	1
OG0008926	1	1	1
OG0008935	1	1	1
OG0008936	1	1	1
OG0008940	1	1	1
OG0008943	1	1	1
OG0008951	1	1	1
OG0008955	1	1	1
OG0008959	1	1	1
OG0008967	1	1	1
OG0008968	1	1	1
OG0008970	1	1	1
OG0008974	1	1	1
OG0008978	1	1	1
OG0008986	1	1	1
OG0008988	1	1	1
OG0008996	1	1	1
OG0009002	1	1	1
OG0009004	1	1	1
OG0009005	1	1	1
OG0009009	1	1	1
OG0009015	1	1	1
OG0009017	1	1	1
OG0009027	1	1	1
OG0009028	1	1	1
OG0009029	1	1	1
OG0009033	1	1	1
OG0009043	2	0	1
OG0009049	1	1	1
OG0009051	1	1	1
OG0009068	1	1	1
OG0009069	1	1	1
OG0009074	1	0	1
OG0009076	1	1	1
OG0009078	1	1	1
OG0009080	1	1	1
OG0009085	1	1	1
OG0009087	1	1	1
OG0009088	1	1	1
OG0009090	1	1	1
OG0009091	1	1	1
OG0009095	1	1	1
OG0009096	1	1	1
OG0009100	1	1	1
OG0009104	1	1	1
OG0009106	1	1	1
OG0009111	1	1	1
OG0009113	1	1	1
OG0009122	1	1	1
OG0009126	1	1	1
OG0009127	1	1	1
OG0009131	1	1	1
OG0009133	1	1	1
OG0009135	1	1	1
OG0009139	1	1	1
OG0009149	1	1	1
OG0009151	1	1	1
OG0009152	1	1	1
OG0009155	1	1	1
OG0009158	1	1	1
OG0009162	1	1	1
OG0009163	1	1	1
OG0009169	1	1	1
OG0009171	1	1	1
OG0009175	1	1	1
OG0009176	1	1	1
OG0009177	1	1	1
OG0009178	1	1	1
OG0009180	1	1	1
OG0009184	1	1	1
OG0009186	1	1	1
OG0009190	1	1	1
OG0009193	1	1	1
OG0009196	1	1	1
OG0009198	1	1	1
OG0009207	1	1	1
OG0009212	1	1	1
OG0009213	1	1	1
OG0009215	1	1	1
OG0009216	1	1	1
OG0009219	1	0	1
OG0009221	1	1	1
OG0009222	1	1	1
OG0009224	1	1	1
OG0009226	1	1	1
OG0009241	1	1	1
OG0009252	1	1	1
OG0009260	1	1	1
OG0009261	1	1	1
OG0009265	1	1	1
OG0009270	1	1	1
OG0009273	1	1	1
OG0009278	1	1	1
OG0009280	1	1	1
OG0009282	1	1	1
OG0009289	1	1	1
OG0009302	1	1	1
OG0009310	1	1	1
OG0009311	1	1	1
OG0009317	1	1	1
OG0009324	1	1	1
OG0009326	1	1	1
OG0009327	1	1	1
OG0009331	1	1	1
OG0009345	1	1	1
OG0009350	1	1	1
OG0009351	1	1	1
OG0009357	1	1	1
OG0009370	1	1	1
OG0009376	1	1	1
OG0009385	1	1	1
OG0009396	1	1	1
OG0009403	1	1	1
OG0009405	1	1	1
OG0009407	1	1	1
OG0009409	1	1	1
OG0009413	1	1	1
OG0009414	1	1	1
OG0009417	1	1	1
OG0009424	1	1	1
OG0009431	1	1	1
OG0009440	1	1	1
OG0009443	1	1	1
OG0009445	1	1	1
OG0009451	1	1	1
OG0009452	1	1	1
OG0009453	1	1	1
OG0009455	1	1	1
OG0009463	1	1	1
OG0009473	1	1	1
OG0009475	1	1	1
OG0009477	1	1	1
OG0009490	1	1	1
OG0009494	1	1	1
OG0009496	1	1	1
OG0009499	1	1	1
OG0009501	1	1	1
OG0009505	1	1	1
OG0009508	1	1	1
OG0009512	1	1	1
OG0009520	1	1	1
OG0009521	1	1	1
OG0009524	1	1	1
OG0009536	1	1	1
OG0009538	1	1	1
OG0009544	1	1	1
OG0009550	1	1	1
OG0009552	1	1	1
OG0009554	1	1	1
OG0009555	1	1	1
OG0009557	1	1	1
OG0009560	1	1	1
OG0009562	1	1	1
OG0009566	1	1	1
OG0009572	1	1	1
OG0009577	1	1	1
OG0009579	1	1	1
OG0009586	1	1	1
OG0009589	1	1	1
OG0009590	1	1	1
OG0009595	1	1	1
OG0009596	1	1	1
OG0009597	1	1	1
OG0009600	1	1	1
OG0009611	1	1	1
OG0009613	1	1	1
OG0009614	1	1	1
OG0009616	1	1	1
OG0009618	1	1	1
OG0009621	1	1	1
OG0009623	1	1	1
OG0009630	1	1	1
OG0009633	1	1	1
OG0009647	1	1	1
OG0009650	1	1	1
OG0009651	1	1	1
OG0009653	1	1	1
OG0009655	1	1	1
OG0009660	1	1	1
OG0009663	1	1	1
OG0009670	1	1	1
OG0009673	1	1	1
OG0009674	1	1	1
OG0009675	1	1	1
OG0009677	1	1	1
OG0009679	1	1	1
OG0009686	1	1	1
OG0009699	1	1	1
OG0009701	1	1	1
OG0009703	1	1	1
OG0009705	1	1	1
OG0009710	1	1	1
OG0009711	1	1	1
OG0009716	1	1	1
OG0009720	1	1	1
OG0009727	1	1	1
OG0009738	1	1	1
OG0009739	1	1	1
OG0009740	1	1	1
OG0009741	1	1	1
OG0009746	1	1	1
OG0009747	1	1	1
OG0009748	1	1	1
OG0009752	1	1	1
OG0009753	1	1	1
OG0009758	1	1	1
OG0009759	1	1	1
OG0009760	1	1	1
OG0009761	1	1	1
OG0009765	1	1	1
OG0009767	1	1	1
OG0009777	1	1	1
OG0009781	1	1	1
OG0009782	1	1	1
OG0009784	1	1	1
OG0009786	1	1	1
OG0009788	1	1	1
OG0009800	1	1	1
OG0009804	1	1	1
OG0009811	1	1	1
OG0009813	1	1	1
OG0009815	1	1	1
OG0009816	1	1	1
OG0009820	1	1	1
OG0009821	1	1	1
OG0009822	1	1	1
OG0009823	1	1	1
OG0009824	1	1	1
OG0009825	1	1	1
OG0009827	1	1	1
OG0009831	1	1	1
OG0009832	1	1	1
OG0009837	1	1	1
OG0009842	1	1	1
OG0009848	1	1	1
OG0009852	1	1	1
OG0009853	1	1	1
OG0009854	1	1	1
OG0009856	1	1	1
OG0009858	1	1	1
OG0009861	1	1	1
OG0009862	1	1	1
OG0009878	1	1	1
OG0009884	1	1	1
OG0009894	1	1	1
OG0009895	1	1	1
OG0009899	1	1	1
OG0009900	1	1	1
OG0009901	1	1	1
OG0009902	1	1	1
OG0009908	1	1	1
OG0009910	1	1	1
OG0009911	1	1	1
OG0009912	1	1	1
OG0009913	1	1	1
OG0009914	1	1	1
OG0009919	1	1	1
OG0009920	1	1	1
OG0009925	1	1	1
OG0009926	1	1	1
OG0009929	1	1	1
OG0009936	2	0	1
OG0009940	1	1	1
OG0009941	1	1	1
OG0009947	1	1	1
OG0009948	1	1	1
OG0009952	1	1	1
OG0009955	1	1	1
OG0009961	1	1	1
OG0009973	1	1	1
OG0009974	1	1	1
OG0009977	1	1	1
OG0009980	1	1	1
OG0009981	1	1	1
OG0009983	1	1	1
OG0009984	1	1	1
OG0009994	1	1	1
OG0009998	1	1	1
OG0010001	1	1	1
OG0010006	1	1	1
OG0010013	1	1	1
OG0010018	1	1	1
OG0010019	1	1	1
OG0010020	1	1	1
OG0010021	1	1	1
OG0010025	1	1	1
OG0010026	1	1	1
OG0010027	1	1	1
OG0010030	1	1	1
OG0010042	1	1	1
OG0010044	1	1	1
OG0010045	1	1	1
OG0010047	1	1	1
OG0010048	1	1	1
OG0010050	1	1	1
OG0010053	2	0	1
OG0010058	1	1	1
OG0010071	1	1	1
OG0010079	1	1	1
OG0010082	1	1	1
OG0010091	1	1	1
OG0010094	1	1	1
OG0010116	1	1	1
OG0010127	1	1	1
OG0010134	1	1	1
OG0010135	1	1	1
OG0010137	1	1	1
OG0010139	1	1	1
OG0010143	1	1	1
OG0010144	1	1	1
OG0010147	1	1	1
OG0010150	1	1	1
OG0010151	1	1	1
OG0010153	1	1	1
OG0010154	1	1	1
OG0010157	1	1	1
OG0010162	1	1	1
OG0010170	1	1	1
OG0010172	1	1	1
OG0010173	1	1	1
OG0010176	1	1	1
OG0010184	1	1	1
OG0010186	1	1	1
OG0010190	1	1	1
OG0010205	1	1	1
OG0010207	1	1	1
OG0010211	1	1	1
OG0010213	1	1	1
OG0010221	1	1	1
OG0010222	1	1	1
OG0010225	1	1	1
OG0010229	1	1	1
OG0010236	1	1	1
OG0010243	1	1	1
OG0010247	1	1	1
OG0010250	1	1	1
OG0010251	1	1	1
OG0010254	1	1	1
OG0010255	1	1	1
OG0010259	1	1	1
OG0010265	1	1	1
OG0010272	1	1	1
OG0010278	1	1	1
OG0010285	1	1	1
OG0010292	1	1	1
OG0010293	1	1	1
OG0010294	1	1	1
OG0010296	1	1	1
OG0010299	1	1	1
OG0010301	1	1	1
OG0010307	1	1	1
OG0010310	1	0	15
OG0010314	1	1	1
OG0010315	1	1	1
OG0010321	1	1	1
OG0010325	1	0	2
OG0010331	1	1	1
OG0010334	1	1	1
OG0010344	1	1	1
OG0010348	1	1	1
OG0010353	1	1	1
OG0010358	1	1	1
OG0010364	1	1	1
OG0010371	1	1	1
OG0010372	1	1	1
OG0010373	1	1	1
OG0010374	1	1	1
OG0010382	1	1	1
OG0010387	1	1	1
OG0010389	1	1	1
OG0010395	1	1	1
OG0010396	1	1	1
OG0010398	1	1	1
OG0010402	1	1	1
OG0010406	1	1	1
OG0010421	1	1	1
OG0010422	1	1	1
OG0010423	1	1	1
OG0010424	1	1	1
OG0010425	1	1	1
OG0010427	1	1	1
OG0010442	1	1	1
OG0010446	1	1	1
OG0010448	1	1	1
OG0010449	1	1	1
OG0010450	1	1	1
OG0010453	1	1	1
OG0010456	1	1	1
OG0010460	1	1	1
OG0010463	1	1	1
OG0010466	1	1	1
OG0010468	1	1	1
OG0010469	1	1	1
OG0010470	1	1	1
OG0010472	1	1	1
OG0010473	1	1	1
OG0010475	1	1	1
OG0010477	1	1	1
OG0010481	1	1	1
OG0010487	1	1	1
OG0010492	1	1	1
OG0010499	1	1	1
OG0010506	1	1	1
OG0010507	1	1	1
OG0010510	1	1	1
OG0010513	1	1	1
OG0010521	1	1	1
OG0010528	1	1	1
OG0010530	1	1	1
OG0010536	1	1	1
OG0010537	1	1	1
OG0010541	1	1	1
OG0010542	1	1	1
OG0010543	1	1	1
OG0010548	1	1	1
OG0010549	1	1	1
OG0010559	1	1	1
OG0010565	1	1	1
OG0010594	1	1	1
OG0010599	1	1	1
OG0010600	1	1	1
OG0010602	1	1	1
OG0010606	1	1	1
OG0010616	1	1	1
OG0010619	1	1	1
OG0010621	1	1	1
OG0010622	1	1	1
OG0010623	1	1	1
OG0010624	1	1	1
OG0010625	1	1	1
OG0010628	1	1	1
OG0010629	1	1	1
OG0010632	1	1	1
OG0010640	1	1	1
OG0010646	1	1	1
OG0010648	1	1	1
OG0010649	1	1	1
OG0010651	1	1	1
OG0010653	1	1	1
OG0010654	1	1	1
OG0010655	1	1	1
OG0010658	1	1	1
OG0010660	1	1	1
OG0010665	1	1	1
OG0010672	1	1	1
OG0010673	1	1	1
OG0010675	1	1	1
OG0010676	1	1	1
OG0010679	1	1	1
OG0010686	1	1	1
OG0010696	1	0	2
OG0010699	1	0	2
OG0010709	1	1	1
OG0010713	1	1	1
OG0010715	1	1	1
OG0010717	1	1	1
OG0010720	1	1	1
OG0010721	1	1	1
OG0010722	1	1	1
OG0010723	1	1	1
OG0010724	1	1	1
OG0010730	1	1	1
OG0010731	1	1	1
OG0010732	1	1	1
OG0010733	1	1	1
OG0010735	1	1	1
OG0010738	1	1	1
OG0010739	1	1	1
OG0010750	1	1	1
OG0010756	1	1	1
OG0010761	1	1	1
OG0010766	1	1	1
OG0010767	1	1	1
OG0010780	1	1	1
OG0010784	1	1	1
OG0010785	1	1	1
OG0010792	1	1	1
OG0010796	1	1	1
OG0010797	1	1	1
OG0010798	1	1	1
OG0010799	1	1	1
OG0010800	1	1	1
OG0010801	1	1	1
OG0010809	1	1	1
OG0010813	1	1	1
OG0010816	1	1	1
OG0010817	1	1	1
OG0010820	1	1	1
OG0010830	1	1	1
OG0010835	1	1	1
OG0010841	1	1	1
OG0010848	1	1	1
OG0010852	1	1	1
OG0010853	1	1	1
OG0010856	1	1	1
OG0010857	1	1	1
OG0010863	2	0	1
OG0010864	1	1	1
OG0010867	1	1	1
OG0010870	1	1	1
OG0010872	1	1	1
OG0010873	1	1	1
OG0010874	1	1	1
OG0010876	1	1	1
OG0010877	1	1	1
OG0010879	1	1	1
OG0010882	1	1	1
OG0010883	1	1	1
OG0010884	1	1	1
OG0010886	1	1	1
OG0010889	1	1	1
OG0010896	1	1	1
OG0010898	1	1	1
OG0010899	1	1	1
OG0010905	1	1	1
OG0010907	1	1	1
OG0010908	1	1	1
OG0010921	1	1	1
OG0010922	1	1	1
OG0010923	1	1	1
OG0010924	1	1	1
OG0010926	1	1	1
OG0010932	1	1	1
OG0010940	1	1	1
OG0010944	1	1	1
OG0010947	1	1	1
OG0010954	1	1	1
OG0010955	1	1	1
OG0010957	1	1	1
OG0010962	1	1	1
OG0010964	1	1	1
OG0010965	1	1	1
OG0010966	1	1	1
OG0010970	1	1	1
OG0010975	1	1	1
OG0010981	1	1	1
OG0010985	1	1	1
OG0010989	1	1	1
OG0010992	1	1	1
OG0011003	1	1	1
OG0011007	1	1	1
OG0011009	1	1	1
OG0011010	1	1	1
OG0011018	1	1	1
OG0011033	1	1	1
OG0011035	1	1	1
OG0011039	1	1	1
OG0011041	1	1	1
OG0011042	1	1	1
OG0011048	2	0	1
OG0011053	1	1	1
OG0011057	1	1	1
OG0011063	1	1	1
OG0011067	1	1	1
OG0011069	1	1	1
OG0011075	1	1	1
OG0011084	1	1	1
OG0011098	1	1	1
OG0011100	1	1	1
OG0011101	1	1	1
OG0011106	1	1	1
OG0011108	1	1	1
OG0011109	1	1	1
OG0011115	1	1	1
OG0011116	1	1	1
OG0011119	1	1	1
OG0011127	1	1	1
OG0011128	1	1	1
OG0011131	1	1	1
OG0011137	1	1	1
OG0011141	1	1	1
OG0011149	1	1	1
OG0011153	1	1	1
OG0011156	1	1	1
OG0011158	1	1	1
OG0011159	1	1	1
OG0011161	1	1	1
OG0011164	1	1	1
OG0011167	1	1	1
OG0011168	1	1	1
OG0011172	1	1	1
OG0011179	1	1	1
OG0011180	1	1	1
OG0011182	1	1	1
OG0011188	1	1	1
OG0011197	1	1	1
OG0011198	1	1	1
OG0011199	1	1	1
OG0011200	1	1	1
OG0011201	1	1	1
OG0011202	1	1	1
OG0011205	1	1	1
OG0011210	1	1	1
OG0011215	1	1	1
OG0011216	1	1	1
OG0011220	1	1	1
OG0011224	1	1	1
OG0011228	1	1	1
OG0011229	1	1	1
OG0011230	1	1	1
OG0011233	1	1	1
OG0011241	1	1	1
OG0011242	1	1	1
OG0011243	1	1	1
OG0011244	1	1	1
OG0011247	1	1	1
OG0011253	1	1	1
OG0011254	1	1	1
OG0011257	1	1	1
OG0011262	1	1	1
OG0011263	1	1	1
OG0011264	1	1	1
OG0011266	1	1	1
OG0011272	1	1	1
OG0011279	1	1	1
OG0011281	1	1	1
OG0011290	1	1	1
OG0011293	1	1	1
OG0011294	1	1	1
OG0011303	1	1	1
OG0011322	1	1	1
OG0011325	1	1	1
OG0011326	1	1	1
OG0011334	1	1	1
OG0011338	1	1	1
OG0011344	1	1	1
OG0011350	1	1	1
OG0011361	1	1	1
OG0011362	1	1	1
OG0011365	1	1	1
OG0011368	1	1	1
OG0011369	1	1	1
OG0011370	1	1	1
OG0011371	1	1	1
OG0011374	1	1	1
OG0011375	1	1	1
OG0011377	1	1	1
OG0011387	1	1	1
OG0011388	1	1	1
OG0011389	1	1	1
OG0011391	1	1	1
OG0011399	1	1	1
OG0011401	1	1	1
OG0011402	1	1	1
OG0011410	1	1	1
OG0011415	1	1	1
OG0011419	1	1	1
OG0011432	1	1	1
OG0011441	1	1	1
OG0011442	1	1	1
OG0011443	1	1	1
OG0011447	1	1	1
OG0011454	1	1	1
OG0011462	1	1	1
OG0011469	1	1	1
OG0011474	1	1	1
OG0011475	1	1	1
OG0011480	1	1	1
OG0011481	1	1	1
OG0011483	1	1	1
OG0011484	1	1	1
OG0011489	1	1	1
OG0011490	1	1	1
OG0011492	1	1	1
OG0011499	1	1	1
OG0011500	1	1	1
OG0011501	1	1	1
OG0011504	1	1	1
OG0011505	1	1	1
OG0011506	1	1	1
OG0011507	1	1	1
OG0011513	1	1	1
OG0011519	1	1	1
OG0011520	1	1	1
OG0011526	1	1	1
OG0011528	1	1	1
OG0011536	1	1	1
OG0011537	1	1	1
OG0011538	1	1	1
OG0011540	1	1	1
OG0011541	1	1	1
OG0011543	1	1	1
OG0011547	1	1	1
OG0011549	1	1	1
OG0011555	1	1	1
OG0011561	1	1	1
OG0011565	1	1	1
OG0011571	1	1	1
OG0011574	1	1	1
OG0011576	1	1	1
OG0011583	1	1	1
OG0011585	1	1	1
OG0011588	1	1	1
OG0011595	1	1	1
OG0011596	1	1	1
OG0011599	1	1	1
OG0011603	1	1	1
OG0011606	1	1	1
OG0011616	1	1	1
OG0011617	1	1	1
OG0011624	1	1	1
OG0011625	1	1	1
OG0011626	1	1	1
OG0011628	1	1	1
OG0011630	1	1	1
OG0011636	1	1	1
OG0011637	1	1	1
OG0011642	1	1	1
OG0011649	1	1	1
OG0011652	1	1	1
OG0011654	1	1	1
OG0011662	1	1	1
OG0011665	1	1	1
OG0011669	1	1	1
OG0011670	1	1	1
OG0011672	1	1	1
OG0011674	1	1	1
OG0011676	1	1	1
OG0011687	1	1	1
OG0011688	1	1	1
OG0011691	1	1	1
OG0011694	1	1	1
OG0011696	1	1	1
OG0011697	1	1	1
OG0011698	1	1	1
OG0011699	1	1	1
OG0011703	1	1	1
OG0011707	1	1	1
OG0011709	1	1	1
OG0011711	1	1	1
OG0011715	1	1	1
OG0011722	1	1	1
OG0011726	1	1	1
OG0011727	1	1	1
OG0011730	1	1	1
OG0011731	1	0	3
OG0011733	1	1	1
OG0011737	2	0	1
OG0011739	1	1	1
OG0011743	1	1	1
OG0011745	1	1	1
OG0011752	1	1	1
OG0011754	1	1	1
OG0011755	1	1	1
OG0011761	1	1	1
OG0011764	1	1	1
OG0011765	1	1	1
OG0011769	1	1	1
OG0011771	1	1	1
OG0011774	1	1	1
OG0011779	1	1	1
OG0011783	1	1	1
OG0011785	1	1	1
OG0011786	1	1	1
OG0011787	1	1	1
OG0011788	1	1	1
OG0011795	1	1	1
OG0011803	1	1	1
OG0011809	1	1	1
OG0011815	1	1	1
OG0011826	1	1	1
OG0011831	1	1	1
OG0011839	1	1	1
OG0011843	1	1	1
OG0011849	1	1	1
OG0011850	1	1	1
OG0011851	1	1	1
OG0011858	1	1	1
OG0011862	1	1	1
OG0011864	1	1	1
OG0011866	1	1	1
OG0011867	1	0	2
OG0011870	1	1	1
OG0011874	1	1	1
OG0011879	1	1	1
OG0011883	1	1	1
OG0011886	1	1	1
OG0011887	1	1	1
OG0011891	1	1	1
OG0011894	1	1	1
OG0011897	1	1	1
OG0011902	1	1	1
OG0011908	1	1	1
OG0011910	1	1	1
OG0011912	1	1	1
OG0011915	1	1	1
OG0011917	1	1	1
OG0011920	1	1	1
OG0011922	1	1	1
OG0011924	1	1	1
OG0011926	1	1	1
OG0011927	1	1	1
OG0011928	1	1	1
OG0011929	1	1	1
OG0011932	1	1	1
OG0011935	1	1	1
OG0011937	1	1	1
OG0011938	1	1	1
OG0011945	1	1	1
OG0011947	1	1	1
OG0011957	1	1	1
OG0011959	1	1	1
OG0011960	1	1	1
OG0011967	1	1	1
OG0011969	1	1	1
OG0011972	1	1	1
OG0011973	1	1	1
OG0011974	1	1	1
OG0011981	1	1	1
OG0011982	1	1	1
OG0011985	1	1	1
OG0011991	1	1	1
OG0011992	1	1	1
OG0011996	1	1	1
OG0012002	1	1	1
OG0012008	1	1	1
OG0012014	1	1	1
OG0012015	1	1	1
OG0012019	1	1	1
OG0012024	1	1	1
OG0012027	1	1	1
OG0012031	1	1	1
OG0012035	1	1	1
OG0012036	1	1	1
OG0012038	1	1	1
OG0012040	1	1	1
OG0012044	1	1	1
OG0012045	1	1	1
OG0012046	1	1	1
OG0012047	1	1	1
OG0012048	1	1	1
OG0012056	1	1	1
OG0012065	1	1	1
OG0012072	1	1	1
OG0012077	1	1	1
OG0012081	1	1	1
OG0012086	1	1	1
OG0012092	1	1	1
OG0012093	1	1	1
OG0012098	1	1	1
OG0012102	1	1	1
OG0012108	1	1	1
OG0012109	1	1	1
OG0012113	1	1	1
OG0012115	1	1	1
OG0012116	1	1	1
OG0012120	1	1	1
OG0012121	1	1	1
OG0012129	1	1	1
OG0012132	1	1	1
OG0012137	1	1	1
OG0012138	1	1	1
OG0012144	1	1	1
OG0012145	1	1	1
OG0012150	1	1	1
OG0012154	1	1	1
OG0012157	1	1	1
OG0012159	1	1	1
OG0012160	1	1	1
OG0012164	1	1	1
OG0012165	1	1	1
OG0012166	1	1	1
OG0012167	1	1	1
OG0012178	1	1	1
OG0012183	1	1	1
OG0012184	1	1	1
OG0012189	1	1	1
OG0012193	1	0	2
OG0012196	1	1	1
OG0012201	1	0	2
OG0012207	1	1	1
OG0012210	1	1	1
OG0012211	1	1	1
OG0012213	1	1	1
OG0012214	1	1	1
OG0012224	1	1	1
OG0012225	1	1	1
OG0012232	1	1	1
OG0012236	1	1	1
OG0012237	1	1	1
OG0012238	1	1	1
OG0012240	1	1	1
OG0012243	1	1	1
OG0012249	1	1	1
OG0012251	1	1	1
OG0012252	1	1	1
OG0012254	1	1	1
OG0012256	1	1	1
OG0012263	1	1	1
OG0012266	1	1	1
OG0012269	1	1	1
OG0012272	1	1	1
OG0012275	1	1	1
OG0012282	1	1	1
OG0012289	1	1	1
OG0012290	1	1	1
OG0012295	1	1	1
OG0012296	1	1	1
OG0012301	1	1	1
OG0012313	1	1	1
OG0012314	1	1	1
OG0012315	1	1	1
OG0012321	1	1	1
OG0012322	1	1	1
OG0012325	1	1	1
OG0012328	1	1	1
OG0012330	1	0	2
OG0012332	1	1	1
OG0012334	1	1	1
OG0012340	1	1	1
OG0012349	1	1	1
OG0012352	1	1	1
OG0012355	1	1	1
OG0012363	1	1	1
OG0012371	1	1	1
OG0012372	1	1	1
OG0012375	1	1	1
OG0012379	1	1	1
OG0012384	1	1	1
OG0012385	1	1	1
OG0012387	1	1	1
OG0012389	1	1	1
OG0012391	1	1	1
OG0012394	1	1	1
OG0012398	1	1	1
OG0012399	1	1	1
OG0012407	1	1	1
OG0012409	1	1	1
OG0012414	1	1	1
OG0012418	1	1	1
OG0012422	1	1	1
OG0012424	1	1	1
OG0012425	1	1	1
OG0012430	1	1	1
OG0012434	1	1	1
OG0012439	1	1	1
OG0012440	1	1	1
OG0012441	1	1	1
OG0012443	1	1	1
OG0012454	1	0	1
OG0012455	1	1	1
OG0012459	1	1	1
OG0012479	1	1	1
OG0012480	1	1	1
OG0012481	1	1	1
OG0012484	1	1	1
OG0012487	1	1	1
OG0012491	1	1	1
OG0012493	1	1	1
OG0012498	1	1	1
OG0012499	1	1	1
OG0012504	1	1	1
OG0012508	1	1	1
OG0012520	1	1	1
OG0012529	1	1	1
OG0012530	1	1	1
OG0012535	1	1	1
OG0012536	1	1	1
OG0012538	1	1	1
OG0012539	1	1	1
OG0012541	1	1	1
OG0012546	1	1	1
OG0012549	1	1	1
OG0012552	1	1	1
OG0012553	1	1	1
OG0012555	1	1	1
OG0012562	1	1	1
OG0012573	1	1	1
OG0012575	1	1	1
OG0012582	1	1	1
OG0012593	1	1	1
OG0012598	1	1	1
OG0012618	1	1	1
OG0012622	1	1	1
OG0012623	1	1	1
OG0012628	1	1	1
OG0012630	1	1	1
OG0012633	1	1	1
OG0012635	1	1	1
OG0012636	1	1	1
OG0012642	1	1	1
OG0012644	1	1	1
OG0012645	1	1	1
OG0012651	1	1	1
OG0012655	1	1	1
OG0012657	1	1	1
OG0012659	1	1	1
OG0012666	1	1	1
OG0012667	1	1	1
OG0012673	1	1	1
OG0012677	1	1	1
OG0012679	1	1	1
OG0012686	1	1	1
OG0012688	1	1	1
OG0012690	2	0	1
OG0012695	1	1	1
OG0012703	1	1	1
OG0012709	1	1	1
OG0012713	1	1	1
OG0012714	1	1	1
OG0012721	1	1	1
OG0012724	1	1	1
OG0012726	1	1	1
OG0012732	1	1	1
OG0012735	1	1	1
OG0012736	1	1	1
OG0012737	1	1	1
OG0012740	1	1	1
OG0012741	1	1	1
OG0012744	1	1	1
OG0012746	1	1	1
OG0012753	1	1	1
OG0012756	1	1	1
OG0012757	1	1	1
OG0012761	1	1	1
OG0012762	1	1	1
OG0012771	1	1	1
OG0012772	1	1	1
OG0012777	1	1	1
OG0012778	1	1	1
OG0012782	1	1	1
OG0012784	1	1	1
OG0012788	1	1	1
OG0012789	1	1	1
OG0012798	1	1	1
OG0012801	1	1	1
OG0012803	1	1	1
OG0012810	1	1	1
OG0012811	1	1	1
OG0012817	1	1	1
OG0012818	1	1	1
OG0012819	1	1	1
OG0012829	1	1	1
OG0012831	1	1	1
OG0012832	1	1	1
OG0012837	1	1	1
OG0012840	1	1	1
OG0012841	1	1	1
OG0012842	1	1	1
OG0012848	1	1	1
OG0012850	1	1	1
OG0012851	1	1	1
OG0012852	1	1	1
OG0012855	1	1	1
OG0012858	1	1	1
OG0012862	1	1	1
OG0012865	1	1	1
OG0012869	1	1	1
OG0012870	1	1	1
OG0012872	1	1	1
OG0012873	1	1	1
OG0012875	1	1	1
OG0012878	1	1	1
OG0012882	1	1	1
OG0012883	1	1	1
OG0012885	1	1	1
OG0012890	1	1	1
OG0012891	1	1	1
OG0012897	1	1	1
OG0012898	1	1	1
OG0012899	2	0	1
OG0012900	1	1	1
OG0012904	1	1	1
OG0012906	1	1	1
OG0012912	1	1	1
OG0012920	1	1	1
OG0012922	1	1	1
OG0012924	1	1	1
OG0012928	1	1	1
OG0012931	1	1	1
OG0012935	1	1	1
OG0012936	1	1	1
OG0012940	1	1	1
OG0012942	1	1	1
OG0012943	1	1	1
OG0012947	1	1	1
OG0012948	1	1	1
OG0012960	1	1	1
OG0012961	1	1	1
OG0012963	1	1	1
OG0012969	1	1	1
OG0012978	1	1	1
OG0012983	1	1	1
OG0012985	1	1	1
OG0012987	1	1	1
OG0013000	1	1	1
OG0013001	1	1	1
OG0013004	1	1	1
OG0013006	1	1	1
OG0013008	1	1	1
OG0013017	1	1	1
OG0013019	2	0	1
OG0013025	1	1	1
OG0013026	1	1	1
OG0013033	1	1	1
OG0013036	1	1	1
OG0013044	1	1	1
OG0013046	1	1	1
OG0013054	1	1	1
OG0013056	1	1	1
OG0013060	1	1	1
OG0013067	1	1	1
OG0013068	1	1	1
OG0013071	1	1	1
OG0013079	1	1	1
OG0013083	1	1	1
OG0013088	1	1	1
OG0013095	1	1	1
OG0013097	1	1	1
OG0013099	1	1	1
OG0013101	1	1	1
OG0013102	1	1	1
OG0013106	1	1	1
OG0013110	1	1	1
OG0013116	1	1	1
OG0013125	1	1	1
OG0013129	1	1	1
OG0013130	1	1	1
OG0013131	1	1	1
OG0013133	1	1	1
OG0013134	1	1	1
OG0013138	1	1	1
OG0013139	1	1	1
OG0013140	1	1	1
OG0013141	1	1	1
OG0013142	1	1	1
OG0013146	1	1	1
OG0013157	1	1	1
OG0013162	1	1	1
OG0013166	1	1	1
OG0013167	1	1	1
OG0013168	1	1	1
OG0013170	1	1	1
OG0013173	1	1	1
OG0013175	1	1	1
OG0013177	1	1	1
OG0013182	1	1	1
OG0013183	1	1	1
OG0013184	1	1	1
OG0013185	2	0	1
OG0013188	1	1	1
OG0013189	1	1	1
OG0013195	1	1	1
OG0013201	1	1	1
OG0013213	1	1	1
OG0013215	1	1	1
OG0013223	1	1	1
OG0013229	1	1	1
OG0013231	1	1	1
OG0013232	1	1	1
OG0013233	1	1	1
OG0013235	1	1	1
OG0013239	1	1	1
OG0013240	1	1	1
OG0013252	1	1	1
OG0013257	1	1	1
OG0013258	1	1	1
OG0013260	1	1	1
OG0013262	1	1	1
OG0013263	1	1	1
OG0013265	1	1	1
OG0013268	1	1	1
OG0013269	1	1	1
OG0013286	1	1	1
OG0013287	1	1	1
OG0013289	1	1	1
OG0013293	1	1	1
OG0013295	1	1	1
OG0013296	1	1	1
OG0013297	1	1	1
OG0013304	1	1	1
OG0013306	1	1	1
OG0013313	1	1	1
OG0013319	1	0	2
OG0013322	1	1	1
OG0013324	1	1	1
OG0013325	2	0	1
OG0013328	1	1	1
OG0013329	1	1	1
OG0013331	1	1	1
OG0013332	1	1	1
OG0013333	1	1	1
OG0013335	1	1	1
OG0013339	1	1	1
OG0013341	1	1	1
OG0013349	1	1	1
OG0013350	1	1	1
OG0013355	1	1	1
OG0013358	1	1	1
OG0013366	1	1	1
OG0013367	1	1	1
OG0013375	1	1	1
OG0013379	1	0	3
OG0013384	1	1	1
OG0013385	1	1	1
OG0013386	1	1	1
OG0013387	1	1	1
OG0013389	1	1	1
OG0013393	1	1	1
OG0013397	1	1	1
OG0013398	1	1	1
OG0013402	1	1	1
OG0013406	1	1	1
OG0013408	1	1	1
OG0013409	1	1	1
OG0013413	1	1	1
OG0013414	1	1	1
OG0013415	1	1	1
OG0013417	1	1	1
OG0013420	1	1	1
OG0013422	1	1	1
OG0013428	1	0	2
OG0013429	1	1	1
OG0013433	1	1	1
OG0013446	1	1	1
OG0013447	1	1	1
OG0013454	1	1	1
OG0013456	1	1	1
OG0013459	1	1	1
OG0013462	1	1	1
OG0013463	1	1	1
OG0013464	1	1	1
OG0013466	1	1	1
OG0013467	1	1	1
OG0013470	1	1	1
OG0013484	1	1	1
OG0013485	1	1	1
OG0013488	1	1	1
OG0013494	1	1	1
OG0013495	1	1	1
OG0013496	1	1	1
OG0013501	1	0	2
OG0013503	1	1	1
OG0013504	1	1	1
OG0013505	2	0	1
OG0013506	1	1	1
OG0013531	1	1	1
OG0013533	1	1	1
OG0013534	1	1	1
OG0013537	1	1	1
OG0013539	1	1	1
OG0013542	1	1	1
OG0013545	1	1	1
OG0013546	1	1	1
OG0013548	1	1	1
OG0013555	1	1	1
OG0013565	1	1	1
OG0013566	1	1	1
OG0013567	1	1	1
OG0013568	1	1	1
OG0013570	1	1	1
OG0013575	1	1	1
OG0013587	1	1	1
OG0013589	1	1	1
OG0013590	2	0	1
OG0013595	1	1	1
OG0013601	1	1	1
OG0013609	1	1	1
OG0013610	1	1	1
OG0013611	1	1	1
OG0013619	1	1	1
OG0013620	1	1	1
OG0013628	1	1	1
OG0013631	1	1	1
OG0013641	1	1	1
OG0013643	1	1	1
OG0013644	1	1	1
OG0013651	1	1	1
OG0013658	1	1	1
OG0013660	1	1	1
OG0013663	1	1	1
OG0013664	1	1	1
OG0013665	1	1	1
OG0013674	1	1	1
OG0013675	1	1	1
OG0013676	1	1	1
OG0013677	1	1	1
OG0013680	1	1	1
OG0013688	1	1	1
OG0013691	1	1	1
OG0013694	1	1	1
OG0013696	1	1	1
OG0013698	1	1	1
OG0013700	1	1	1
OG0013703	1	1	1
OG0013706	1	1	1
OG0013708	1	1	1
OG0013710	1	1	1
OG0013711	1	1	1
OG0013717	1	1	1
OG0013719	1	1	1
OG0013720	1	1	1
OG0013727	1	1	1
OG0013728	1	1	1
OG0013731	1	1	1
OG0013735	1	1	1
OG0013738	1	1	1
OG0013742	1	1	1
OG0013748	1	1	1
OG0013749	1	1	1
OG0013750	1	1	1
OG0013751	1	1	1
OG0013752	1	1	1
OG0013761	2	0	1
OG0013762	1	1	1
OG0013767	1	1	1
OG0013768	1	1	1
OG0013769	1	1	1
OG0013770	1	1	1
OG0013775	1	1	1
OG0013776	1	1	1
OG0013777	1	1	1
OG0013778	1	1	1
OG0013781	1	1	1
OG0013783	1	1	1
OG0013787	1	1	1
OG0013790	1	1	1
OG0013796	1	1	1
OG0013799	1	1	1
OG0013803	1	1	1
OG0013815	1	1	1
OG0013818	1	1	1
OG0013831	1	1	1
OG0013833	1	1	1
OG0013834	1	1	1
OG0013838	1	1	1
OG0013839	1	1	1
OG0013843	1	1	1
OG0013847	1	1	1
OG0013860	1	1	1
OG0013862	1	1	1
OG0013864	1	1	1
OG0013867	1	1	1
OG0013870	1	0	2
OG0013872	1	1	1
OG0013874	1	1	1
OG0013878	1	1	1
OG0013882	1	1	1
OG0013883	1	1	1
OG0013884	1	1	1
OG0013887	1	0	2
OG0013891	1	1	1
OG0013893	1	1	1
OG0013895	1	1	1
OG0013897	1	1	1
OG0013900	1	1	1
OG0013901	1	1	1
OG0013907	1	1	1
OG0013909	1	1	1
OG0013920	1	1	1
OG0013924	1	1	1
OG0013926	1	1	1
OG0013928	1	1	1
OG0013930	1	1	1
OG0013936	1	1	1
OG0013940	1	1	1
OG0013944	1	1	1
OG0013946	1	1	1
OG0013950	1	1	1
OG0013957	1	1	1
OG0013965	1	1	1
OG0013967	1	1	1
OG0013970	1	1	1
OG0013974	1	1	1
OG0013976	1	1	1
OG0013978	1	1	1
OG0013979	1	1	1
OG0013980	1	1	1
OG0013982	1	1	1
OG0013984	1	1	1
OG0013988	1	1	1
OG0013989	1	1	1
OG0013992	1	1	1
OG0013994	1	1	1
OG0013995	1	1	1
OG0014003	1	1	1
OG0014007	1	1	1
OG0014010	1	1	1
OG0014012	1	1	1
OG0014016	1	1	1
OG0014022	1	1	1
OG0014028	1	1	1
OG0014032	1	1	1
OG0014038	1	1	1
OG0014041	1	1	1
OG0014059	1	1	1
OG0014065	1	1	1
OG0014069	1	1	1
OG0014070	1	1	1
OG0014073	1	1	1
OG0014077	1	1	1
OG0014078	1	1	1
OG0014082	1	1	1
OG0014084	1	1	1
OG0014087	1	1	1
OG0014096	1	1	1
OG0014097	1	1	1
OG0014101	1	1	1
OG0014105	1	1	1
OG0014107	1	1	1
OG0014110	1	1	1
OG0014113	1	1	1
OG0014114	1	1	1
OG0014118	1	1	1
OG0014125	1	1	1
OG0014130	1	1	1
OG0014131	1	1	1
OG0014136	1	1	1
OG0014137	1	1	1
OG0014146	1	1	1
OG0014148	1	1	1
OG0014150	1	1	1
OG0014154	1	1	1
OG0014155	1	1	1
OG0014164	1	1	1
OG0014165	1	1	1
OG0014166	1	1	1
OG0014179	1	1	1
OG0014180	1	1	1
OG0014183	1	1	1
OG0014186	1	1	1
OG0014189	1	1	1
OG0014190	1	1	1
OG0014197	1	1	1
OG0014198	1	1	1
OG0014199	1	1	1
OG0014207	1	1	1
OG0014208	1	1	1
OG0014210	1	1	1
OG0014223	1	1	1
OG0014224	1	0	2
OG0014235	1	1	1
OG0014238	1	1	1
OG0014241	1	1	1
OG0014264	1	1	1
OG0014268	1	1	1
OG0014272	1	1	1
OG0014281	1	1	1
OG0014285	1	1	1
OG0014288	1	1	1
OG0014291	1	1	1
OG0014294	1	1	1
OG0014298	1	1	1
OG0014300	1	1	1
OG0014304	1	1	1
OG0014306	1	1	1
OG0014309	1	1	1
OG0014310	1	1	1
OG0014314	1	1	1
OG0014317	2	0	1
OG0014321	1	1	1
OG0014322	1	1	1
OG0014325	1	1	1
OG0014337	1	1	1
OG0014339	1	1	1
OG0014341	1	1	1
OG0014342	1	1	1
OG0014344	1	1	1
OG0014345	1	1	1
OG0014350	1	1	1
OG0014353	1	1	1
OG0014363	1	1	1
OG0014367	1	1	1
OG0014368	1	1	1
OG0014371	2	0	1
OG0014373	1	1	1
OG0014377	1	1	1
OG0014383	1	1	1
OG0014387	1	1	1
OG0014388	1	1	1
OG0014393	1	1	1
OG0014395	1	1	1
OG0014406	1	1	1
OG0014408	1	1	1
OG0014414	1	1	1
OG0014415	1	1	1
OG0014424	1	1	1
OG0014432	1	1	1
OG0014433	1	1	1
OG0014434	1	1	1
OG0014439	1	1	1
OG0014445	1	1	1
OG0014446	1	1	1
OG0014448	1	1	1
OG0014449	1	1	1
OG0014451	1	1	1
OG0014453	1	1	1
OG0014454	1	1	1
OG0014456	1	1	1
OG0014459	1	1	1
OG0014460	1	1	1
OG0014461	1	1	1
OG0014464	1	1	1
OG0014471	1	1	1
OG0014473	1	1	1
OG0014476	1	1	1
OG0014481	1	1	1
OG0014483	1	1	1
OG0014495	1	1	1
OG0014498	1	1	1
OG0014507	1	1	1
OG0014511	1	1	1
OG0014513	1	1	1
OG0014517	1	1	1
OG0014521	1	0	1
OG0014523	1	1	1
OG0014524	1	1	1
OG0014525	1	1	1
OG0014528	1	1	1
OG0014530	1	1	1
OG0014531	1	1	1
OG0014532	1	1	1
OG0014536	1	1	1
OG0014540	1	1	1
OG0014541	2	0	1
OG0014545	1	1	1
OG0014548	1	1	1
OG0014554	1	1	1
OG0014561	1	1	1
OG0014568	1	1	1
OG0014571	1	1	1
OG0014573	1	1	1
OG0014574	1	1	1
OG0014575	1	1	1
OG0014576	1	1	1
OG0014584	1	1	1
OG0014587	1	1	1
OG0014589	1	1	1
OG0014592	1	1	1
OG0014598	1	1	1
OG0014607	1	1	1
OG0014608	1	1	1
OG0014609	1	1	1
OG0014612	1	1	1
OG0014630	1	1	1
OG0014633	1	1	1
OG0014636	1	1	1
OG0014642	1	1	1
OG0014645	1	1	1
OG0014646	1	1	1
OG0014647	1	1	1
OG0014648	1	1	1
OG0014655	1	1	1
OG0014656	1	1	1
OG0014658	1	1	1
OG0014659	1	1	1
OG0014671	1	1	1
OG0014675	1	1	1
OG0014682	1	1	1
OG0014684	1	1	1
OG0014685	1	1	1
OG0014690	1	1	1
OG0014692	1	1	1
OG0014694	1	1	1
OG0014699	1	1	1
OG0014700	1	1	1
OG0014717	1	1	1
OG0014724	1	1	1
OG0014726	1	1	1
OG0014730	1	1	1
OG0014732	1	1	1
OG0014736	1	1	1
OG0014742	1	1	1
OG0014749	1	1	1
OG0014750	1	1	1
OG0014754	1	1	1
OG0014759	1	1	1
OG0014760	1	1	1
OG0014761	1	1	1
OG0014762	1	1	1
OG0014764	1	1	1
OG0014769	1	1	1
OG0014770	1	1	1
OG0014778	1	1	1
OG0014780	1	1	1
OG0014783	1	1	1
OG0014789	1	1	1
OG0014791	1	1	1
OG0014793	1	1	1
OG0014794	1	1	1
OG0014795	1	1	1
OG0014800	1	1	1
OG0014802	1	1	1
OG0014803	1	1	1
OG0014806	1	1	1
OG0014813	1	1	1
OG0014820	2	0	1
OG0014822	1	1	1
OG0014827	1	1	1
OG0014830	1	1	1
OG0014832	1	1	1
OG0014833	1	1	1
OG0014835	1	1	1
OG0014841	1	1	1
OG0014842	1	1	1
OG0014843	1	1	1
OG0014845	1	1	1
OG0014849	1	1	1
OG0014853	1	1	1
OG0014855	1	1	1
OG0014857	1	1	1
OG0014858	1	1	1
OG0014859	1	1	1
OG0014860	1	0	1
OG0014861	1	1	1
OG0014867	1	1	1
OG0014870	1	1	1
OG0014876	1	1	1
OG0014885	1	1	1
OG0014888	1	1	1
OG0014889	1	1	1
OG0014893	1	1	1
OG0014894	1	1	1
OG0014895	1	1	1
OG0014896	1	1	1
OG0014897	1	1	1
OG0014898	1	1	1
OG0014902	1	1	1
OG0014909	1	1	1
OG0014911	1	1	1
OG0014914	1	1	1
OG0014915	1	1	1
OG0014916	1	1	1
OG0014918	1	1	1
OG0014919	1	1	1
OG0014931	1	1	1
OG0014933	1	1	1
OG0014937	1	1	1
OG0014942	1	1	1
OG0014944	1	1	1
OG0014948	1	1	1
OG0014952	1	1	1
OG0014961	1	1	1
OG0014968	1	1	1
OG0014971	1	1	1
OG0014972	2	0	1
OG0014973	1	1	1
OG0014974	1	1	1
OG0014975	1	1	1
OG0014976	1	1	1
OG0014977	1	1	1
OG0014979	1	1	1
OG0014985	1	1	1
OG0014992	1	1	1
OG0015018	1	1	1
OG0015021	1	1	1
OG0015024	1	1	1
OG0015025	1	1	1
OG0015028	1	1	1
OG0015035	1	1	1
OG0015043	1	1	1
OG0015044	1	1	1
OG0015049	1	1	1
OG0015052	1	1	1
OG0015054	1	1	1
OG0015056	1	1	1
OG0015059	1	1	1
OG0015061	1	1	1
OG0015067	1	1	1
OG0015070	1	1	1
OG0015071	1	1	1
OG0015074	1	1	1
OG0015075	1	1	1
OG0015077	1	1	1
OG0015078	1	1	1
OG0015080	1	1	1
OG0015083	1	1	1
OG0015085	1	1	1
OG0015089	1	1	1
OG0015092	1	1	1
OG0015095	1	1	1
OG0015096	1	1	1
OG0015099	1	1	1
OG0015100	1	1	1
OG0015102	1	1	1
OG0015103	1	1	1
OG0015109	1	1	1
OG0015110	1	1	1
OG0015112	1	1	1
OG0015113	1	1	1
OG0015121	1	1	1
OG0015122	1	1	1
OG0015124	1	1	1
OG0015125	1	1	1
OG0015131	1	1	1
OG0015132	1	1	1
OG0015133	1	1	1
OG0015137	1	1	1
OG0015141	1	1	1
OG0015142	1	1	1
OG0015147	1	1	1
OG0015153	1	1	1
OG0015156	1	1	1
OG0015159	1	1	1
OG0015162	1	1	1
OG0015163	1	1	1
OG0015166	1	1	1
OG0015170	1	1	1
OG0015173	1	1	1
OG0015179	1	1	1
OG0015187	1	1	1
OG0015194	1	1	1
OG0015197	1	1	1
OG0015198	1	1	1
OG0015199	1	1	1
OG0015200	1	1	1
OG0015201	1	1	1
OG0015205	1	1	1
OG0015207	1	1	1
OG0015211	1	1	1
OG0015212	1	1	1
OG0015213	1	1	1
OG0015215	1	1	1
OG0015218	1	0	2
OG0015219	1	1	1
OG0015223	1	1	1
OG0015228	1	1	1
OG0015229	1	1	1
OG0015232	1	1	1
OG0015234	1	1	1
OG0015238	1	1	1
OG0015243	1	1	1
OG0015247	1	1	1
OG0015248	1	1	1
OG0015261	1	1	1
OG0015263	1	1	1
OG0015267	1	1	1
OG0015272	1	1	1
OG0015274	1	1	1
OG0015279	1	1	1
OG0015284	1	1	1
OG0015290	1	1	1
OG0015291	1	1	1
OG0015292	1	1	1
OG0015294	1	1	1
OG0015296	1	1	1
OG0015298	1	1	1
OG0015300	1	1	1
OG0015304	1	1	1
OG0015305	1	1	1
OG0015311	1	1	1
OG0015313	1	1	1
OG0015315	1	1	1
OG0015316	1	1	1
OG0015319	1	1	1
OG0015320	1	1	1
OG0015321	1	1	1
OG0015325	1	1	1
OG0015326	1	1	1
OG0015327	1	1	1
OG0015329	1	1	1
OG0015338	1	1	1
OG0015339	1	1	1
OG0015340	1	1	1
OG0015341	1	1	1
OG0015344	1	1	1
OG0015347	1	1	1
OG0015353	1	1	1
OG0015360	1	1	1
OG0015363	1	1	1
OG0015367	1	1	1
OG0015371	1	1	1
OG0015372	1	1	1
OG0015378	1	1	1
OG0015380	1	1	1
OG0015383	1	1	1
OG0015384	1	1	1
OG0015386	1	1	1
OG0015394	1	1	1
OG0015401	1	1	1
OG0015404	1	1	1
OG0015406	1	1	1
OG0015409	1	1	1
OG0015410	1	1	1
OG0015418	1	1	1
OG0015426	1	1	1
OG0015427	1	1	1
OG0015429	1	1	1
OG0015431	1	1	1
OG0015436	1	1	1
OG0015438	1	1	1
OG0015448	1	1	1
OG0015449	1	1	1
OG0015453	1	1	1
OG0015457	1	1	1
OG0015467	1	0	1
OG0015468	1	1	1
OG0015475	1	1	1
OG0015477	1	1	1
OG0015480	1	1	1
OG0015490	1	1	1
OG0015492	1	1	1
OG0015499	1	1	1
OG0015501	1	1	1
OG0015503	1	1	1
OG0015507	1	1	1
OG0015522	1	1	1
OG0015523	1	1	1
OG0015527	1	1	1
OG0015529	1	1	1
OG0015543	1	1	1
OG0015548	1	1	1
OG0015549	1	1	1
OG0015554	1	1	1
OG0015556	1	1	1
OG0015559	1	1	1
OG0015566	1	1	1
OG0015571	1	1	1
OG0015573	1	1	1
OG0015574	1	1	1
OG0015576	1	1	1
OG0015582	1	1	1
OG0015585	1	1	1
OG0015588	1	1	1
OG0015589	1	1	1
OG0015594	1	1	1
OG0015599	1	1	1
OG0015601	1	1	1
OG0015604	1	1	1
OG0015607	1	1	1
OG0015608	1	1	1
OG0015609	1	1	1
OG0015611	1	1	1
OG0015613	1	1	1
OG0015616	1	1	1
OG0015618	1	1	1
OG0015619	1	1	1
OG0015620	1	1	1
OG0015630	1	1	1
OG0015634	1	1	1
OG0015638	1	1	1
OG0015641	1	1	1
OG0015643	1	1	1
OG0015644	1	1	1
OG0015647	1	1	1
OG0015649	1	1	1
OG0015658	1	1	1
OG0015661	1	1	1
OG0015664	1	1	1
OG0015666	1	1	1
OG0015667	1	1	1
OG0015669	1	1	1
OG0015670	1	1	1
OG0015671	1	1	1
OG0015672	1	1	1
OG0015673	1	1	1
OG0015674	1	1	1
OG0015683	1	1	1
OG0015686	1	1	1
OG0015688	1	1	1
OG0015690	1	1	1
OG0015699	1	1	1
OG0015700	1	1	1
OG0015701	1	1	1
OG0015702	1	1	1
OG0015710	1	1	1
OG0015714	1	1	1
OG0015716	1	1	1
OG0015719	1	1	1
OG0015721	1	1	1
OG0015726	1	1	1
OG0015731	1	1	1
OG0015733	1	1	1
OG0015735	1	1	1
OG0015745	1	1	1
OG0015748	1	1	1
OG0015752	1	1	1
OG0015753	1	1	1
OG0015760	1	1	1
OG0015764	1	1	1
OG0015767	1	1	1
OG0015772	1	1	1
OG0015782	1	1	1
OG0015783	1	1	1
OG0015789	1	1	1
OG0015790	1	1	1
OG0015791	1	1	1
OG0015795	1	1	1
OG0015796	1	1	1
OG0015797	1	1	1
OG0015799	1	1	1
OG0015800	1	1	1
OG0015806	1	1	1
OG0015812	1	1	1
OG0015815	1	1	1
OG0015822	1	1	1
OG0015827	1	1	1
OG0015836	1	1	1
OG0015842	1	1	1
OG0015848	1	1	1
OG0015859	1	1	1
OG0015861	1	1	1
OG0015871	1	1	1
OG0015876	1	1	1
OG0015877	1	1	1
OG0015882	1	1	1
OG0015884	1	1	1
OG0015885	1	1	1
OG0015890	1	1	1
OG0015895	1	1	1
OG0015898	1	1	1
OG0015899	1	1	1
OG0015900	1	1	1
OG0015903	1	1	1
OG0015904	1	1	1
OG0015905	1	1	1
OG0015910	1	1	1
OG0015912	1	1	1
OG0015914	1	1	1
OG0015917	1	1	1
OG0015919	1	1	1
OG0015922	1	1	1
OG0015923	1	1	1
OG0015928	1	1	1
OG0015929	1	1	1
OG0015932	1	1	1
OG0015934	1	1	1
OG0015937	1	1	1
OG0015939	1	1	1
OG0015945	1	1	1
OG0015946	1	1	1
OG0015947	1	1	1
OG0015949	1	1	1
OG0015951	1	1	1
OG0015955	1	1	1
OG0015956	1	1	1
OG0015966	1	1	1
OG0015967	1	1	1
OG0015968	1	1	1
OG0015972	1	1	1
OG0015974	1	1	1
OG0015975	1	1	1
OG0015980	1	1	1
OG0015981	1	1	1
OG0015989	1	1	1
OG0015996	1	1	1
OG0015998	1	1	1
OG0015999	1	1	1
OG0016000	1	1	1
OG0016001	1	1	1
OG0016002	1	1	1
OG0016003	1	1	1
OG0016008	1	1	1
OG0016010	1	1	1
OG0016013	1	1	1
OG0016020	1	1	1
OG0016021	1	1	1
OG0016022	1	1	1
OG0016023	1	1	1
OG0016025	1	1	1
OG0016028	1	1	1
OG0016038	1	1	1
OG0016043	1	1	1
OG0016049	1	1	1
OG0016050	1	1	1
OG0016054	1	1	1
OG0016057	1	1	1
OG0016069	1	1	1
OG0016071	1	1	1
OG0016074	1	1	1
OG0016075	1	1	1
OG0016078	1	1	1
OG0016084	1	1	1
OG0016085	1	1	1
OG0016086	1	1	1
OG0016087	1	1	1
OG0016091	0	1	1
OG0016093	0	1	1
OG0016095	0	1	1
OG0016096	0	1	1
OG0016098	0	1	2
OG0016100	0	1	1
OG0016109	0	1	1
OG0016118	0	1	1
OG0016126	0	1	1
OG0016127	0	2	1
OG0016132	0	1	1
OG0016133	0	2	1
OG0016134	0	1	1
OG0016135	0	2	1
OG0016136	0	1	1
OG0016138	0	1	1
OG0016141	0	2	1
OG0016144	0	1	1
OG0016145	0	1	1
OG0016149	0	1	1
OG0016155	0	1	1
OG0016156	0	1	1
OG0016158	0	1	1
OG0016164	0	1	1
OG0016165	0	1	1
OG0016171	0	2	1
OG0016178	0	1	1
OG0016184	0	2	1
OG0016190	0	1	2
OG0016191	0	2	1
OG0016196	0	2	1
OG0016198	0	1	1
OG0016199	0	1	1
OG0016202	0	1	1
OG0016203	0	2	1
OG0016207	0	1	1
OG0016210	0	1	2
OG0016215	0	1	2
OG0016221	0	1	1
OG0016226	0	2	1
OG0016227	0	1	1
OG0016228	0	2	1
OG0016229	0	1	2
OG0016231	0	1	1
OG0016235	0	2	1
OG0016236	0	2	1
OG0016240	0	1	2
OG0016241	0	1	1
OG0016244	0	1	1
OG0016247	0	1	1
OG0016248	0	1	1
OG0016253	0	1	1
OG0016254	0	1	2
OG0016255	0	2	1
OG0016257	0	1	1
OG0016260	0	4	1
OG0016261	0	1	1
OG0016267	0	1	1
OG0016268	0	2	1
OG0016269	0	1	1
OG0016270	0	1	1
OG0016274	0	1	1
OG0016276	0	2	1
OG0016277	0	1	1
OG0016279	0	2	1
OG0016280	0	1	1
OG0016281	0	1	1
OG0016282	0	1	2
OG0016283	0	1	1
OG0016284	0	1	1
OG0016287	0	1	2
OG0016289	0	1	1
OG0016292	0	1	1
OG0016293	0	1	1
OG0016295	0	1	2
OG0016301	0	1	2
OG0016305	0	1	2
OG0016311	0	1	2
OG0016314	0	2	1
OG0016316	0	2	1
OG0016320	0	1	1
OG0016322	0	1	1
OG0016323	0	1	1
OG0016328	0	1	1
OG0016330	0	1	2
OG0016332	0	1	1
OG0016333	0	1	1
OG0016350	0	1	2
OG0016352	0	1	1
OG0016354	0	1	1
OG0016357	0	1	1
OG0016359	0	1	2
OG0016363	0	2	1
OG0016365	0	2	1
OG0016366	0	1	2
OG0016368	0	1	1
OG0016370	0	2	1
OG0016371	0	1	1
OG0016372	0	1	2
OG0016374	0	1	1
OG0016375	0	1	1
OG0016376	0	1	1
OG0016378	0	1	1
OG0016379	0	2	1
OG0016383	0	1	2
OG0016386	0	1	2
OG0016387	0	1	2
OG0016388	0	1	1
OG0016389	0	1	2
OG0016392	0	1	1
OG0016394	0	1	1
OG0016395	0	2	1
OG0016397	0	1	2
OG0016398	0	1	1
OG0016402	0	1	1
OG0016403	0	2	1
OG0016404	0	1	1
OG0016408	0	1	2
OG0016409	0	2	1
OG0016410	0	1	2
OG0016411	0	1	2
OG0016415	0	1	1
OG0016416	0	1	2
OG0016419	0	1	1
OG0016423	0	1	1
OG0016425	0	2	1
OG0016429	0	1	1
OG0016432	0	1	1
OG0016434	0	1	1
OG0016435	0	1	3
OG0016436	0	2	1
OG0016437	0	1	2
OG0016439	0	2	1
OG0016440	0	2	1
OG0016441	0	2	1
OG0016444	0	1	2
OG0016445	0	1	1
OG0016446	0	1	2
OG0016448	0	1	2
OG0016449	0	0	3
OG0016453	0	0	3
OG0016455	0	0	3
OG0016456	0	0	3
OG0016457	0	0	3
OG0016458	0	0	3
OG0016461	0	0	3
OG0016462	0	0	3
OG0016463	0	0	3
OG0016464	0	0	3
OG0016465	0	0	3
OG0016468	0	0	3
OG0016469	0	0	3
OG0016470	0	0	3
OG0016471	0	0	3
OG0016472	0	0	3
OG0016473	0	0	3
OG0016475	0	0	3
OG0016476	0	0	3
OG0016477	0	0	3
OG0016479	0	0	3
OG0016482	0	0	3
OG0016483	0	0	3
OG0016484	0	0	3
OG0016485	0	0	3
OG0016487	0	0	3
OG0016488	0	0	3
OG0016489	0	0	3
OG0016490	0	0	3
OG0016491	0	0	3
OG0016494	0	0	3
OG0016496	0	0	3
OG0016497	0	0	3
OG0016499	0	0	3
OG0016500	0	0	3
OG0016502	0	0	3
OG0016503	0	0	3
OG0016505	0	0	3
OG0016507	0	0	3
OG0016508	0	0	3
OG0016509	0	0	3
OG0016511	0	0	3
OG0016512	0	0	3
OG0016513	0	0	3
OG0016515	0	0	3
OG0016516	0	0	3
OG0016517	0	0	3
OG0016518	0	0	3
OG0016519	0	0	3
OG0016520	0	0	3
OG0016522	0	0	3
OG0016523	0	0	3
OG0016526	0	0	3
OG0016527	0	0	3
OG0016528	0	0	3
OG0016531	0	0	3
OG0016532	0	0	3
OG0016533	0	0	3
OG0016534	0	0	3
OG0016536	0	0	3
OG0016538	0	0	3
OG0016539	0	0	3
OG0016542	0	0	3
OG0016543	0	0	3
OG0016544	0	0	3
OG0016545	0	0	3
OG0016547	0	0	3
OG0016548	0	0	3
OG0016549	0	0	3
OG0016550	0	0	3
OG0016551	0	0	3
OG0016553	0	0	3
OG0016554	0	0	3
OG0016555	0	0	3
OG0016556	0	0	3
OG0016557	0	0	3
OG0016558	0	0	3
OG0016559	0	0	3
OG0016560	0	0	3
OG0016561	0	0	3
OG0016563	0	0	3
OG0016566	0	0	3
OG0016568	0	0	3
OG0016569	0	0	3
OG0016571	0	0	3
OG0016572	0	0	3
OG0016574	0	0	3
OG0016577	1	0	1
OG0016580	1	0	1
OG0016589	1	0	1
OG0016593	1	0	1
OG0016596	1	0	1
OG0016601	1	0	1
OG0016605	1	0	1
OG0016612	1	0	1
OG0016614	1	0	1
OG0016623	1	0	1
OG0016641	1	0	1
OG0016648	1	0	1
OG0016654	1	0	1
OG0016656	1	0	1
OG0016657	1	0	1
OG0016667	1	0	1
OG0016669	1	0	1
OG0016676	1	0	1
OG0016691	1	0	1
OG0016693	1	0	1
OG0016701	1	0	1
OG0016709	1	0	1
OG0016717	1	0	1
OG0016719	1	0	1
OG0016720	1	0	1
OG0016724	1	0	1
OG0016726	1	0	1
OG0016727	1	0	1
OG0016737	1	0	1
OG0016740	1	0	1
OG0016742	1	0	1
OG0016753	1	0	1
OG0016785	1	0	1
OG0016787	1	0	1
OG0016789	1	0	1
OG0016808	1	0	1
OG0016827	1	0	1
OG0016829	1	0	1
OG0016832	1	0	1
OG0016833	1	0	1
OG0016837	1	0	1
OG0016843	1	0	1
OG0016845	1	0	1
OG0016854	1	0	1
OG0016856	1	0	1
OG0016864	1	0	1
OG0016867	1	0	1
OG0016868	1	0	1
OG0016871	1	0	1
OG0016884	1	0	1
OG0016903	1	0	1
OG0016907	1	0	1
OG0016909	1	0	1
OG0016916	1	0	1
OG0016927	1	0	1
OG0016943	1	0	1
OG0016949	1	0	1
OG0016954	1	0	1
OG0016971	1	0	1
OG0016972	1	0	1
OG0016986	1	0	1
OG0016994	1	0	1
OG0017004	1	0	1
OG0017013	1	0	1
OG0017017	1	0	1
OG0017041	1	0	1
OG0017079	1	0	1
OG0017084	1	0	1
OG0017086	1	0	1
OG0017099	1	0	1
OG0017101	1	0	1
OG0017106	1	0	1
OG0017108	1	0	1
OG0017134	1	0	1
OG0017144	1	0	1
OG0017150	1	0	1
OG0017153	1	0	1
OG0017155	1	0	1
OG0017168	1	0	1
OG0017169	1	0	1
OG0017170	1	0	1
OG0017188	1	0	1
OG0017190	1	0	1
OG0017199	1	0	1
OG0017200	1	0	1
OG0017201	1	0	1
OG0017211	1	0	1
OG0017235	1	0	1
OG0017243	1	0	1
OG0017245	1	0	1
OG0017259	1	0	1
OG0017262	1	0	1
OG0017271	1	0	1
OG0017278	1	0	1
OG0017284	1	0	1
OG0017285	1	0	1
OG0017296	1	0	1
OG0017301	1	0	1
OG0017303	1	0	1
OG0017307	1	0	1
OG0017321	1	0	1
OG0017326	1	0	1
OG0017332	1	0	1
OG0017359	1	0	1
OG0017362	1	0	1
OG0017395	1	0	1
OG0017407	1	0	1
OG0017409	1	0	1
OG0017415	1	0	1
OG0017417	1	0	1
OG0017429	1	0	1
OG0017432	1	0	1
OG0017435	1	0	1
OG0017444	1	0	1
OG0017452	1	0	1
OG0017456	1	0	1
OG0017462	1	0	1
OG0017463	1	0	1
OG0017471	1	0	1
OG0017477	1	0	1
OG0017486	1	0	1
OG0017490	1	0	1
OG0017491	1	0	1
OG0017499	1	0	1
OG0017502	1	0	1
OG0017516	1	0	1
OG0017517	1	0	1
OG0017519	1	0	1
OG0017529	1	0	1
OG0017538	1	0	1
OG0017540	1	0	1
OG0017547	1	0	1
OG0017552	1	0	1
OG0017564	1	0	1
OG0017576	1	0	1
OG0017585	1	0	1
OG0017586	1	0	1
OG0017592	1	0	1
OG0017597	1	0	1
OG0017614	1	0	1
OG0017615	1	0	1
OG0017616	1	0	1
OG0017617	1	0	1
OG0017622	1	0	1
OG0017644	1	0	1
OG0017649	1	0	1
OG0017656	1	0	1
OG0017659	1	0	1
OG0017667	1	0	1
OG0017670	1	0	1
OG0017671	1	0	1
OG0017678	1	0	1
OG0017684	1	0	1
OG0017693	1	0	1
OG0017697	1	0	1
OG0017702	1	0	1
OG0017703	1	0	1
OG0017705	1	0	1
OG0017706	1	0	1
OG0017712	1	0	1
OG0017715	1	0	1
OG0017716	1	0	1
OG0017720	1	0	1
OG0017721	1	0	1
OG0017722	1	0	1
OG0017725	1	0	1
OG0017729	1	0	1
OG0017732	1	0	1
OG0017734	1	0	1
OG0017743	1	0	1
OG0017753	1	0	1
OG0017758	1	0	1
OG0017760	1	0	1
OG0017765	1	0	1
OG0017766	1	0	1
OG0017796	1	0	1
OG0017798	1	0	1
OG0017804	1	0	1
OG0017807	1	0	1
OG0017811	1	0	1
OG0017814	1	0	1
OG0017829	1	0	1
OG0017830	1	0	1
OG0017832	1	0	1
OG0017834	1	0	1
OG0017838	1	0	1
OG0017852	1	0	1
OG0017861	1	0	1
OG0017865	1	0	1
OG0017873	1	0	1
OG0017884	1	0	1
OG0017887	1	0	1
OG0017891	1	0	1
OG0017894	1	0	1
OG0017902	1	0	1
OG0017904	1	0	1
OG0017923	0	1	1
OG0017926	0	1	1
OG0017927	0	1	1
OG0017931	0	1	1
OG0017933	0	1	1
OG0017934	0	1	1
OG0017936	0	1	1
OG0017938	0	1	1
OG0017939	0	1	1
OG0017941	0	1	1
OG0017946	0	1	1
OG0017949	0	1	1
OG0017951	0	1	1
OG0017955	0	1	1
OG0017960	0	1	1
OG0017968	0	1	1
OG0017975	0	1	1
OG0017977	0	1	1
OG0017978	0	1	1
OG0017983	0	1	1
OG0017992	0	1	1
OG0017994	0	1	1
OG0017995	0	1	1
OG0017997	0	1	1
OG0017998	0	1	1
OG0017999	0	1	1
OG0018000	0	1	1
OG0018005	0	1	1
OG0018010	0	1	1
OG0018012	0	1	1
OG0018019	0	1	1
OG0018021	0	1	1
OG0018022	0	1	1
OG0018026	0	1	1
OG0018027	0	1	1
OG0018031	0	1	1
OG0018034	0	1	1
OG0018035	0	1	1
OG0018038	0	1	1
OG0018041	0	1	1
OG0018044	0	1	1
OG0018051	0	1	1
OG0018053	0	1	1
OG0018056	0	1	1
OG0018057	0	1	1
OG0018060	0	1	1
OG0018063	0	1	1
OG0018066	0	1	1
OG0018067	0	1	1
OG0018069	0	1	1
OG0018080	0	1	1
OG0018084	0	1	1
OG0018085	0	1	1
OG0018088	0	1	1
OG0018091	0	1	1
OG0018099	0	1	1
OG0018100	0	1	1
OG0018114	0	1	1
OG0018115	0	1	1
OG0018122	0	1	1
OG0018128	0	1	1
OG0018134	0	1	1
OG0018135	0	1	1
OG0018146	0	1	1
OG0018155	0	1	1
OG0018158	0	1	1
OG0018160	0	1	1
OG0018161	0	1	1
OG0018163	0	1	1
OG0018164	0	1	1
OG0018174	0	1	1
OG0018180	0	1	1
OG0018181	0	1	1
OG0018184	0	1	1
OG0018185	0	1	1
OG0018195	0	1	1
OG0018204	0	1	1
OG0018207	0	1	1
OG0018210	0	1	1
OG0018213	0	1	1
OG0018220	0	1	1
OG0018222	0	1	1
OG0018225	0	1	1
OG0018228	0	1	1
OG0018229	0	1	1
OG0018235	0	1	1
OG0018236	0	1	1
OG0018237	0	1	1
OG0018238	0	1	1
OG0018242	0	1	1
OG0018243	0	1	1
OG0018249	0	1	1
OG0018251	0	1	1
OG0018257	0	1	1
OG0018259	0	1	1
OG0018260	0	1	1
OG0018261	0	1	1
OG0018264	0	1	1
OG0018270	0	1	1
OG0018272	0	1	1
OG0018273	0	1	1
OG0018275	0	1	1
OG0018276	0	1	1
OG0018277	0	1	1
OG0018288	0	1	1
OG0018293	0	1	1
OG0018297	0	1	1
OG0018302	0	1	1
OG0018306	0	1	1
OG0018309	0	1	1
OG0018314	0	1	1
OG0018317	0	1	1
OG0018322	0	1	1
OG0018327	0	1	1
OG0018331	0	1	1
OG0018333	0	1	1
OG0018334	0	1	1
OG0018337	0	1	1
OG0018339	0	1	1
OG0018344	0	1	1
OG0018346	0	1	1
OG0018348	0	1	1
OG0018351	0	1	1
OG0018353	0	1	1
OG0018356	0	1	1
OG0018358	0	1	1
OG0018360	0	1	1
OG0018362	0	1	1
OG0018365	0	1	1
OG0018367	0	1	1
OG0018372	0	1	1
OG0018377	0	1	1
OG0018379	0	1	1
OG0018382	0	1	1
OG0018383	0	1	1
OG0018385	0	1	1
OG0018388	0	1	1
OG0018394	0	1	1
OG0018402	0	1	1
OG0018405	0	1	1
OG0018407	0	1	1
OG0018408	0	1	1
OG0018409	0	1	1
OG0018410	0	1	1
OG0018417	0	1	1
OG0018419	0	1	1
OG0018420	0	1	1
OG0018424	0	1	1
OG0018425	0	1	1
OG0018426	0	1	1
OG0018428	0	1	1
OG0018429	0	1	1
OG0018430	0	1	1
OG0018433	0	1	1
OG0018435	0	1	1
OG0018440	0	1	1
OG0018444	0	1	1
OG0018449	0	1	1
OG0018450	0	1	1
OG0018452	0	1	1
OG0018461	0	1	1
OG0018464	0	1	1
OG0018468	0	1	1
OG0018470	0	1	1
OG0018471	0	1	1
OG0018473	0	1	1
OG0018474	0	1	1
OG0018475	0	1	1
OG0018479	0	1	1
OG0018480	0	1	1
OG0018482	0	1	1
OG0018483	0	1	1
OG0018484	0	1	1
OG0018487	0	1	1
OG0018488	0	1	1
OG0018490	0	1	1
OG0018494	0	1	1
OG0018495	0	1	1
OG0018496	0	1	1
OG0018499	0	1	1
OG0018501	0	1	1
OG0018502	0	1	1
OG0018506	0	1	1
OG0018507	0	1	1
OG0018508	0	1	1
OG0018509	0	1	1
OG0018513	0	1	1
OG0018516	0	1	1
OG0018522	0	1	1
OG0018524	0	1	1
OG0018526	0	1	1
OG0018532	0	1	1
OG0018539	0	1	1
OG0018544	0	1	1
OG0018545	0	1	1
OG0018550	0	1	1
OG0018557	0	1	1
OG0018558	0	1	1
OG0018562	0	1	1
OG0018565	0	1	1
OG0018568	0	1	1
OG0018569	0	1	1
OG0018571	0	1	1
OG0018572	0	1	1
OG0018579	0	1	1
OG0018582	0	1	1
OG0018589	0	1	1
OG0018591	0	1	1
OG0018596	0	1	1
OG0018601	0	1	1
OG0018605	0	1	1
OG0018615	0	1	1
OG0018616	0	1	1
OG0018624	0	1	1
OG0018625	0	1	1
OG0018627	0	1	1
OG0018629	0	1	1
OG0018630	0	1	1
OG0018632	0	1	1
OG0018638	0	1	1
OG0018643	0	1	1
OG0018645	0	1	1
OG0018648	0	1	1
OG0018650	0	1	1
OG0018651	0	1	1
OG0018657	0	1	1
OG0018659	0	1	1
OG0018662	0	1	1
OG0018663	0	1	1
OG0018664	0	1	1
OG0018665	0	1	1
OG0018674	0	1	1
OG0018675	0	1	1
OG0018676	0	1	1
OG0018679	0	1	1
OG0018680	0	1	1
OG0018687	0	1	1
OG0018688	0	1	1
OG0018689	0	1	1
OG0018693	0	1	1
OG0018694	0	1	1
OG0018695	0	1	1
OG0018696	0	1	1
OG0018699	0	1	1
OG0018700	0	1	1
OG0018703	0	1	1
OG0018709	0	1	1
OG0018710	0	1	1
OG0018711	0	1	1
OG0018712	0	1	1
OG0018713	0	1	1
OG0018714	0	1	1
OG0018716	0	1	1
OG0018719	0	1	1
OG0018720	0	1	1
OG0018727	0	1	1
OG0018730	0	1	1
OG0018732	0	1	1
OG0018733	0	1	1
OG0018735	0	1	1
OG0018738	0	1	1
OG0018739	0	1	1
OG0018743	0	1	1
OG0018744	0	1	1
OG0018748	0	1	1
OG0018749	0	1	1
OG0018754	0	1	1
OG0018755	0	1	1
OG0018762	0	1	1
OG0018765	0	1	1
OG0018768	0	1	1
OG0018769	0	1	1
OG0018770	0	1	1
OG0018771	0	1	1
OG0018773	0	1	1
OG0018774	0	1	1
OG0018776	0	1	1
OG0018779	0	1	1
OG0018785	0	1	1
OG0018787	0	1	1
OG0018792	0	1	1
OG0018794	0	1	1
OG0018795	0	1	1
OG0018800	0	1	1
OG0018802	0	1	1
OG0018805	0	1	1
OG0018808	0	1	1
OG0018809	0	1	1
OG0018810	0	1	1
OG0018813	0	1	1
OG0018815	0	1	1
OG0018816	0	1	1
OG0018818	0	1	1
OG0018823	0	1	1
OG0018824	0	1	1
OG0018828	0	1	1
OG0018829	0	1	1
OG0018837	0	1	1
OG0018844	0	1	1
OG0018846	0	1	1
OG0018847	0	1	1
OG0018851	0	1	1
OG0018856	0	1	1
OG0018859	0	1	1
OG0018861	0	1	1
OG0018871	0	1	1
OG0018878	0	1	1
OG0018879	0	1	1
OG0018881	0	1	1
OG0018882	0	1	1
OG0018887	0	1	1
OG0018888	0	1	1
OG0018889	0	1	1
OG0018892	0	1	1
OG0018896	0	1	1
OG0018902	0	1	1
OG0018910	0	1	1
OG0018915	0	1	1
OG0018920	0	1	1
OG0018924	0	1	1
OG0018928	0	1	1
OG0018929	0	1	1
OG0018933	0	1	1
OG0018937	0	1	1
OG0018938	0	1	1
OG0018939	0	1	1
OG0018955	0	1	1
OG0018958	0	1	1
OG0018959	0	1	1
OG0018961	0	1	1
OG0018969	0	1	1
OG0018973	0	1	1
OG0018975	0	1	1
OG0018977	0	1	1
OG0018979	0	1	1
OG0018980	0	1	1
OG0018982	0	1	1
OG0018984	0	1	1
OG0018987	0	1	1
OG0018989	0	1	1
OG0018994	0	1	1
OG0018995	0	1	1
OG0018998	0	1	1
OG0019012	0	1	1
OG0019013	0	1	1
OG0019016	0	1	1
OG0019018	0	1	1
OG0019025	0	1	1
OG0019029	0	1	1
OG0019033	0	1	1
OG0019035	0	1	1
OG0019036	0	1	1
OG0019037	0	1	1
OG0019038	0	1	1
OG0019039	0	1	1
OG0019046	0	1	1
OG0019050	0	1	1
OG0019054	0	1	1
OG0019057	0	1	1
OG0019062	0	1	1
OG0019064	0	1	1
OG0019067	0	1	1
OG0019068	0	1	1
OG0019070	0	1	1
OG0019071	0	1	1
OG0019072	0	1	1
OG0019073	0	1	1
OG0019074	0	1	1
OG0019075	0	1	1
OG0019076	0	1	1
OG0019078	0	1	1
OG0019079	0	1	1
OG0019080	0	1	1
OG0019084	0	1	1
OG0019092	0	1	1
OG0019095	0	1	1
OG0019096	0	1	1
OG0019106	0	1	1
OG0019109	0	1	1
OG0019110	0	1	1
OG0019113	0	1	1
OG0019114	0	1	1
OG0019119	0	1	1
OG0019121	0	1	1
OG0019132	0	1	1
OG0019138	0	1	1
OG0019139	0	1	1
OG0019144	0	1	1
OG0019146	0	1	1
OG0019147	0	1	1
OG0019148	0	1	1
OG0019153	0	1	1
OG0019158	0	1	1
OG0019159	0	1	1
OG0019161	0	1	1
OG0019163	0	1	1
OG0019171	0	1	1
OG0019177	0	1	1
OG0019180	0	1	1
OG0019181	0	1	1
OG0019182	0	1	1
OG0019184	0	1	1
OG0019185	0	1	1
OG0019186	0	1	1
OG0019194	0	1	1
OG0019196	0	1	1
OG0019197	0	1	1
OG0019198	0	1	1
OG0019200	0	1	1
OG0019205	0	1	1
OG0019212	0	1	1
OG0019228	0	1	1
OG0019229	0	1	1
OG0019232	0	1	1
OG0019235	0	1	1
OG0019236	0	1	1
OG0019237	0	1	1
OG0019238	0	1	1
OG0019244	0	1	1
OG0019247	0	1	1
OG0019251	0	1	1
OG0019252	0	1	1
OG0019255	0	1	1
OG0019256	0	1	1
OG0019262	0	1	1
OG0019264	0	1	1
OG0019265	0	1	1
OG0019266	0	1	1
OG0019267	0	1	1
OG0019273	0	1	1
OG0019276	0	1	1
OG0019279	0	1	1
OG0019280	0	1	1
OG0019282	0	1	1
OG0019283	0	1	1
OG0019287	0	1	1
OG0019289	0	1	1
OG0019290	0	1	1
OG0019292	0	1	1
OG0019299	0	1	1
OG0019302	0	1	1
OG0019303	0	1	1
OG0019308	0	1	1
OG0019315	0	1	1
OG0019318	0	1	1
OG0019321	0	1	1
OG0019322	0	1	1
OG0019323	0	1	1
OG0019328	0	1	1
OG0019331	0	1	1
OG0019333	0	1	1
OG0019334	0	1	1
OG0019335	0	1	1
OG0019336	0	1	1
OG0019337	0	1	1
OG0019338	0	1	1
OG0019341	0	1	1
OG0019345	0	1	1
OG0019347	0	1	1
OG0019348	0	1	1
OG0019350	0	1	1
OG0019351	0	1	1
OG0019352	0	1	1
OG0019353	0	1	1
OG0019360	0	1	1
OG0019366	0	1	1
OG0019367	0	1	1
OG0019369	0	1	1
OG0019371	0	1	1
OG0019372	0	1	1
OG0019374	0	1	1
OG0019375	0	1	1
OG0019378	0	1	1
OG0019381	0	1	1
OG0019383	0	1	1
OG0019387	0	1	1
OG0019391	0	1	1
OG0019392	0	1	1
OG0019395	0	1	1
OG0019397	0	1	1
OG0019400	0	1	1
OG0019402	0	1	1
OG0019403	0	1	1
OG0019405	0	1	1
OG0019406	0	1	1
OG0019409	0	1	1
OG0019410	0	1	1
OG0019414	0	1	1
OG0019416	0	1	1
OG0019427	0	1	1
OG0019430	0	1	1
OG0019433	0	1	1
OG0019434	0	1	1
OG0019437	0	1	1
OG0019440	0	1	1
OG0019442	0	1	1
OG0019445	0	1	1
OG0019450	0	1	1
OG0019451	0	1	1
OG0019453	0	1	1
OG0019454	0	1	1
OG0019456	0	1	1
OG0019465	0	1	1
OG0019466	0	1	1
OG0019471	0	1	1
OG0019473	0	1	1
OG0019475	0	1	1
OG0019476	0	1	1
OG0019477	0	1	1
OG0019479	0	1	1
OG0019480	0	1	1
OG0019483	0	1	1
OG0019495	0	1	1
OG0019496	0	1	1
OG0019498	0	1	1
OG0019502	0	1	1
OG0019503	0	1	1
OG0019504	0	1	1
OG0019505	0	1	1
OG0019507	0	1	1
OG0019511	0	1	1
OG0019513	0	1	1
OG0019514	0	1	1
OG0019519	0	1	1
OG0019520	0	1	1
OG0019530	0	1	1
OG0019533	0	1	1
OG0019534	0	1	1
OG0019541	0	1	1
OG0019545	0	1	1
OG0019546	0	1	1
OG0019547	0	1	1
OG0019548	0	1	1
OG0019554	0	1	1
OG0019556	0	1	1
OG0019557	0	1	1
OG0019558	0	1	1
OG0019559	0	1	1
OG0019561	0	1	1
OG0019564	0	1	1
OG0019566	0	1	1
OG0019568	0	1	1
OG0019573	0	1	1
OG0019579	0	1	1
OG0019581	0	1	1
OG0019587	0	1	1
OG0019588	0	1	1
OG0019595	0	1	1
OG0019597	0	1	1
OG0019599	0	1	1
OG0019602	0	1	1
OG0019608	0	1	1
OG0019614	0	1	1
OG0019615	0	1	1
OG0019618	0	1	1
OG0019620	0	1	1
OG0019624	0	1	1
OG0019627	0	1	1
OG0019632	0	1	1
OG0019635	0	1	1
OG0019636	0	1	1
OG0019639	0	1	1
OG0019640	0	0	2
OG0019641	0	0	2
OG0019643	0	0	2
OG0019645	0	0	2
OG0019646	0	0	2
OG0019649	0	0	2
OG0019652	0	0	2
OG0019653	0	0	2
OG0019654	0	0	2
OG0019655	0	0	2
OG0019656	0	0	2
OG0019657	0	0	2
OG0019658	0	0	2
OG0019660	0	0	2
OG0019661	0	0	2
OG0019662	0	0	2
OG0019663	0	0	2
OG0019664	0	0	2
OG0019665	0	0	2
OG0019666	0	0	2
OG0019668	0	0	2
OG0019669	0	0	2
OG0019670	0	0	2
OG0019671	0	0	2
OG0019672	0	0	2
OG0019675	0	0	2
OG0019676	0	0	2
OG0019677	0	0	2
OG0019678	0	0	2
OG0019679	0	0	2
OG0019681	0	0	2
OG0019682	0	0	2
OG0019683	0	0	2
OG0019684	0	0	2
OG0019686	0	0	2
OG0019687	0	0	2
OG0019691	0	0	2
OG0019694	0	0	2
OG0019695	0	0	2
OG0019697	0	0	2
OG0019698	0	0	2
OG0019699	0	0	2
OG0019700	0	0	2
OG0019702	0	0	2
OG0019703	0	0	2
OG0019704	0	0	2
OG0019706	0	0	2
OG0019707	0	0	2
OG0019709	0	0	2
OG0019710	0	0	2
OG0019713	0	0	2
OG0019714	0	0	2
OG0019715	0	0	2
OG0019719	0	0	2
OG0019720	0	0	2
OG0019721	0	0	2
OG0019722	0	0	2
OG0019723	0	0	2
OG0019724	0	0	2
OG0019725	0	0	2
OG0019726	0	0	2
OG0019727	0	0	2
OG0019728	0	0	2
OG0019731	0	0	2
OG0019732	0	0	2
OG0019733	0	0	2
OG0019734	0	0	2
OG0019735	0	0	2
OG0019738	0	0	2
OG0019739	0	0	2
OG0019740	0	0	2
OG0019741	0	0	2
OG0019742	0	0	2
OG0019743	0	0	2
OG0019744	0	0	2
OG0019745	0	0	2
OG0019746	0	0	2
OG0019748	0	0	2
OG0019749	0	0	2
OG0019751	0	0	2
OG0019752	0	0	2
OG0019753	0	0	2
OG0019754	0	0	2
OG0019755	0	0	2
OG0019758	0	0	2
OG0019759	0	0	2
OG0019760	0	0	2
OG0019761	0	0	2
OG0019763	0	0	2
OG0019764	0	0	2
OG0019768	0	0	2
OG0019769	0	0	2
OG0019770	0	0	2
OG0019773	0	0	2
OG0019774	0	0	2
OG0019776	0	0	2
OG0019777	0	0	2
OG0019778	0	0	2
OG0019780	0	0	2
OG0019781	0	0	2
OG0019782	0	0	2
OG0019783	0	0	2
OG0019784	0	0	2
OG0019785	0	0	2
OG0019786	0	0	2
OG0019787	0	0	2
OG0019788	0	0	2
OG0019789	0	0	2
OG0019790	0	0	2
OG0019792	0	0	2
OG0019794	0	0	2
OG0019795	0	0	2
OG0019796	0	0	2
OG0019797	0	0	2
OG0019800	0	0	2
OG0019801	0	0	2
OG0019802	0	0	2
OG0019803	0	0	2
OG0019805	0	0	2
OG0019812	0	0	2
OG0019816	0	0	2
OG0019817	0	0	2
OG0019818	0	0	2
OG0019819	0	0	2
OG0019820	0	0	2
OG0019821	0	0	2
OG0019823	0	0	2
OG0019824	0	0	2
OG0019826	0	0	2
OG0019827	0	0	2
OG0019829	0	0	2
OG0019830	0	0	2
OG0019831	0	0	2
OG0019832	0	0	2
OG0019833	0	0	2
OG0019834	0	0	2
OG0019836	0	0	2
OG0019838	0	0	2
OG0019842	0	0	2
OG0019843	0	0	2
OG0019844	0	0	2
OG0019845	0	0	2
OG0019846	0	0	2
OG0019848	0	0	2
OG0019849	0	0	2
OG0019851	0	0	2
OG0019852	0	0	2
OG0019853	0	0	2
OG0019856	0	0	2
OG0019857	0	0	2
OG0019858	0	0	2
OG0019859	0	0	2
OG0019860	0	0	2
OG0019862	0	0	2
OG0019863	0	0	2
OG0019865	0	0	2
OG0019866	0	0	2
OG0019867	0	0	2
OG0019868	0	0	2
OG0019870	0	0	2
OG0019876	0	0	2
OG0019878	0	0	2
OG0019879	0	0	2
OG0019882	0	0	2
OG0019883	0	0	2
OG0019884	0	0	2
OG0019891	0	0	2
OG0019896	0	0	2
OG0019898	0	0	2
OG0019900	0	0	2
OG0019901	0	0	2
OG0019903	0	0	2
OG0019906	0	0	2
OG0019907	0	0	2
OG0019909	0	0	2
OG0019910	0	0	2
OG0019911	0	0	2
OG0019913	0	0	2
OG0019914	0	0	2
OG0019915	0	0	2
OG0019916	0	0	2
OG0019917	0	0	2
