OG0000200	0	10	7
OG0000216	2	16	6
OG0000232	1	0	16
OG0000243	0	0	17
OG0000255	11	2	2
OG0000272	1	4	7
OG0000361	5	3	3
OG0000394	0	1	8
OG0000399	0	1	9
OG0000400	0	0	12
OG0000406	0	0	12
OG0000486	4	3	3
OG0000539	2	8	3
OG0000573	0	0	10
OG0000622	1	1	6
OG0000663	3	2	1
OG0000666	3	3	2
OG0000681	0	7	1
OG0000704	0	0	9
OG0000717	1	2	4
OG0000753	3	3	2
OG0000837	3	3	2
OG0000944	5	0	2
OG0000985	3	1	2
OG0001060	2	3	2
OG0001195	0	4	4
OG0001217	0	1	7
OG0001267	2	2	2
OG0001353	1	1	4
OG0001553	2	2	2
OG0001561	3	2	1
OG0001594	1	2	1
OG0001598	2	2	2
OG0001636	2	2	2
OG0001645	1	2	2
OG0001651	2	3	1
OG0001661	3	1	2
OG0001688	1	1	3
OG0001749	2	2	2
OG0001822	0	1	4
OG0001838	0	0	6
OG0001842	0	0	6
OG0001847	0	0	6
OG0001851	0	0	6
OG0001860	3	1	1
OG0001931	3	1	1
OG0001937	3	1	1
OG0001977	1	1	3
OG0002015	3	0	2
OG0002074	2	1	2
OG0002295	1	2	2
OG0002636	3	1	1
OG0002724	3	1	1
OG0002757	1	1	1
OG0002880	0	0	5
OG0003016	1	1	1
OG0003040	1	1	1
OG0003145	1	1	1
OG0003349	1	1	2
OG0003793	2	1	1
OG0003805	1	1	1
OG0004020	2	1	1
OG0004384	1	2	1
OG0004583	1	1	2
OG0004781	1	2	1
OG0004827	1	2	1
OG0004860	1	2	1
OG0004871	2	0	2
OG0004893	2	1	1
OG0004972	1	2	1
OG0005049	1	1	1
OG0005091	1	1	2
OG0005161	1	3	1
OG0005204	1	1	1
OG0005288	1	1	1
OG0005370	1	2	1
OG0005400	2	1	1
OG0005482	0	1	5
OG0005598	0	2	1
OG0005648	0	0	4
OG0005663	0	0	4
OG0006022	1	1	1
OG0006238	1	1	1
OG0006381	1	1	1
OG0006500	1	1	1
OG0006867	1	1	1
OG0007082	1	1	1
OG0007222	1	1	1
OG0007740	1	1	1
OG0007866	1	1	1
OG0007942	1	1	1
OG0008080	1	1	1
OG0008273	1	1	1
OG0008488	1	1	1
OG0008639	1	1	1
OG0008818	1	1	1
OG0008978	1	1	1
OG0009004	1	1	1
OG0009241	1	1	1
OG0009452	1	1	1
OG0009572	1	1	1
OG0009753	1	1	1
OG0010153	1	1	1
OG0010628	1	1	1
OG0010874	1	1	1
OG0011116	1	1	1
OG0011264	1	1	1
OG0011867	1	0	2
OG0011985	1	1	1
OG0012384	1	1	1
OG0012491	1	1	1
OG0012530	1	1	1
OG0012535	1	1	1
OG0012803	1	1	1
OG0012810	1	1	1
OG0012891	1	1	1
OG0012987	1	1	1
OG0013201	1	1	1
OG0013322	1	1	1
OG0013501	1	0	2
OG0013717	1	1	1
OG0013719	1	1	1
OG0013731	1	1	1
OG0013839	1	1	1
OG0013883	1	1	1
OG0013887	1	0	2
OG0013946	1	1	1
OG0014077	1	1	1
OG0014096	1	1	1
OG0014285	1	1	1
OG0014395	1	1	1
OG0014532	1	1	1
OG0014612	1	1	1
OG0014647	1	1	1
OG0014750	1	1	1
OG0014764	1	1	1
OG0014778	1	1	1
OG0014820	2	0	1
OG0014849	1	1	1
OG0014896	1	1	1
OG0014911	1	1	1
OG0014974	1	1	1
OG0015061	1	1	1
OG0015371	1	1	1
OG0015453	1	1	1
OG0015492	1	1	1
OG0015566	1	1	1
OG0015601	1	1	1
OG0015899	1	1	1
OG0015932	1	1	1
OG0016000	1	1	1
OG0016086	1	1	1
OG0016482	0	0	3
OG0016489	0	0	3
OG0016497	0	0	3
OG0016516	0	0	3
OG0016539	0	0	3
OG0016612	1	0	1
OG0017017	1	0	1
OG0017362	1	0	1
OG0017517	1	0	1
OG0017705	1	0	1
OG0017852	1	0	1
OG0018270	0	1	1
OG0018680	0	1	1
OG0018699	0	1	1
OG0018933	0	1	1
OG0019092	0	1	1
OG0019095	0	1	1
OG0019185	0	1	1
OG0019247	0	1	1
OG0019406	0	1	1
OG0019643	0	0	2
