chrom	start_window	end_window	DE_counts	proportion
1	Tfas_chr1	1	1e+06	2	0.0163934426229508
2	Tfas_chr1	1000001	2e+06	6	0.0625
3	Tfas_chr1	2000001	3e+06	1	0.0102040816326531
4	Tfas_chr1	3000001	4e+06	0	0
5	Tfas_chr1	4000001	5e+06	1	0.0135135135135135
6	Tfas_chr1	5000001	6e+06	2	0.0338983050847458
7	Tfas_chr1	6000001	7e+06	0	0
8	Tfas_chr1	7000001	8e+06	1	0.0256410256410256
9	Tfas_chr1	8000001	9e+06	0	0
10	Tfas_chr1	9000001	1e+07	1	0.0714285714285714
11	Tfas_chr1	10000001	1.1e+07	0	0
12	Tfas_chr1	11000001	1.2e+07	1	0.125
13	Tfas_chr1	12000001	1.3e+07	0	0
14	Tfas_chr1	13000001	1.4e+07	0	0
15	Tfas_chr1	14000001	1.5e+07	2	0.25
16	Tfas_chr1	15000001	1.6e+07	0	0
17	Tfas_chr1	16000001	1.7e+07	0	0
18	Tfas_chr1	17000001	1.8e+07	1	0.111111111111111
19	Tfas_chr1	18000001	1.9e+07	0	0
20	Tfas_chr1	19000001	2e+07	0	0
21	Tfas_chr1	20000001	2.1e+07	2	0.133333333333333
22	Tfas_chr1	21000001	2.2e+07	0	0
23	Tfas_chr1	22000001	2.3e+07	0	0
24	Tfas_chr1	23000001	2.4e+07	1	0.1
25	Tfas_chr1	24000001	2.5e+07	0	0
26	Tfas_chr1	25000001	2.6e+07	1	0.032258064516129
27	Tfas_chr1	26000001	2.7e+07	2	0.117647058823529
28	Tfas_chr1	27000001	2.8e+07	3	0.0652173913043478
29	Tfas_chr1	28000001	2.9e+07	2	0.0273972602739726
30	Tfas_chr1	29000001	3e+07	1	0.0087719298245614
31	Tfas_chr1	30000001	3.1e+07	2	0.0169491525423729
32	Tfas_chr1	31000001	3.2e+07	3	0.0245901639344262
33	Tfas_chr1	32000001	3.3e+07	1	0.0714285714285714
34	Tfas_chr2	1	1e+06	3	0.04
35	Tfas_chr2	1000001	2e+06	2	0.0256410256410256
36	Tfas_chr2	2000001	3e+06	4	0.0476190476190476
37	Tfas_chr2	3000001	4e+06	1	0.010989010989011
38	Tfas_chr2	4000001	5e+06	6	0.0560747663551402
39	Tfas_chr2	5000001	6e+06	5	0.0471698113207547
40	Tfas_chr2	6000001	7e+06	1	0.0147058823529412
41	Tfas_chr2	7000001	8e+06	3	0.0638297872340425
42	Tfas_chr2	8000001	9e+06	1	0.0208333333333333
43	Tfas_chr2	9000001	1e+07	1	0.04
44	Tfas_chr2	10000001	1.1e+07	0	0
45	Tfas_chr2	11000001	1.2e+07	1	0.0454545454545455
46	Tfas_chr2	12000001	1.3e+07	0	0
47	Tfas_chr2	13000001	1.4e+07	0	0
48	Tfas_chr2	14000001	1.5e+07	0	0
49	Tfas_chr2	15000001	1.6e+07	0	0
50	Tfas_chr2	16000001	1.7e+07	0	0
51	Tfas_chr2	17000001	1.8e+07	0	0
52	Tfas_chr2	18000001	1.9e+07	0	0
53	Tfas_chr2	19000001	2e+07	0	0
54	Tfas_chr2	20000001	2.1e+07	1	0.111111111111111
55	Tfas_chr2	21000001	2.2e+07	0	0
56	Tfas_chr2	22000001	2.3e+07	0	0
57	Tfas_chr2	23000001	2.4e+07	0	0
58	Tfas_chr2	24000001	2.5e+07	1	0.0625
59	Tfas_chr2	25000001	2.6e+07	0	0
60	Tfas_chr2	26000001	2.7e+07	1	0.0555555555555556
61	Tfas_chr2	27000001	2.8e+07	0	0
62	Tfas_chr2	28000001	2.9e+07	0	0
63	Tfas_chr2	29000001	3e+07	5	0.0757575757575758
64	Tfas_chr2	30000001	3.1e+07	0	0
65	Tfas_chr2	31000001	3.2e+07	4	0.0563380281690141
66	Tfas_chr3	1	1e+06	2	0.0253164556962025
67	Tfas_chr3	1000001	2e+06	3	0.0275229357798165
68	Tfas_chr3	2000001	3e+06	3	0.0280373831775701
69	Tfas_chr3	3000001	4e+06	1	0.0277777777777778
70	Tfas_chr3	4000001	5e+06	1	0.0333333333333333
71	Tfas_chr3	5000001	6e+06	0	0
72	Tfas_chr3	6000001	7e+06	0	0
73	Tfas_chr3	7000001	8e+06	0	0
74	Tfas_chr3	8000001	9e+06	3	0.157894736842105
75	Tfas_chr3	9000001	1e+07	1	0.142857142857143
76	Tfas_chr3	10000001	1.1e+07	0	0
77	Tfas_chr3	11000001	1.2e+07	0	0
78	Tfas_chr3	12000001	1.3e+07	1	0.25
79	Tfas_chr3	13000001	1.4e+07	0	0
80	Tfas_chr3	14000001	1.5e+07	0	0
81	Tfas_chr3	15000001	1.6e+07	1	0.125
82	Tfas_chr3	16000001	1.7e+07	0	0
83	Tfas_chr3	17000001	1.8e+07	0	0
84	Tfas_chr3	18000001	1.9e+07	0	0
85	Tfas_chr3	19000001	2e+07	0	0
86	Tfas_chr3	20000001	2.1e+07	0	0
87	Tfas_chr3	21000001	2.2e+07	0	0
88	Tfas_chr3	22000001	2.3e+07	0	0
89	Tfas_chr3	23000001	2.4e+07	0	0
90	Tfas_chr3	24000001	2.5e+07	0	0
91	Tfas_chr3	25000001	2.6e+07	0	0
92	Tfas_chr3	26000001	2.7e+07	8	0.0919540229885057
93	Tfas_chr3	27000001	2.8e+07	2	0.0235294117647059
94	Tfas_chr3	28000001	2.9e+07	2	0.0172413793103448
95	Tfas_chr3	29000001	3e+07	4	0.0327868852459016
96	Tfas_chr3	30000001	3.1e+07	3	0.0416666666666667
97	Tfas_chr3	31000001	3.2e+07	1	0.1
98	Tfas_chr4	1	1e+06	5	0.0442477876106195
99	Tfas_chr4	1000001	2e+06	4	0.0512820512820513
100	Tfas_chr4	2000001	3e+06	1	0.0357142857142857
101	Tfas_chr4	3000001	4e+06	1	0.0434782608695652
102	Tfas_chr4	4000001	5e+06	0	0
103	Tfas_chr4	5000001	6e+06	0	0
104	Tfas_chr4	6000001	7e+06	1	0.1
105	Tfas_chr4	7000001	8e+06	1	0.0714285714285714
106	Tfas_chr4	8000001	9e+06	0	0
107	Tfas_chr4	9000001	1e+07	1	0.0769230769230769
108	Tfas_chr4	10000001	1.1e+07	0	0
109	Tfas_chr4	11000001	1.2e+07	0	0
110	Tfas_chr4	12000001	1.3e+07	0	0
111	Tfas_chr4	13000001	1.4e+07	0	0
112	Tfas_chr4	14000001	1.5e+07	1	0.166666666666667
113	Tfas_chr4	15000001	1.6e+07	1	0.166666666666667
114	Tfas_chr4	16000001	1.7e+07	0	0
115	Tfas_chr4	17000001	1.8e+07	0	0
116	Tfas_chr4	18000001	1.9e+07	0	0
117	Tfas_chr4	19000001	2e+07	0	0
118	Tfas_chr4	20000001	2.1e+07	2	0.0645161290322581
119	Tfas_chr4	21000001	2.2e+07	0	0
120	Tfas_chr4	22000001	2.3e+07	1	0.0196078431372549
121	Tfas_chr4	23000001	2.4e+07	5	0.0819672131147541
122	Tfas_chr4	24000001	2.5e+07	2	0.0256410256410256
123	Tfas_chr4	25000001	2.6e+07	0	0
124	Tfas_chr4	26000001	2.7e+07	1	0.0102040816326531
125	Tfas_chr4	27000001	2.8e+07	5	0.0462962962962963
126	Tfas_chr4	28000001	2.9e+07	4	0.0408163265306122
127	Tfas_chr4	29000001	3e+07	2	0.0246913580246914
128	Tfas_chr4	30000001	3.1e+07	2	0.0235294117647059
129	Tfas_chr5	1	1e+06	5	0.0471698113207547
130	Tfas_chr5	1000001	2e+06	1	0.00970873786407767
131	Tfas_chr5	2000001	3e+06	5	0.043859649122807
132	Tfas_chr5	3000001	4e+06	2	0.0277777777777778
133	Tfas_chr5	4000001	5e+06	1	0.0142857142857143
134	Tfas_chr5	5000001	6e+06	1	0.0277777777777778
135	Tfas_chr5	6000001	7e+06	0	0
136	Tfas_chr5	7000001	8e+06	0	0
137	Tfas_chr5	8000001	9e+06	2	0.105263157894737
138	Tfas_chr5	9000001	1e+07	0	0
139	Tfas_chr5	10000001	1.1e+07	1	0.2
140	Tfas_chr5	11000001	1.2e+07	0	0
141	Tfas_chr5	12000001	1.3e+07	0	0
142	Tfas_chr5	13000001	1.4e+07	0	0
143	Tfas_chr5	14000001	1.5e+07	2	0.222222222222222
144	Tfas_chr5	15000001	1.6e+07	2	0.166666666666667
145	Tfas_chr5	16000001	1.7e+07	2	0.153846153846154
146	Tfas_chr5	17000001	1.8e+07	0	0
147	Tfas_chr5	18000001	1.9e+07	0	0
148	Tfas_chr5	19000001	2e+07	1	0.142857142857143
149	Tfas_chr5	20000001	2.1e+07	0	0
150	Tfas_chr5	21000001	2.2e+07	2	0.2
151	Tfas_chr5	22000001	2.3e+07	0	0
152	Tfas_chr5	23000001	2.4e+07	1	0.0526315789473684
153	Tfas_chr5	24000001	2.5e+07	0	0
154	Tfas_chr5	25000001	2.6e+07	0	0
155	Tfas_chr5	26000001	2.7e+07	1	0.0277777777777778
156	Tfas_chr5	27000001	2.8e+07	2	0.0273972602739726
157	Tfas_chr5	28000001	2.9e+07	4	0.0336134453781513
158	Tfas_chr5	29000001	3e+07	7	0.0546875
159	Tfas_chr5	30000001	3.1e+07	2	0.142857142857143
160	Tfas_chr6	1	1e+06	2	0.0246913580246914
161	Tfas_chr6	1000001	2e+06	4	0.0476190476190476
162	Tfas_chr6	2000001	3e+06	3	0.0769230769230769
163	Tfas_chr6	3000001	4e+06	0	0
164	Tfas_chr6	4000001	5e+06	0	0
165	Tfas_chr6	5000001	6e+06	0	0
166	Tfas_chr6	6000001	7e+06	1	0.0769230769230769
167	Tfas_chr6	7000001	8e+06	2	0.142857142857143
168	Tfas_chr6	8000001	9e+06	0	0
169	Tfas_chr6	9000001	1e+07	0	0
170	Tfas_chr6	10000001	1.1e+07	1	0.111111111111111
171	Tfas_chr6	11000001	1.2e+07	0	0
172	Tfas_chr6	12000001	1.3e+07	0	0
173	Tfas_chr6	13000001	1.4e+07	0	0
174	Tfas_chr6	14000001	1.5e+07	0	0
175	Tfas_chr6	15000001	1.6e+07	1	0.142857142857143
176	Tfas_chr6	16000001	1.7e+07	3	0.2
177	Tfas_chr6	17000001	1.8e+07	0	0
178	Tfas_chr6	18000001	1.9e+07	0	0
179	Tfas_chr6	19000001	2e+07	1	0.125
180	Tfas_chr6	20000001	2.1e+07	1	0.04
181	Tfas_chr6	21000001	2.2e+07	2	0.181818181818182
182	Tfas_chr6	22000001	2.3e+07	0	0
183	Tfas_chr6	23000001	2.4e+07	3	0.0697674418604651
184	Tfas_chr6	24000001	2.5e+07	2	0.0338983050847458
185	Tfas_chr6	25000001	2.6e+07	3	0.0352941176470588
186	Tfas_chr6	26000001	2.7e+07	4	0.036036036036036
187	Tfas_chr6	27000001	2.8e+07	8	0.0650406504065041
188	Tfas_chr6	28000001	2.9e+07	6	0.0465116279069767
189	Tfas_chr6	29000001	3e+07	3	0.0625
190	Tfas_chr7	1	1e+06	3	0.0229007633587786
191	Tfas_chr7	1000001	2e+06	3	0.025
192	Tfas_chr7	2000001	3e+06	1	0.0103092783505155
193	Tfas_chr7	3000001	4e+06	2	0.0273972602739726
194	Tfas_chr7	4000001	5e+06	2	0.0303030303030303
195	Tfas_chr7	5000001	6e+06	0	0
196	Tfas_chr7	6000001	7e+06	0	0
197	Tfas_chr7	7000001	8e+06	2	0.0606060606060606
198	Tfas_chr7	8000001	9e+06	0	0
199	Tfas_chr7	9000001	1e+07	2	0.08
200	Tfas_chr7	10000001	1.1e+07	0	0
201	Tfas_chr7	11000001	1.2e+07	0	0
202	Tfas_chr7	12000001	1.3e+07	0	0
203	Tfas_chr7	13000001	1.4e+07	0	0
204	Tfas_chr7	14000001	1.5e+07	0	0
205	Tfas_chr7	15000001	1.6e+07	0	0
206	Tfas_chr7	16000001	1.7e+07	0	0
207	Tfas_chr7	17000001	1.8e+07	0	0
208	Tfas_chr7	18000001	1.9e+07	0	0
209	Tfas_chr7	19000001	2e+07	0	0
210	Tfas_chr7	20000001	2.1e+07	0	0
211	Tfas_chr7	21000001	2.2e+07	0	0
212	Tfas_chr7	22000001	2.3e+07	0	0
213	Tfas_chr7	23000001	2.4e+07	1	0.0217391304347826
214	Tfas_chr7	24000001	2.5e+07	0	0
215	Tfas_chr7	25000001	2.6e+07	0	0
216	Tfas_chr7	26000001	2.7e+07	4	0.0869565217391304
217	Tfas_chr7	27000001	2.8e+07	0	0
218	Tfas_chr8	1	1e+06	3	0.0254237288135593
219	Tfas_chr8	1000001	2e+06	4	0.0380952380952381
220	Tfas_chr8	2000001	3e+06	4	0.0555555555555556
221	Tfas_chr8	3000001	4e+06	2	0.0344827586206897
222	Tfas_chr8	4000001	5e+06	0	0
223	Tfas_chr8	5000001	6e+06	3	0.0697674418604651
224	Tfas_chr8	6000001	7e+06	1	0.0416666666666667
225	Tfas_chr8	7000001	8e+06	1	0.0357142857142857
226	Tfas_chr8	8000001	9e+06	0	0
227	Tfas_chr8	9000001	1e+07	0	0
228	Tfas_chr8	10000001	1.1e+07	2	0.0952380952380952
229	Tfas_chr8	11000001	1.2e+07	0	0
230	Tfas_chr8	12000001	1.3e+07	1	0.0714285714285714
231	Tfas_chr8	13000001	1.4e+07	0	0
232	Tfas_chr8	14000001	1.5e+07	0	0
233	Tfas_chr8	15000001	1.6e+07	0	0
234	Tfas_chr8	16000001	1.7e+07	0	0
235	Tfas_chr8	17000001	1.8e+07	1	0.125
236	Tfas_chr8	18000001	1.9e+07	1	0.333333333333333
237	Tfas_chr8	19000001	2e+07	0	0
238	Tfas_chr8	20000001	2.1e+07	1	0.142857142857143
239	Tfas_chr8	21000001	2.2e+07	1	0.0333333333333333
240	Tfas_chr8	22000001	2.3e+07	4	0.1
241	Tfas_chr8	23000001	2.4e+07	1	0.0178571428571429
242	Tfas_chr8	24000001	2.5e+07	8	0.117647058823529
243	Tfas_chr8	25000001	2.6e+07	0	0
244	Tfas_chr8	26000001	2.7e+07	7	0.0588235294117647
245	Tfas_chr8	27000001	2.8e+07	2	0.117647058823529
246	Tfas_chr9	1	1e+06	3	0.0245901639344262
247	Tfas_chr9	1000001	2e+06	3	0.0303030303030303
248	Tfas_chr9	2000001	3e+06	3	0.0375
249	Tfas_chr9	3000001	4e+06	0	0
250	Tfas_chr9	4000001	5e+06	2	0.0526315789473684
251	Tfas_chr9	5000001	6e+06	0	0
252	Tfas_chr9	6000001	7e+06	0	0
253	Tfas_chr9	7000001	8e+06	1	0.0714285714285714
254	Tfas_chr9	8000001	9e+06	2	0.2
255	Tfas_chr9	9000001	1e+07	1	0.111111111111111
256	Tfas_chr9	10000001	1.1e+07	0	0
257	Tfas_chr9	11000001	1.2e+07	0	0
258	Tfas_chr9	12000001	1.3e+07	0	0
259	Tfas_chr9	13000001	1.4e+07	1	0.2
260	Tfas_chr9	14000001	1.5e+07	1	0.142857142857143
261	Tfas_chr9	15000001	1.6e+07	0	0
262	Tfas_chr9	16000001	1.7e+07	0	0
263	Tfas_chr9	17000001	1.8e+07	0	0
264	Tfas_chr9	18000001	1.9e+07	3	0.25
265	Tfas_chr9	19000001	2e+07	1	0.25
266	Tfas_chr9	20000001	2.1e+07	0	0
267	Tfas_chr9	21000001	2.2e+07	0	0
268	Tfas_chr9	22000001	2.3e+07	0	0
269	Tfas_chr9	23000001	2.4e+07	1	0.0357142857142857
270	Tfas_chr9	24000001	2.5e+07	0	0
271	Tfas_chr9	25000001	2.6e+07	2	0.0263157894736842
272	Tfas_chr9	26000001	2.7e+07	2	0.0454545454545455
273	Tfas_chr10	1	1e+06	1	0.0123456790123457
274	Tfas_chr10	1000001	2e+06	4	0.0563380281690141
275	Tfas_chr10	2000001	3e+06	1	0.0277777777777778
276	Tfas_chr10	3000001	4e+06	0	0
277	Tfas_chr10	4000001	5e+06	0	0
278	Tfas_chr10	5000001	6e+06	0	0
279	Tfas_chr10	6000001	7e+06	0	0
280	Tfas_chr10	7000001	8e+06	0	0
281	Tfas_chr10	8000001	9e+06	1	0.0555555555555556
282	Tfas_chr10	9000001	1e+07	0	0
283	Tfas_chr10	10000001	1.1e+07	3	0.333333333333333
284	Tfas_chr10	11000001	1.2e+07	0	0
285	Tfas_chr10	12000001	1.3e+07	0	0
286	Tfas_chr10	13000001	1.4e+07	0	0
287	Tfas_chr10	14000001	1.5e+07	1	0.0666666666666667
288	Tfas_chr10	15000001	1.6e+07	1	0.0833333333333333
289	Tfas_chr10	16000001	1.7e+07	2	0.117647058823529
290	Tfas_chr10	17000001	1.8e+07	0	0
291	Tfas_chr10	18000001	1.9e+07	1	0.0476190476190476
292	Tfas_chr10	19000001	2e+07	3	0.0833333333333333
293	Tfas_chr10	20000001	2.1e+07	0	0
294	Tfas_chr10	21000001	2.2e+07	2	0.025
295	Tfas_chr10	22000001	2.3e+07	1	0.0117647058823529
296	Tfas_chr10	23000001	2.4e+07	4	0.0327868852459016
297	Tfas_chr10	24000001	2.5e+07	5	0.0427350427350427
298	Tfas_chr10	25000001	2.6e+07	4	0.0317460317460317
299	Tfas_chr10	26000001	2.7e+07	0	0
300	Tfas_chr11	1	1e+06	2	0.021505376344086
301	Tfas_chr11	1000001	2e+06	5	0.0476190476190476
302	Tfas_chr11	2000001	3e+06	7	0.0707070707070707
303	Tfas_chr11	3000001	4e+06	1	0.00854700854700855
304	Tfas_chr11	4000001	5e+06	4	0.036697247706422
305	Tfas_chr11	5000001	6e+06	4	0.0540540540540541
306	Tfas_chr11	6000001	7e+06	1	0.0149253731343284
307	Tfas_chr11	7000001	8e+06	1	0.0222222222222222
308	Tfas_chr11	8000001	9e+06	0	0
309	Tfas_chr11	9000001	1e+07	3	0.0810810810810811
310	Tfas_chr11	10000001	1.1e+07	0	0
311	Tfas_chr11	11000001	1.2e+07	1	0.0344827586206897
312	Tfas_chr11	12000001	1.3e+07	2	0.0714285714285714
313	Tfas_chr11	13000001	1.4e+07	0	0
314	Tfas_chr11	14000001	1.5e+07	1	0.142857142857143
315	Tfas_chr11	15000001	1.6e+07	0	0
316	Tfas_chr11	16000001	1.7e+07	0	0
317	Tfas_chr11	17000001	1.8e+07	0	0
318	Tfas_chr11	18000001	1.9e+07	0	0
319	Tfas_chr11	19000001	2e+07	2	0.0769230769230769
320	Tfas_chr11	20000001	2.1e+07	2	0.1
321	Tfas_chr11	21000001	2.2e+07	1	0.05
322	Tfas_chr11	22000001	2.3e+07	1	0.0769230769230769
323	Tfas_chr11	23000001	2.4e+07	2	0.0392156862745098
324	Tfas_chr11	24000001	2.5e+07	0	0
325	Tfas_chr11	25000001	2.6e+07	3	0.0638297872340425
326	Tfas_chr12	1	1e+06	3	0.0303030303030303
327	Tfas_chr12	1000001	2e+06	4	0.0434782608695652
328	Tfas_chr12	2000001	3e+06	7	0.0786516853932584
329	Tfas_chr12	3000001	4e+06	3	0.0461538461538462
330	Tfas_chr12	4000001	5e+06	4	0.0769230769230769
331	Tfas_chr12	5000001	6e+06	1	0.03125
332	Tfas_chr12	6000001	7e+06	2	0.0869565217391304
333	Tfas_chr12	7000001	8e+06	1	0.0526315789473684
334	Tfas_chr12	8000001	9e+06	0	0
335	Tfas_chr12	9000001	1e+07	1	0.0666666666666667
336	Tfas_chr12	10000001	1.1e+07	0	0
337	Tfas_chr12	11000001	1.2e+07	0	0
338	Tfas_chr12	12000001	1.3e+07	1	0.1
339	Tfas_chr12	13000001	1.4e+07	0	0
340	Tfas_chr12	14000001	1.5e+07	0	0
341	Tfas_chr12	15000001	1.6e+07	0	0
342	Tfas_chr12	16000001	1.7e+07	1	0.25
343	Tfas_chr12	17000001	1.8e+07	0	0
344	Tfas_chr12	18000001	1.9e+07	0	0
345	Tfas_chr12	19000001	2e+07	0	0
346	Tfas_chr12	20000001	2.1e+07	0	0
347	Tfas_chr12	21000001	2.2e+07	1	0.0277777777777778
348	Tfas_chr12	22000001	2.3e+07	0	0
349	Tfas_chr12	23000001	2.4e+07	2	0.0408163265306122
350	Tfas_chr12	24000001	2.5e+07	2	0.0392156862745098
351	Tfas_chr12	25000001	2.6e+07	2	0.0769230769230769
352	Tfas_chr13	1	1e+06	7	0.0714285714285714
353	Tfas_chr13	1000001	2e+06	3	0.03125
354	Tfas_chr13	2000001	3e+06	5	0.0384615384615385
355	Tfas_chr13	3000001	4e+06	7	0.0721649484536082
356	Tfas_chr13	4000001	5e+06	1	0.0144927536231884
357	Tfas_chr13	5000001	6e+06	2	0.0416666666666667
358	Tfas_chr13	6000001	7e+06	0	0
359	Tfas_chr13	7000001	8e+06	5	0.208333333333333
360	Tfas_chr13	8000001	9e+06	0	0
361	Tfas_chr13	9000001	1e+07	0	0
362	Tfas_chr13	10000001	1.1e+07	0	0
363	Tfas_chr13	11000001	1.2e+07	1	0.166666666666667
364	Tfas_chr13	12000001	1.3e+07	1	0.166666666666667
365	Tfas_chr13	13000001	1.4e+07	0	0
366	Tfas_chr13	14000001	1.5e+07	1	0.125
367	Tfas_chr13	15000001	1.6e+07	0	0
368	Tfas_chr13	16000001	1.7e+07	0	0
369	Tfas_chr13	17000001	1.8e+07	1	0.0625
370	Tfas_chr13	18000001	1.9e+07	0	0
371	Tfas_chr13	19000001	2e+07	0	0
372	Tfas_chr13	20000001	2.1e+07	0	0
373	Tfas_chr13	21000001	2.2e+07	1	0.0555555555555556
374	Tfas_chr13	22000001	2.3e+07	0	0
375	Tfas_chr13	23000001	2.4e+07	2	0.0377358490566038
376	Tfas_chr13	24000001	2.5e+07	2	0.0266666666666667
377	Tfas_chr14	1	1e+06	0	0
378	Tfas_chr14	1000001	2e+06	5	0.0462962962962963
379	Tfas_chr14	2000001	3e+06	0	0
380	Tfas_chr14	3000001	4e+06	0	0
381	Tfas_chr14	4000001	5e+06	3	0.0612244897959184
382	Tfas_chr14	5000001	6e+06	1	0.04
383	Tfas_chr14	6000001	7e+06	0	0
384	Tfas_chr14	7000001	8e+06	0	0
385	Tfas_chr14	8000001	9e+06	0	0
386	Tfas_chr14	9000001	1e+07	0	0
387	Tfas_chr14	10000001	1.1e+07	0	0
388	Tfas_chr14	11000001	1.2e+07	0	0
389	Tfas_chr14	12000001	1.3e+07	0	0
390	Tfas_chr14	13000001	1.4e+07	1	0.0769230769230769
391	Tfas_chr14	14000001	1.5e+07	0	0
392	Tfas_chr14	15000001	1.6e+07	0	0
393	Tfas_chr14	16000001	1.7e+07	0	0
394	Tfas_chr14	17000001	1.8e+07	0	0
395	Tfas_chr14	18000001	1.9e+07	0	0
396	Tfas_chr14	19000001	2e+07	0	0
397	Tfas_chr14	20000001	2.1e+07	0	0
398	Tfas_chr14	21000001	2.2e+07	0	0
399	Tfas_chr14	22000001	2.3e+07	1	0.0526315789473684
400	Tfas_chr14	23000001	2.4e+07	0	0
401	Tfas_chr14	24000001	2.5e+07	0	0
402	Tfas_chr15	1	1e+06	2	0.0229885057471264
403	Tfas_chr15	1000001	2e+06	1	0.0238095238095238
404	Tfas_chr15	2000001	3e+06	0	0
405	Tfas_chr15	3000001	4e+06	0	0
406	Tfas_chr15	4000001	5e+06	0	0
407	Tfas_chr15	5000001	6e+06	0	0
408	Tfas_chr15	6000001	7e+06	1	0.1
409	Tfas_chr15	7000001	8e+06	1	0.0526315789473684
410	Tfas_chr15	8000001	9e+06	0	0
411	Tfas_chr15	9000001	1e+07	1	0.1
412	Tfas_chr15	10000001	1.1e+07	1	0.1
413	Tfas_chr15	11000001	1.2e+07	1	0.0769230769230769
414	Tfas_chr15	12000001	1.3e+07	1	0.1
415	Tfas_chr15	13000001	1.4e+07	1	0.142857142857143
416	Tfas_chr15	14000001	1.5e+07	0	0
417	Tfas_chr15	15000001	1.6e+07	0	0
418	Tfas_chr15	16000001	1.7e+07	0	0
419	Tfas_chr15	17000001	1.8e+07	1	0.03125
420	Tfas_chr15	18000001	1.9e+07	1	0.0285714285714286
421	Tfas_chr15	19000001	2e+07	1	0.0120481927710843
422	Tfas_chr15	20000001	2.1e+07	2	0.019047619047619
423	Tfas_chr15	21000001	2.2e+07	2	0.0206185567010309
424	Tfas_chr15	22000001	2.3e+07	5	0.04
425	Tfas_chr15	23000001	2.4e+07	5	0.0625
426	Tfas_chr16	1	1e+06	4	0.05
427	Tfas_chr16	1000001	2e+06	0	0
428	Tfas_chr16	2000001	3e+06	7	0.137254901960784
429	Tfas_chr16	3000001	4e+06	1	0.0294117647058824
430	Tfas_chr16	4000001	5e+06	0	0
431	Tfas_chr16	5000001	6e+06	1	0.111111111111111
432	Tfas_chr16	6000001	7e+06	0	0
433	Tfas_chr16	7000001	8e+06	0	0
434	Tfas_chr16	8000001	9e+06	0	0
435	Tfas_chr16	9000001	1e+07	0	0
436	Tfas_chr16	10000001	1.1e+07	0	0
437	Tfas_chr16	11000001	1.2e+07	2	0.153846153846154
438	Tfas_chr16	12000001	1.3e+07	1	0.0833333333333333
439	Tfas_chr16	13000001	1.4e+07	0	0
440	Tfas_chr16	14000001	1.5e+07	0	0
441	Tfas_chr16	15000001	1.6e+07	0	0
442	Tfas_chr16	16000001	1.7e+07	2	0.142857142857143
443	Tfas_chr16	17000001	1.8e+07	0	0
444	Tfas_chr16	18000001	1.9e+07	3	0.0789473684210526
445	Tfas_chr16	19000001	2e+07	0	0
446	Tfas_chr16	20000001	2.1e+07	3	0.038961038961039
447	Tfas_chr16	21000001	2.2e+07	1	0.0106382978723404
448	Tfas_chr16	22000001	2.3e+07	3	0.024
449	Tfas_chr16	23000001	2.4e+07	2	0.0266666666666667
450	Tfas_chr17	1	1e+06	0	0
451	Tfas_chr17	1000001	2e+06	0	0
452	Tfas_chr17	2000001	3e+06	0	0
453	Tfas_chr17	3000001	4e+06	0	0
454	Tfas_chr17	4000001	5e+06	0	0
455	Tfas_chr17	5000001	6e+06	0	0
456	Tfas_chr17	6000001	7e+06	1	0.0833333333333333
457	Tfas_chr17	7000001	8e+06	0	0
458	Tfas_chr17	8000001	9e+06	2	0.0740740740740741
459	Tfas_chr17	9000001	1e+07	2	0.0465116279069767
460	Tfas_chr17	10000001	1.1e+07	0	0
461	Tfas_chr17	11000001	1.2e+07	1	0.166666666666667
462	Tfas_chr17	12000001	1.3e+07	0	0
463	Tfas_chr17	13000001	1.4e+07	0	0
464	Tfas_chr17	14000001	1.5e+07	0	0
465	Tfas_chr17	15000001	1.6e+07	0	0
466	Tfas_chr17	16000001	1.7e+07	1	0.0181818181818182
467	Tfas_chr17	17000001	1.8e+07	0	0
468	Tfas_chr17	18000001	1.9e+07	0	0
469	Tfas_chr17	19000001	2e+07	2	0.0163934426229508
470	Tfas_chr17	20000001	2.1e+07	2	0.0168067226890756
471	Tfas_chr17	21000001	2.2e+07	6	0.0895522388059701
472	Tfas_chr18	1	1e+06	3	0.0245901639344262
473	Tfas_chr18	1000001	2e+06	3	0.024390243902439
474	Tfas_chr18	2000001	3e+06	4	0.0388349514563107
475	Tfas_chr18	3000001	4e+06	1	0.0147058823529412
476	Tfas_chr18	4000001	5e+06	2	0.0512820512820513
477	Tfas_chr18	5000001	6e+06	2	0.0666666666666667
478	Tfas_chr18	6000001	7e+06	0	0
479	Tfas_chr18	7000001	8e+06	1	0.0909090909090909
480	Tfas_chr18	8000001	9e+06	0	0
481	Tfas_chr18	9000001	1e+07	0	0
482	Tfas_chr18	10000001	1.1e+07	0	0
483	Tfas_chr18	11000001	1.2e+07	0	0
484	Tfas_chr18	12000001	1.3e+07	1	0.0909090909090909
485	Tfas_chr18	13000001	1.4e+07	2	0.111111111111111
486	Tfas_chr18	14000001	1.5e+07	1	0.032258064516129
487	Tfas_chr18	15000001	1.6e+07	3	0.0697674418604651
488	Tfas_chr18	16000001	1.7e+07	0	0
489	Tfas_chr18	17000001	1.8e+07	1	0.0357142857142857
490	Tfas_chr18	18000001	1.9e+07	0	0
491	Tfas_chr18	19000001	2e+07	1	0.0555555555555556
492	Tfas_chr18	20000001	2.1e+07	0	0
493	Tfas_chr18	21000001	2.2e+07	0	0
494	Tfas_chr19	1	1e+06	2	0.018018018018018
495	Tfas_chr19	1000001	2e+06	1	0.00862068965517241
496	Tfas_chr19	2000001	3e+06	4	0.0347826086956522
497	Tfas_chr19	3000001	4e+06	1	0.0135135135135135
498	Tfas_chr19	4000001	5e+06	3	0.0697674418604651
499	Tfas_chr19	5000001	6e+06	0	0
500	Tfas_chr19	6000001	7e+06	0	0
501	Tfas_chr19	7000001	8e+06	2	0.0952380952380952
502	Tfas_chr19	8000001	9e+06	0	0
503	Tfas_chr19	9000001	1e+07	1	0.0555555555555556
504	Tfas_chr19	10000001	1.1e+07	0	0
505	Tfas_chr19	11000001	1.2e+07	0	0
506	Tfas_chr19	12000001	1.3e+07	2	0.0769230769230769
507	Tfas_chr19	13000001	1.4e+07	0	0
508	Tfas_chr19	14000001	1.5e+07	0	0
509	Tfas_chr19	15000001	1.6e+07	2	0.1
510	Tfas_chr19	16000001	1.7e+07	0	0
511	Tfas_chr19	17000001	1.8e+07	4	0.129032258064516
512	Tfas_chr19	18000001	1.9e+07	1	0.0769230769230769
513	Tfas_chr19	19000001	2e+07	0	0
514	Tfas_chr20	1	1e+06	3	0.0288461538461538
515	Tfas_chr20	1000001	2e+06	8	0.0740740740740741
516	Tfas_chr20	2000001	3e+06	1	0.0147058823529412
517	Tfas_chr20	3000001	4e+06	1	0.027027027027027
518	Tfas_chr20	4000001	5e+06	2	0.0571428571428571
519	Tfas_chr20	5000001	6e+06	0	0
520	Tfas_chr20	6000001	7e+06	0	0
521	Tfas_chr20	7000001	8e+06	1	0.125
522	Tfas_chr20	8000001	9e+06	0	0
523	Tfas_chr20	9000001	1e+07	0	0
524	Tfas_chr20	10000001	1.1e+07	0	0
525	Tfas_chr20	11000001	1.2e+07	2	0.1
526	Tfas_chr20	12000001	1.3e+07	1	0.0625
527	Tfas_chr20	13000001	1.4e+07	1	0.0769230769230769
528	Tfas_chr20	14000001	1.5e+07	2	0.0769230769230769
529	Tfas_chr20	15000001	1.6e+07	2	0.0625
530	Tfas_chr20	16000001	1.7e+07	1	0.027027027027027
531	Tfas_chr20	17000001	1.8e+07	0	0
532	Tfas_chr20	18000001	1.9e+07	2	0.024390243902439
533	Tfas_chr20	19000001	2e+07	1	0.04
534	Tfas_chr21	1	1e+06	1	0.0185185185185185
535	Tfas_chr21	1000001	2e+06	0	0
536	Tfas_chr21	2000001	3e+06	1	0.0185185185185185
537	Tfas_chr21	3000001	4e+06	1	0.0294117647058824
538	Tfas_chr21	4000001	5e+06	3	0.0909090909090909
539	Tfas_chr21	5000001	6e+06	0	0
540	Tfas_chr21	6000001	7e+06	1	0.0476190476190476
541	Tfas_chr21	7000001	8e+06	0	0
542	Tfas_chr21	8000001	9e+06	0	0
543	Tfas_chr21	9000001	1e+07	0	0
544	Tfas_chr21	10000001	1.1e+07	0	0
545	Tfas_chr21	11000001	1.2e+07	1	0.0416666666666667
546	Tfas_chr21	12000001	1.3e+07	1	0.0303030303030303
547	Tfas_chr21	13000001	1.4e+07	2	0.0357142857142857
548	Tfas_chr21	14000001	1.5e+07	1	0.0131578947368421
549	Tfas_chr21	15000001	1.6e+07	2	0.0204081632653061
550	Tfas_chr21	16000001	1.7e+07	3	0.024
551	Tfas_chr21	17000001	1.8e+07	5	0.0480769230769231
552	Tfas_chr21	18000001	1.9e+07	0	0
553	Tfas_chr22	1	1e+06	1	0.0169491525423729
554	Tfas_chr22	1000001	2e+06	0	0
555	Tfas_chr22	2000001	3e+06	2	0.05
556	Tfas_chr22	3000001	4e+06	0	0
557	Tfas_chr22	4000001	5e+06	1	0.0769230769230769
558	Tfas_chr22	5000001	6e+06	1	0.2
559	Tfas_chr22	6000001	7e+06	0	0
560	Tfas_chr22	7000001	8e+06	3	0.125
561	Tfas_chr22	8000001	9e+06	1	0.0333333333333333
562	Tfas_chr22	9000001	1e+07	1	0.024390243902439
563	Tfas_chr22	10000001	1.1e+07	2	0.0571428571428571
564	Tfas_chr22	11000001	1.2e+07	1	0.0454545454545455
565	Tfas_chr22	12000001	1.3e+07	3	0.0535714285714286
566	Tfas_chr22	13000001	1.4e+07	3	0.0337078651685393
567	Tfas_chr22	14000001	1.5e+07	4	0.04
568	Tfas_chr22	15000001	1.6e+07	5	0.0416666666666667
569	Tfas_chr22	16000001	1.7e+07	5	0.0423728813559322
570	Tfas_chr22	17000001	1.8e+07	0	0
571	Tfas_chr23	1	1e+06	5	0.0694444444444444
572	Tfas_chr23	1000001	2e+06	1	0.0172413793103448
573	Tfas_chr23	2000001	3e+06	1	0.0178571428571429
574	Tfas_chr23	3000001	4e+06	0	0
575	Tfas_chr23	4000001	5e+06	2	0.0555555555555556
576	Tfas_chr23	5000001	6e+06	1	0.0384615384615385
577	Tfas_chr23	6000001	7e+06	2	0.117647058823529
578	Tfas_chr23	7000001	8e+06	2	0.142857142857143
579	Tfas_chr23	8000001	9e+06	0	0
580	Tfas_chr23	9000001	1e+07	1	0.0769230769230769
581	Tfas_chr23	10000001	1.1e+07	1	0.0526315789473684
582	Tfas_chr23	11000001	1.2e+07	0	0
583	Tfas_chr23	12000001	1.3e+07	2	0.0625
584	Tfas_chr23	13000001	1.4e+07	1	0.025
585	Tfas_chr23	14000001	1.5e+07	4	0.0373831775700935
586	Tfas_chr23	15000001	1.6e+07	3	0.025
587	Tfas_chr23	16000001	1.7e+07	3	0.0410958904109589
588	Tfas_chr24	1	1e+06	0	0
589	Tfas_chr24	1000001	2e+06	2	0.08
590	Tfas_chr24	2000001	3e+06	1	0.0333333333333333
591	Tfas_chr24	3000001	4e+06	0	0
592	Tfas_chr24	4000001	5e+06	0	0
593	Tfas_chr24	5000001	6e+06	0	0
594	Tfas_chr24	6000001	7e+06	3	0.0967741935483871
595	Tfas_chr24	7000001	8e+06	2	0.0952380952380952
596	Tfas_chr24	8000001	9e+06	3	0.0535714285714286
597	Tfas_chr24	9000001	1e+07	4	0.0487804878048781
598	Tfas_chr24	10000001	1.1e+07	6	0.0638297872340425
599	Tfas_chr24	11000001	1.2e+07	2	0.0188679245283019
600	Tfas_chr24	12000001	1.3e+07	2	0.0206185567010309
601	Tfas_chr24	13000001	1.4e+07	3	0.0666666666666667
602	Tfas_chr25	1	1e+06	3	0.0263157894736842
603	Tfas_chr25	1000001	2e+06	1	0.00917431192660551
604	Tfas_chr25	2000001	3e+06	2	0.03125
605	Tfas_chr25	3000001	4e+06	0	0
606	Tfas_chr25	4000001	5e+06	0	0
607	Tfas_chr25	5000001	6e+06	0	0
608	Tfas_chr25	6000001	7e+06	2	0.0740740740740741
609	Tfas_chr25	7000001	8e+06	1	0.0217391304347826
610	Tfas_chr25	8000001	9e+06	2	0.0909090909090909
611	Tfas_chr25	9000001	1e+07	3	0.0625
612	Tfas_chr25	10000001	1.1e+07	3	0.0526315789473684
613	Tfas_chr25	11000001	1.2e+07	4	0.0459770114942529
614	Tfas_chr25	12000001	1.3e+07	0	0
615	Tlei_chr1	1	1e+06	6	0.058252427184466
616	Tlei_chr1	1000001	2e+06	3	0.0526315789473684
617	Tlei_chr1	2000001	3e+06	1	0.0434782608695652
618	Tlei_chr1	3000001	4e+06	1	0.0416666666666667
619	Tlei_chr1	4000001	5e+06	1	0.0588235294117647
620	Tlei_chr1	5000001	6e+06	0	0
621	Tlei_chr1	6000001	7e+06	1	0.125
622	Tlei_chr1	7000001	8e+06	1	0.25
623	Tlei_chr1	8000001	9e+06	0	0
624	Tlei_chr1	9000001	1e+07	2	0.25
625	Tlei_chr1	10000001	1.1e+07	1	0.166666666666667
626	Tlei_chr1	11000001	1.2e+07	0	0
627	Tlei_chr1	12000001	1.3e+07	0	0
628	Tlei_chr1	13000001	1.4e+07	0	0
629	Tlei_chr1	14000001	1.5e+07	0	0
630	Tlei_chr1	15000001	1.6e+07	0	0
631	Tlei_chr1	16000001	1.7e+07	0	0
632	Tlei_chr1	17000001	1.8e+07	0	0
633	Tlei_chr1	18000001	1.9e+07	1	0.2
634	Tlei_chr1	19000001	2e+07	1	0.111111111111111
635	Tlei_chr1	20000001	2.1e+07	1	0.166666666666667
636	Tlei_chr1	21000001	2.2e+07	0	0
637	Tlei_chr1	22000001	2.3e+07	0	0
638	Tlei_chr1	23000001	2.4e+07	0	0
639	Tlei_chr1	24000001	2.5e+07	0	0
640	Tlei_chr1	25000001	2.6e+07	1	0.142857142857143
641	Tlei_chr1	26000001	2.7e+07	1	0.25
642	Tlei_chr1	27000001	2.8e+07	0	0
643	Tlei_chr1	28000001	2.9e+07	0	0
644	Tlei_chr1	29000001	3e+07	0	0
645	Tlei_chr1	30000001	3.1e+07	0	0
646	Tlei_chr1	31000001	3.2e+07	0	0
647	Tlei_chr1	32000001	3.3e+07	0	0
648	Tlei_chr1	33000001	3.4e+07	0	0
649	Tlei_chr1	34000001	3.5e+07	0	0
650	Tlei_chr1	35000001	3.6e+07	0	0
651	Tlei_chr1	36000001	3.7e+07	0	0
652	Tlei_chr1	37000001	3.8e+07	0	0
653	Tlei_chr1	38000001	3.9e+07	0	0
654	Tlei_chr1	39000001	4e+07	0	0
655	Tlei_chr1	40000001	4.1e+07	1	0.25
656	Tlei_chr1	41000001	4.2e+07	0	0
657	Tlei_chr1	42000001	4.3e+07	0	0
658	Tlei_chr1	43000001	4.4e+07	0	0
659	Tlei_chr1	44000001	4.5e+07	0	0
660	Tlei_chr1	45000001	4.6e+07	1	1
661	Tlei_chr1	46000001	4.7e+07	0	0
662	Tlei_chr1	47000001	4.8e+07	0	0
663	Tlei_chr1	48000001	4.9e+07	0	0
664	Tlei_chr1	49000001	5e+07	0	0
665	Tlei_chr1	50000001	5.1e+07	2	0.0833333333333333
666	Tlei_chr1	51000001	5.2e+07	0	0
667	Tlei_chr1	52000001	5.3e+07	1	0.03125
668	Tlei_chr1	53000001	5.4e+07	4	0.0740740740740741
669	Tlei_chr1	54000001	5.5e+07	8	0.105263157894737
670	Tlei_chr1	55000001	5.6e+07	0	0
671	Tlei_chr1	56000001	5.7e+07	2	0.0204081632653061
672	Tlei_chr1	57000001	5.8e+07	3	0.0315789473684211
673	Tlei_chr1	58000001	5.9e+07	2	0.0232558139534884
674	Tlei_chr1	59000001	6e+07	5	0.0495049504950495
675	Tlei_chr1	60000001	6.1e+07	1	0.0416666666666667
676	Tlei_chr2	1	1e+06	6	0.0566037735849057
677	Tlei_chr2	1000001	2e+06	3	0.0260869565217391
678	Tlei_chr2	2000001	3e+06	1	0.0101010101010101
679	Tlei_chr2	3000001	4e+06	4	0.0506329113924051
680	Tlei_chr2	4000001	5e+06	1	0.0217391304347826
681	Tlei_chr2	5000001	6e+06	3	0.103448275862069
682	Tlei_chr2	6000001	7e+06	3	0.166666666666667
683	Tlei_chr2	7000001	8e+06	3	0.12
684	Tlei_chr2	8000001	9e+06	0	0
685	Tlei_chr2	9000001	1e+07	0	0
686	Tlei_chr2	10000001	1.1e+07	0	0
687	Tlei_chr2	11000001	1.2e+07	0	0
688	Tlei_chr2	12000001	1.3e+07	1	0.111111111111111
689	Tlei_chr2	13000001	1.4e+07	0	0
690	Tlei_chr2	14000001	1.5e+07	0	0
691	Tlei_chr2	15000001	1.6e+07	0	0
692	Tlei_chr2	16000001	1.7e+07	1	0.5
693	Tlei_chr2	17000001	1.8e+07	1	0.5
694	Tlei_chr2	18000001	1.9e+07	0	0
695	Tlei_chr2	19000001	2e+07	1	0.142857142857143
696	Tlei_chr2	20000001	2.1e+07	0	0
697	Tlei_chr2	21000001	2.2e+07	0	0
698	Tlei_chr2	22000001	2.3e+07	0	0
699	Tlei_chr2	23000001	2.4e+07	0	0
700	Tlei_chr2	24000001	2.5e+07	0	0
701	Tlei_chr2	25000001	2.6e+07	0	0
702	Tlei_chr2	26000001	2.7e+07	0	0
703	Tlei_chr2	27000001	2.8e+07	0	0
704	Tlei_chr2	28000001	2.9e+07	1	0.142857142857143
705	Tlei_chr2	29000001	3e+07	0	0
706	Tlei_chr2	30000001	3.1e+07	0	0
707	Tlei_chr2	31000001	3.2e+07	1	0.333333333333333
708	Tlei_chr2	32000001	3.3e+07	0	0
709	Tlei_chr2	33000001	3.4e+07	1	0.25
710	Tlei_chr2	34000001	3.5e+07	1	0.111111111111111
711	Tlei_chr2	35000001	3.6e+07	1	0.111111111111111
712	Tlei_chr2	36000001	3.7e+07	0	0
713	Tlei_chr2	37000001	3.8e+07	0	0
714	Tlei_chr2	38000001	3.9e+07	0	0
715	Tlei_chr2	39000001	4e+07	0	0
716	Tlei_chr2	40000001	4.1e+07	0	0
717	Tlei_chr2	41000001	4.2e+07	1	0.142857142857143
718	Tlei_chr2	42000001	4.3e+07	0	0
719	Tlei_chr2	43000001	4.4e+07	0	0
720	Tlei_chr2	44000001	4.5e+07	0	0
721	Tlei_chr2	45000001	4.6e+07	0	0
722	Tlei_chr2	46000001	4.7e+07	0	0
723	Tlei_chr2	47000001	4.8e+07	0	0
724	Tlei_chr2	48000001	4.9e+07	0	0
725	Tlei_chr2	49000001	5e+07	1	0.0833333333333333
726	Tlei_chr2	50000001	5.1e+07	1	0.0303030303030303
727	Tlei_chr2	51000001	5.2e+07	1	0.025
728	Tlei_chr2	52000001	5.3e+07	3	0.0882352941176471
729	Tlei_chr2	53000001	5.4e+07	1	0.0232558139534884
730	Tlei_chr2	54000001	5.5e+07	2	0.0363636363636364
731	Tlei_chr2	55000001	5.6e+07	3	0.0337078651685393
732	Tlei_chr2	56000001	5.7e+07	4	0.0327868852459016
733	Tlei_chr2	57000001	5.8e+07	0	0
734	Tlei_chr3	1	1e+06	4	0.0547945205479452
735	Tlei_chr3	1000001	2e+06	3	0.0461538461538462
736	Tlei_chr3	2000001	3e+06	2	0.04
737	Tlei_chr3	3000001	4e+06	0	0
738	Tlei_chr3	4000001	5e+06	0	0
739	Tlei_chr3	5000001	6e+06	1	0.142857142857143
740	Tlei_chr3	6000001	7e+06	0	0
741	Tlei_chr3	7000001	8e+06	0	0
742	Tlei_chr3	8000001	9e+06	0	0
743	Tlei_chr3	9000001	1e+07	0	0
744	Tlei_chr3	10000001	1.1e+07	0	0
745	Tlei_chr3	11000001	1.2e+07	0	0
746	Tlei_chr3	12000001	1.3e+07	0	0
747	Tlei_chr3	13000001	1.4e+07	0	0
748	Tlei_chr3	14000001	1.5e+07	1	0.142857142857143
749	Tlei_chr3	15000001	1.6e+07	0	0
750	Tlei_chr3	16000001	1.7e+07	0	0
751	Tlei_chr3	17000001	1.8e+07	0	0
752	Tlei_chr3	18000001	1.9e+07	0	0
753	Tlei_chr3	19000001	2e+07	0	0
754	Tlei_chr3	20000001	2.1e+07	1	0.0769230769230769
755	Tlei_chr3	21000001	2.2e+07	0	0
756	Tlei_chr3	22000001	2.3e+07	0	0
757	Tlei_chr3	23000001	2.4e+07	0	0
758	Tlei_chr3	24000001	2.5e+07	0	0
759	Tlei_chr3	25000001	2.6e+07	0	0
760	Tlei_chr3	26000001	2.7e+07	0	0
761	Tlei_chr3	27000001	2.8e+07	0	0
762	Tlei_chr3	28000001	2.9e+07	0	0
763	Tlei_chr3	29000001	3e+07	0	0
764	Tlei_chr3	30000001	3.1e+07	0	0
765	Tlei_chr3	31000001	3.2e+07	0	0
766	Tlei_chr3	32000001	3.3e+07	1	0.5
767	Tlei_chr3	33000001	3.4e+07	1	0.166666666666667
768	Tlei_chr3	34000001	3.5e+07	0	0
769	Tlei_chr3	35000001	3.6e+07	0	0
770	Tlei_chr3	36000001	3.7e+07	0	0
771	Tlei_chr3	37000001	3.8e+07	0	0
772	Tlei_chr3	38000001	3.9e+07	1	0.0769230769230769
773	Tlei_chr3	39000001	4e+07	2	0.666666666666667
774	Tlei_chr3	40000001	4.1e+07	1	0.333333333333333
775	Tlei_chr3	41000001	4.2e+07	0	0
776	Tlei_chr3	42000001	4.3e+07	0	0
777	Tlei_chr3	43000001	4.4e+07	0	0
778	Tlei_chr3	44000001	4.5e+07	0	0
779	Tlei_chr3	45000001	4.6e+07	0	0
780	Tlei_chr3	46000001	4.7e+07	0	0
781	Tlei_chr3	47000001	4.8e+07	0	0
782	Tlei_chr3	48000001	4.9e+07	1	0.0833333333333333
783	Tlei_chr3	49000001	5e+07	1	0.0384615384615385
784	Tlei_chr3	50000001	5.1e+07	0	0
785	Tlei_chr3	51000001	5.2e+07	2	0.0476190476190476
786	Tlei_chr3	52000001	5.3e+07	4	0.0493827160493827
787	Tlei_chr3	53000001	5.4e+07	7	0.074468085106383
788	Tlei_chr3	54000001	5.5e+07	2	0.0344827586206897
789	Tlei_chr3	55000001	5.6e+07	3	0.107142857142857
790	Tlei_chr4	1	1e+06	6	0.0521739130434783
791	Tlei_chr4	1000001	2e+06	4	0.0350877192982456
792	Tlei_chr4	2000001	3e+06	4	0.0408163265306122
793	Tlei_chr4	3000001	4e+06	2	0.02
794	Tlei_chr4	4000001	5e+06	1	0.0217391304347826
795	Tlei_chr4	5000001	6e+06	0	0
796	Tlei_chr4	6000001	7e+06	1	0.0476190476190476
797	Tlei_chr4	7000001	8e+06	0	0
798	Tlei_chr4	8000001	9e+06	0	0
799	Tlei_chr4	9000001	1e+07	0	0
800	Tlei_chr4	10000001	1.1e+07	0	0
801	Tlei_chr4	11000001	1.2e+07	0	0
802	Tlei_chr4	12000001	1.3e+07	0	0
803	Tlei_chr4	13000001	1.4e+07	0	0
804	Tlei_chr4	14000001	1.5e+07	0	0
805	Tlei_chr4	15000001	1.6e+07	0	0
806	Tlei_chr4	16000001	1.7e+07	0	0
807	Tlei_chr4	17000001	1.8e+07	0	0
808	Tlei_chr4	18000001	1.9e+07	0	0
809	Tlei_chr4	19000001	2e+07	0	0
810	Tlei_chr4	20000001	2.1e+07	0	0
811	Tlei_chr4	21000001	2.2e+07	0	0
812	Tlei_chr4	22000001	2.3e+07	0	0
813	Tlei_chr4	23000001	2.4e+07	0	0
814	Tlei_chr4	24000001	2.5e+07	0	0
815	Tlei_chr4	25000001	2.6e+07	0	0
816	Tlei_chr4	26000001	2.7e+07	1	0.125
817	Tlei_chr4	27000001	2.8e+07	0	0
818	Tlei_chr4	28000001	2.9e+07	1	0.333333333333333
819	Tlei_chr4	29000001	3e+07	0	0
820	Tlei_chr4	30000001	3.1e+07	0	0
821	Tlei_chr4	31000001	3.2e+07	1	0.166666666666667
822	Tlei_chr4	32000001	3.3e+07	0	0
823	Tlei_chr4	33000001	3.4e+07	0	0
824	Tlei_chr4	34000001	3.5e+07	0	0
825	Tlei_chr4	35000001	3.6e+07	0	0
826	Tlei_chr4	36000001	3.7e+07	0	0
827	Tlei_chr4	37000001	3.8e+07	1	0.142857142857143
828	Tlei_chr4	38000001	3.9e+07	0	0
829	Tlei_chr4	39000001	4e+07	0	0
830	Tlei_chr4	40000001	4.1e+07	1	0.5
831	Tlei_chr4	41000001	4.2e+07	0	0
832	Tlei_chr4	42000001	4.3e+07	1	0.333333333333333
833	Tlei_chr4	43000001	4.4e+07	0	0
834	Tlei_chr4	44000001	4.5e+07	0	0
835	Tlei_chr4	45000001	4.6e+07	0	0
836	Tlei_chr4	46000001	4.7e+07	0	0
837	Tlei_chr4	47000001	4.8e+07	0	0
838	Tlei_chr4	48000001	4.9e+07	0	0
839	Tlei_chr4	49000001	5e+07	1	0.125
840	Tlei_chr4	50000001	5.1e+07	0	0
841	Tlei_chr4	51000001	5.2e+07	0	0
842	Tlei_chr4	52000001	5.3e+07	1	0.0555555555555556
843	Tlei_chr4	53000001	5.4e+07	3	0.107142857142857
844	Tlei_chr4	54000001	5.5e+07	1	0.0169491525423729
845	Tlei_chr4	55000001	5.6e+07	2	0.0571428571428571
846	Tlei_chr5	1	1e+06	3	0.0365853658536585
847	Tlei_chr5	1000001	2e+06	4	0.043010752688172
848	Tlei_chr5	2000001	3e+06	8	0.121212121212121
849	Tlei_chr5	3000001	4e+06	4	0.0597014925373134
850	Tlei_chr5	4000001	5e+06	4	0.0930232558139535
851	Tlei_chr5	5000001	6e+06	1	0.0333333333333333
852	Tlei_chr5	6000001	7e+06	1	0.05
853	Tlei_chr5	7000001	8e+06	1	0.111111111111111
854	Tlei_chr5	8000001	9e+06	0	0
855	Tlei_chr5	9000001	1e+07	0	0
856	Tlei_chr5	10000001	1.1e+07	0	0
857	Tlei_chr5	11000001	1.2e+07	1	0.142857142857143
858	Tlei_chr5	12000001	1.3e+07	0	0
859	Tlei_chr5	13000001	1.4e+07	0	0
860	Tlei_chr5	14000001	1.5e+07	0	0
861	Tlei_chr5	15000001	1.6e+07	0	0
862	Tlei_chr5	16000001	1.7e+07	0	0
863	Tlei_chr5	17000001	1.8e+07	0	0
864	Tlei_chr5	18000001	1.9e+07	0	0
865	Tlei_chr5	19000001	2e+07	0	0
866	Tlei_chr5	20000001	2.1e+07	0	0
867	Tlei_chr5	21000001	2.2e+07	0	0
868	Tlei_chr5	22000001	2.3e+07	0	0
869	Tlei_chr5	23000001	2.4e+07	0	0
870	Tlei_chr5	24000001	2.5e+07	0	0
871	Tlei_chr5	25000001	2.6e+07	0	0
872	Tlei_chr5	26000001	2.7e+07	0	0
873	Tlei_chr5	27000001	2.8e+07	0	0
874	Tlei_chr5	28000001	2.9e+07	0	0
875	Tlei_chr5	29000001	3e+07	0	0
876	Tlei_chr5	30000001	3.1e+07	0	0
877	Tlei_chr5	31000001	3.2e+07	0	0
878	Tlei_chr5	32000001	3.3e+07	0	0
879	Tlei_chr5	33000001	3.4e+07	0	0
880	Tlei_chr5	34000001	3.5e+07	0	0
881	Tlei_chr5	35000001	3.6e+07	0	0
882	Tlei_chr5	36000001	3.7e+07	0	0
883	Tlei_chr5	37000001	3.8e+07	0	0
884	Tlei_chr5	38000001	3.9e+07	0	0
885	Tlei_chr5	39000001	4e+07	1	0.333333333333333
886	Tlei_chr5	40000001	4.1e+07	0	0
887	Tlei_chr5	41000001	4.2e+07	0	0
888	Tlei_chr5	42000001	4.3e+07	1	0.333333333333333
889	Tlei_chr5	43000001	4.4e+07	0	0
890	Tlei_chr5	44000001	4.5e+07	0	0
891	Tlei_chr5	45000001	4.6e+07	0	0
892	Tlei_chr5	46000001	4.7e+07	0	0
893	Tlei_chr5	47000001	4.8e+07	0	0
894	Tlei_chr5	48000001	4.9e+07	0	0
895	Tlei_chr5	49000001	5e+07	0	0
896	Tlei_chr5	50000001	5.1e+07	0	0
897	Tlei_chr5	51000001	5.2e+07	0	0
898	Tlei_chr5	52000001	5.3e+07	0	0
899	Tlei_chr5	53000001	5.4e+07	3	0.0625
900	Tlei_chr5	54000001	5.5e+07	2	0.0444444444444444
901	Tlei_chr6	1	1e+06	2	0.0294117647058824
902	Tlei_chr6	1000001	2e+06	8	0.0776699029126214
903	Tlei_chr6	2000001	3e+06	2	0.0204081632653061
904	Tlei_chr6	3000001	4e+06	4	0.0454545454545455
905	Tlei_chr6	4000001	5e+06	6	0.0594059405940594
906	Tlei_chr6	5000001	6e+06	2	0.0555555555555556
907	Tlei_chr6	6000001	7e+06	0	0
908	Tlei_chr6	7000001	8e+06	0	0
909	Tlei_chr6	8000001	9e+06	0	0
910	Tlei_chr6	9000001	1e+07	0	0
911	Tlei_chr6	10000001	1.1e+07	0	0
912	Tlei_chr6	11000001	1.2e+07	0	0
913	Tlei_chr6	12000001	1.3e+07	0	0
914	Tlei_chr6	13000001	1.4e+07	0	0
915	Tlei_chr6	14000001	1.5e+07	0	0
916	Tlei_chr6	15000001	1.6e+07	0	0
917	Tlei_chr6	16000001	1.7e+07	0	0
918	Tlei_chr6	17000001	1.8e+07	0	0
919	Tlei_chr6	18000001	1.9e+07	2	0.5
920	Tlei_chr6	19000001	2e+07	0	0
921	Tlei_chr6	20000001	2.1e+07	0	0
922	Tlei_chr6	21000001	2.2e+07	1	0.5
923	Tlei_chr6	22000001	2.3e+07	0	0
924	Tlei_chr6	23000001	2.4e+07	0	0
925	Tlei_chr6	24000001	2.5e+07	0	0
926	Tlei_chr6	25000001	2.6e+07	1	0.0909090909090909
927	Tlei_chr6	26000001	2.7e+07	0	0
928	Tlei_chr6	27000001	2.8e+07	0	0
929	Tlei_chr6	28000001	2.9e+07	0	0
930	Tlei_chr6	29000001	3e+07	1	0.2
931	Tlei_chr6	30000001	3.1e+07	0	0
932	Tlei_chr6	31000001	3.2e+07	1	1
933	Tlei_chr6	32000001	3.3e+07	0	0
934	Tlei_chr6	33000001	3.4e+07	0	0
935	Tlei_chr6	34000001	3.5e+07	0	0
936	Tlei_chr6	35000001	3.6e+07	0	0
937	Tlei_chr6	36000001	3.7e+07	0	0
938	Tlei_chr6	37000001	3.8e+07	0	0
939	Tlei_chr6	38000001	3.9e+07	0	0
940	Tlei_chr6	39000001	4e+07	0	0
941	Tlei_chr6	40000001	4.1e+07	0	0
942	Tlei_chr6	41000001	4.2e+07	1	0.25
943	Tlei_chr6	42000001	4.3e+07	0	0
944	Tlei_chr6	43000001	4.4e+07	0	0
945	Tlei_chr6	44000001	4.5e+07	0	0
946	Tlei_chr6	45000001	4.6e+07	0	0
947	Tlei_chr6	46000001	4.7e+07	4	0.181818181818182
948	Tlei_chr6	47000001	4.8e+07	2	0.0769230769230769
949	Tlei_chr6	48000001	4.9e+07	2	0.0416666666666667
950	Tlei_chr6	49000001	5e+07	4	0.0579710144927536
951	Tlei_chr6	50000001	5.1e+07	2	0.0198019801980198
952	Tlei_chr6	51000001	5.2e+07	3	0.0297029702970297
953	Tlei_chr6	52000001	5.3e+07	2	0.0540540540540541
954	Tlei_chr7	1	1e+06	3	0.0272727272727273
955	Tlei_chr7	1000001	2e+06	4	0.0459770114942529
956	Tlei_chr7	2000001	3e+06	3	0.0476190476190476
957	Tlei_chr7	3000001	4e+06	1	0.0256410256410256
958	Tlei_chr7	4000001	5e+06	1	0.0384615384615385
959	Tlei_chr7	5000001	6e+06	0	0
960	Tlei_chr7	6000001	7e+06	1	0.1
961	Tlei_chr7	7000001	8e+06	0	0
962	Tlei_chr7	8000001	9e+06	0	0
963	Tlei_chr7	9000001	1e+07	2	0.333333333333333
964	Tlei_chr7	10000001	1.1e+07	1	0.5
965	Tlei_chr7	11000001	1.2e+07	0	0
966	Tlei_chr7	12000001	1.3e+07	1	0.25
967	Tlei_chr7	13000001	1.4e+07	1	0.2
968	Tlei_chr7	14000001	1.5e+07	1	0.333333333333333
969	Tlei_chr7	15000001	1.6e+07	0	0
970	Tlei_chr7	16000001	1.7e+07	0	0
971	Tlei_chr7	17000001	1.8e+07	0	0
972	Tlei_chr7	18000001	1.9e+07	0	0
973	Tlei_chr7	19000001	2e+07	0	0
974	Tlei_chr7	20000001	2.1e+07	1	0.333333333333333
975	Tlei_chr7	21000001	2.2e+07	0	0
976	Tlei_chr7	22000001	2.3e+07	0	0
977	Tlei_chr7	23000001	2.4e+07	0	0
978	Tlei_chr7	24000001	2.5e+07	0	0
979	Tlei_chr7	25000001	2.6e+07	0	0
980	Tlei_chr7	26000001	2.7e+07	0	0
981	Tlei_chr7	27000001	2.8e+07	0	0
982	Tlei_chr7	28000001	2.9e+07	0	0
983	Tlei_chr7	29000001	3e+07	0	0
984	Tlei_chr7	30000001	3.1e+07	0	0
985	Tlei_chr7	31000001	3.2e+07	0	0
986	Tlei_chr7	32000001	3.3e+07	0	0
987	Tlei_chr7	33000001	3.4e+07	0	0
988	Tlei_chr7	34000001	3.5e+07	0	0
989	Tlei_chr7	35000001	3.6e+07	0	0
990	Tlei_chr7	36000001	3.7e+07	1	0.111111111111111
991	Tlei_chr7	37000001	3.8e+07	0	0
992	Tlei_chr7	38000001	3.9e+07	0	0
993	Tlei_chr7	39000001	4e+07	1	0.333333333333333
994	Tlei_chr7	40000001	4.1e+07	0	0
995	Tlei_chr7	41000001	4.2e+07	0	0
996	Tlei_chr7	42000001	4.3e+07	1	0.25
997	Tlei_chr7	43000001	4.4e+07	0	0
998	Tlei_chr7	44000001	4.5e+07	0	0
999	Tlei_chr7	45000001	4.6e+07	0	0
1000	Tlei_chr7	46000001	4.7e+07	2	0.25
1001	Tlei_chr7	47000001	4.8e+07	0	0
1002	Tlei_chr7	48000001	4.9e+07	0	0
1003	Tlei_chr7	49000001	5e+07	2	0.0689655172413793
1004	Tlei_chr7	50000001	5.1e+07	1	0.0277777777777778
1005	Tlei_chr7	51000001	5.2e+07	5	0.0625
1006	Tlei_chr7	52000001	5.3e+07	2	0.0833333333333333
1007	Tlei_chr8	1	1e+06	8	0.0714285714285714
1008	Tlei_chr8	1000001	2e+06	1	0.0108695652173913
1009	Tlei_chr8	2000001	3e+06	3	0.0447761194029851
1010	Tlei_chr8	3000001	4e+06	1	0.0172413793103448
1011	Tlei_chr8	4000001	5e+06	1	0.04
1012	Tlei_chr8	5000001	6e+06	2	0.0952380952380952
1013	Tlei_chr8	6000001	7e+06	2	0.111111111111111
1014	Tlei_chr8	7000001	8e+06	1	0.0909090909090909
1015	Tlei_chr8	8000001	9e+06	0	0
1016	Tlei_chr8	9000001	1e+07	0	0
1017	Tlei_chr8	10000001	1.1e+07	0	0
1018	Tlei_chr8	11000001	1.2e+07	1	0.2
1019	Tlei_chr8	12000001	1.3e+07	1	0.2
1020	Tlei_chr8	13000001	1.4e+07	0	0
1021	Tlei_chr8	14000001	1.5e+07	0	0
1022	Tlei_chr8	15000001	1.6e+07	2	0.285714285714286
1023	Tlei_chr8	16000001	1.7e+07	0	0
1024	Tlei_chr8	17000001	1.8e+07	0	0
1025	Tlei_chr8	18000001	1.9e+07	0	0
1026	Tlei_chr8	19000001	2e+07	0	0
1027	Tlei_chr8	20000001	2.1e+07	0	0
1028	Tlei_chr8	21000001	2.2e+07	0	0
1029	Tlei_chr8	22000001	2.3e+07	0	0
1030	Tlei_chr8	23000001	2.4e+07	0	0
1031	Tlei_chr8	24000001	2.5e+07	0	0
1032	Tlei_chr8	25000001	2.6e+07	0	0
1033	Tlei_chr8	26000001	2.7e+07	1	0.5
1034	Tlei_chr8	27000001	2.8e+07	0	0
1035	Tlei_chr8	28000001	2.9e+07	0	0
1036	Tlei_chr8	29000001	3e+07	1	0.25
1037	Tlei_chr8	30000001	3.1e+07	0	0
1038	Tlei_chr8	31000001	3.2e+07	1	0.5
1039	Tlei_chr8	32000001	3.3e+07	0	0
1040	Tlei_chr8	33000001	3.4e+07	0	0
1041	Tlei_chr8	34000001	3.5e+07	0	0
1042	Tlei_chr8	35000001	3.6e+07	0	0
1043	Tlei_chr8	36000001	3.7e+07	0	0
1044	Tlei_chr8	37000001	3.8e+07	0	0
1045	Tlei_chr8	38000001	3.9e+07	0	0
1046	Tlei_chr8	39000001	4e+07	1	0.142857142857143
1047	Tlei_chr8	40000001	4.1e+07	0	0
1048	Tlei_chr8	41000001	4.2e+07	0	0
1049	Tlei_chr8	42000001	4.3e+07	0	0
1050	Tlei_chr8	43000001	4.4e+07	0	0
1051	Tlei_chr8	44000001	4.5e+07	0	0
1052	Tlei_chr8	45000001	4.6e+07	3	0.0833333333333333
1053	Tlei_chr8	46000001	4.7e+07	1	0.0384615384615385
1054	Tlei_chr8	47000001	4.8e+07	3	0.0638297872340425
1055	Tlei_chr8	48000001	4.9e+07	2	0.0425531914893617
1056	Tlei_chr8	49000001	5e+07	10	0.111111111111111
1057	Tlei_chr8	50000001	5.1e+07	4	0.0285714285714286
1058	Tlei_chr8	51000001	5.2e+07	0	0
1059	Tlei_chr9	1	1e+06	5	0.0416666666666667
1060	Tlei_chr9	1000001	2e+06	9	0.0737704918032787
1061	Tlei_chr9	2000001	3e+06	4	0.036036036036036
1062	Tlei_chr9	3000001	4e+06	7	0.1
1063	Tlei_chr9	4000001	5e+06	3	0.0447761194029851
1064	Tlei_chr9	5000001	6e+06	2	0.0588235294117647
1065	Tlei_chr9	6000001	7e+06	1	0.0416666666666667
1066	Tlei_chr9	7000001	8e+06	0	0
1067	Tlei_chr9	8000001	9e+06	1	0.111111111111111
1068	Tlei_chr9	9000001	1e+07	0	0
1069	Tlei_chr9	10000001	1.1e+07	1	0.125
1070	Tlei_chr9	11000001	1.2e+07	1	0.2
1071	Tlei_chr9	12000001	1.3e+07	0	0
1072	Tlei_chr9	13000001	1.4e+07	0	0
1073	Tlei_chr9	14000001	1.5e+07	0	0
1074	Tlei_chr9	15000001	1.6e+07	3	0.3
1075	Tlei_chr9	16000001	1.7e+07	0	0
1076	Tlei_chr9	17000001	1.8e+07	0	0
1077	Tlei_chr9	18000001	1.9e+07	0	0
1078	Tlei_chr9	19000001	2e+07	0	0
1079	Tlei_chr9	20000001	2.1e+07	0	0
1080	Tlei_chr9	21000001	2.2e+07	0	0
1081	Tlei_chr9	22000001	2.3e+07	0	0
1082	Tlei_chr9	23000001	2.4e+07	0	0
1083	Tlei_chr9	24000001	2.5e+07	0	0
1084	Tlei_chr9	25000001	2.6e+07	0	0
1085	Tlei_chr9	26000001	2.7e+07	0	0
1086	Tlei_chr9	27000001	2.8e+07	0	0
1087	Tlei_chr9	28000001	2.9e+07	0	0
1088	Tlei_chr9	29000001	3e+07	0	0
1089	Tlei_chr9	30000001	3.1e+07	0	0
1090	Tlei_chr9	31000001	3.2e+07	1	0.166666666666667
1091	Tlei_chr9	32000001	3.3e+07	1	0.1
1092	Tlei_chr9	33000001	3.4e+07	0	0
1093	Tlei_chr9	34000001	3.5e+07	0	0
1094	Tlei_chr9	35000001	3.6e+07	0	0
1095	Tlei_chr9	36000001	3.7e+07	0	0
1096	Tlei_chr9	37000001	3.8e+07	0	0
1097	Tlei_chr9	38000001	3.9e+07	0	0
1098	Tlei_chr9	39000001	4e+07	0	0
1099	Tlei_chr9	40000001	4.1e+07	0	0
1100	Tlei_chr9	41000001	4.2e+07	2	0.25
1101	Tlei_chr9	42000001	4.3e+07	0	0
1102	Tlei_chr9	43000001	4.4e+07	0	0
1103	Tlei_chr9	44000001	4.5e+07	0	0
1104	Tlei_chr9	45000001	4.6e+07	1	0.0526315789473684
1105	Tlei_chr9	46000001	4.7e+07	0	0
1106	Tlei_chr9	47000001	4.8e+07	2	0.0869565217391304
1107	Tlei_chr9	48000001	4.9e+07	5	0.104166666666667
1108	Tlei_chr9	49000001	5e+07	2	0.0227272727272727
1109	Tlei_chr9	50000001	5.1e+07	0	0
1110	Tlei_chr10	1	1e+06	5	0.0495049504950495
1111	Tlei_chr10	1000001	2e+06	5	0.0420168067226891
1112	Tlei_chr10	2000001	3e+06	4	0.0377358490566038
1113	Tlei_chr10	3000001	4e+06	3	0.0666666666666667
1114	Tlei_chr10	4000001	5e+06	1	0.0285714285714286
1115	Tlei_chr10	5000001	6e+06	2	0.0740740740740741
1116	Tlei_chr10	6000001	7e+06	0	0
1117	Tlei_chr10	7000001	8e+06	3	0.428571428571429
1118	Tlei_chr10	8000001	9e+06	1	0.5
1119	Tlei_chr10	9000001	1e+07	1	0.25
1120	Tlei_chr10	10000001	1.1e+07	0	0
1121	Tlei_chr10	11000001	1.2e+07	0	0
1122	Tlei_chr10	12000001	1.3e+07	1	0.166666666666667
1123	Tlei_chr10	13000001	1.4e+07	0	0
1124	Tlei_chr10	14000001	1.5e+07	0	0
1125	Tlei_chr10	15000001	1.6e+07	1	0.0769230769230769
1126	Tlei_chr10	16000001	1.7e+07	0	0
1127	Tlei_chr10	17000001	1.8e+07	0	0
1128	Tlei_chr10	18000001	1.9e+07	0	0
1129	Tlei_chr10	19000001	2e+07	2	0.4
1130	Tlei_chr10	20000001	2.1e+07	0	0
1131	Tlei_chr10	21000001	2.2e+07	0	0
1132	Tlei_chr10	22000001	2.3e+07	0	0
1133	Tlei_chr10	23000001	2.4e+07	0	0
1134	Tlei_chr10	24000001	2.5e+07	0	0
1135	Tlei_chr10	25000001	2.6e+07	0	0
1136	Tlei_chr10	26000001	2.7e+07	0	0
1137	Tlei_chr10	27000001	2.8e+07	0	0
1138	Tlei_chr10	28000001	2.9e+07	0	0
1139	Tlei_chr10	29000001	3e+07	0	0
1140	Tlei_chr10	30000001	3.1e+07	0	0
1141	Tlei_chr10	31000001	3.2e+07	0	0
1142	Tlei_chr10	32000001	3.3e+07	0	0
1143	Tlei_chr10	33000001	3.4e+07	0	0
1144	Tlei_chr10	34000001	3.5e+07	0	0
1145	Tlei_chr10	35000001	3.6e+07	0	0
1146	Tlei_chr10	36000001	3.7e+07	0	0
1147	Tlei_chr10	37000001	3.8e+07	1	0.2
1148	Tlei_chr10	38000001	3.9e+07	0	0
1149	Tlei_chr10	39000001	4e+07	0	0
1150	Tlei_chr10	40000001	4.1e+07	1	0.2
1151	Tlei_chr10	41000001	4.2e+07	0	0
1152	Tlei_chr10	42000001	4.3e+07	0	0
1153	Tlei_chr10	43000001	4.4e+07	1	0.05
1154	Tlei_chr10	44000001	4.5e+07	1	0.03125
1155	Tlei_chr10	45000001	4.6e+07	1	0.0263157894736842
1156	Tlei_chr10	46000001	4.7e+07	4	0.0444444444444444
1157	Tlei_chr10	47000001	4.8e+07	5	0.0416666666666667
1158	Tlei_chr10	48000001	4.9e+07	5	0.119047619047619
1159	Tlei_chr11	1	1e+06	4	0.0434782608695652
1160	Tlei_chr11	1000001	2e+06	1	0.0158730158730159
1161	Tlei_chr11	2000001	3e+06	3	0.09375
1162	Tlei_chr11	3000001	4e+06	0	0
1163	Tlei_chr11	4000001	5e+06	0	0
1164	Tlei_chr11	5000001	6e+06	0	0
1165	Tlei_chr11	6000001	7e+06	0	0
1166	Tlei_chr11	7000001	8e+06	1	0.111111111111111
1167	Tlei_chr11	8000001	9e+06	0	0
1168	Tlei_chr11	9000001	1e+07	0	0
1169	Tlei_chr11	10000001	1.1e+07	0	0
1170	Tlei_chr11	11000001	1.2e+07	0	0
1171	Tlei_chr11	12000001	1.3e+07	0	0
1172	Tlei_chr11	13000001	1.4e+07	0	0
1173	Tlei_chr11	14000001	1.5e+07	0	0
1174	Tlei_chr11	15000001	1.6e+07	1	0.2
1175	Tlei_chr11	16000001	1.7e+07	0	0
1176	Tlei_chr11	17000001	1.8e+07	0	0
1177	Tlei_chr11	18000001	1.9e+07	0	0
1178	Tlei_chr11	19000001	2e+07	0	0
1179	Tlei_chr11	20000001	2.1e+07	0	0
1180	Tlei_chr11	21000001	2.2e+07	0	0
1181	Tlei_chr11	22000001	2.3e+07	0	0
1182	Tlei_chr11	23000001	2.4e+07	0	0
1183	Tlei_chr11	24000001	2.5e+07	0	0
1184	Tlei_chr11	25000001	2.6e+07	0	0
1185	Tlei_chr11	26000001	2.7e+07	0	0
1186	Tlei_chr11	27000001	2.8e+07	0	0
1187	Tlei_chr11	28000001	2.9e+07	0	0
1188	Tlei_chr11	29000001	3e+07	0	0
1189	Tlei_chr11	30000001	3.1e+07	0	0
1190	Tlei_chr11	31000001	3.2e+07	0	0
1191	Tlei_chr11	32000001	3.3e+07	0	0
1192	Tlei_chr11	33000001	3.4e+07	0	0
1193	Tlei_chr11	34000001	3.5e+07	0	0
1194	Tlei_chr11	35000001	3.6e+07	0	0
1195	Tlei_chr11	36000001	3.7e+07	0	0
1196	Tlei_chr11	37000001	3.8e+07	0	0
1197	Tlei_chr11	38000001	3.9e+07	0	0
1198	Tlei_chr11	39000001	4e+07	2	0.181818181818182
1199	Tlei_chr11	40000001	4.1e+07	0	0
1200	Tlei_chr11	41000001	4.2e+07	0	0
1201	Tlei_chr11	42000001	4.3e+07	1	0.0384615384615385
1202	Tlei_chr11	43000001	4.4e+07	2	0.0344827586206897
1203	Tlei_chr11	44000001	4.5e+07	0	0
1204	Tlei_chr11	45000001	4.6e+07	1	0.00884955752212389
1205	Tlei_chr12	1	1e+06	2	0.0194174757281553
1206	Tlei_chr12	1000001	2e+06	5	0.043859649122807
1207	Tlei_chr12	2000001	3e+06	3	0.0352941176470588
1208	Tlei_chr12	3000001	4e+06	0	0
1209	Tlei_chr12	4000001	5e+06	1	0.027027027027027
1210	Tlei_chr12	5000001	6e+06	5	0.227272727272727
1211	Tlei_chr12	6000001	7e+06	0	0
1212	Tlei_chr12	7000001	8e+06	0	0
1213	Tlei_chr12	8000001	9e+06	0	0
1214	Tlei_chr12	9000001	1e+07	2	0.25
1215	Tlei_chr12	10000001	1.1e+07	0	0
1216	Tlei_chr12	11000001	1.2e+07	1	0.25
1217	Tlei_chr12	12000001	1.3e+07	0	0
1218	Tlei_chr12	13000001	1.4e+07	0	0
1219	Tlei_chr12	14000001	1.5e+07	0	0
1220	Tlei_chr12	15000001	1.6e+07	0	0
1221	Tlei_chr12	16000001	1.7e+07	0	0
1222	Tlei_chr12	17000001	1.8e+07	1	0.2
1223	Tlei_chr12	18000001	1.9e+07	0	0
1224	Tlei_chr12	19000001	2e+07	0	0
1225	Tlei_chr12	20000001	2.1e+07	0	0
1226	Tlei_chr12	21000001	2.2e+07	0	0
1227	Tlei_chr12	22000001	2.3e+07	0	0
1228	Tlei_chr12	23000001	2.4e+07	0	0
1229	Tlei_chr12	24000001	2.5e+07	0	0
1230	Tlei_chr12	25000001	2.6e+07	0	0
1231	Tlei_chr12	26000001	2.7e+07	0	0
1232	Tlei_chr12	27000001	2.8e+07	1	0.125
1233	Tlei_chr12	28000001	2.9e+07	0	0
1234	Tlei_chr12	29000001	3e+07	1	0.111111111111111
1235	Tlei_chr12	30000001	3.1e+07	0	0
1236	Tlei_chr12	31000001	3.2e+07	0	0
1237	Tlei_chr12	32000001	3.3e+07	0	0
1238	Tlei_chr12	33000001	3.4e+07	0	0
1239	Tlei_chr12	34000001	3.5e+07	0	0
1240	Tlei_chr12	35000001	3.6e+07	0	0
1241	Tlei_chr12	36000001	3.7e+07	1	0.1
1242	Tlei_chr12	37000001	3.8e+07	0	0
1243	Tlei_chr12	38000001	3.9e+07	1	0.2
1244	Tlei_chr12	39000001	4e+07	0	0
1245	Tlei_chr12	40000001	4.1e+07	1	0.0384615384615385
1246	Tlei_chr12	41000001	4.2e+07	5	0.161290322580645
1247	Tlei_chr12	42000001	4.3e+07	3	0.0476190476190476
1248	Tlei_chr12	43000001	4.4e+07	0	0
1249	Tlei_chr13	1	1e+06	3	0.038961038961039
1250	Tlei_chr13	1000001	2e+06	2	0.032258064516129
1251	Tlei_chr13	2000001	3e+06	1	0.0263157894736842
1252	Tlei_chr13	3000001	4e+06	1	0.0555555555555556
1253	Tlei_chr13	4000001	5e+06	1	0.142857142857143
1254	Tlei_chr13	5000001	6e+06	0	0
1255	Tlei_chr13	6000001	7e+06	0	0
1256	Tlei_chr13	7000001	8e+06	0	0
1257	Tlei_chr13	8000001	9e+06	1	0.0833333333333333
1258	Tlei_chr13	9000001	1e+07	0	0
1259	Tlei_chr13	10000001	1.1e+07	0	0
1260	Tlei_chr13	11000001	1.2e+07	0	0
1261	Tlei_chr13	12000001	1.3e+07	0	0
1262	Tlei_chr13	13000001	1.4e+07	0	0
1263	Tlei_chr13	14000001	1.5e+07	0	0
1264	Tlei_chr13	15000001	1.6e+07	0	0
1265	Tlei_chr13	16000001	1.7e+07	0	0
1266	Tlei_chr13	17000001	1.8e+07	0	0
1267	Tlei_chr13	18000001	1.9e+07	1	0.111111111111111
1268	Tlei_chr13	19000001	2e+07	0	0
1269	Tlei_chr13	20000001	2.1e+07	0	0
1270	Tlei_chr13	21000001	2.2e+07	0	0
1271	Tlei_chr13	22000001	2.3e+07	0	0
1272	Tlei_chr13	23000001	2.4e+07	0	0
1273	Tlei_chr13	24000001	2.5e+07	0	0
1274	Tlei_chr13	25000001	2.6e+07	0	0
1275	Tlei_chr13	26000001	2.7e+07	0	0
1276	Tlei_chr13	27000001	2.8e+07	0	0
1277	Tlei_chr13	28000001	2.9e+07	0	0
1278	Tlei_chr13	29000001	3e+07	0	0
1279	Tlei_chr13	30000001	3.1e+07	0	0
1280	Tlei_chr13	31000001	3.2e+07	0	0
1281	Tlei_chr13	32000001	3.3e+07	4	0.235294117647059
1282	Tlei_chr13	33000001	3.4e+07	2	0.0909090909090909
1283	Tlei_chr13	34000001	3.5e+07	1	0.0384615384615385
1284	Tlei_chr13	35000001	3.6e+07	1	0.0142857142857143
1285	Tlei_chr13	36000001	3.7e+07	2	0.0307692307692308
1286	Tlei_chr13	37000001	3.8e+07	3	0.0379746835443038
1287	Tlei_chr13	38000001	3.9e+07	1	0.0454545454545455
1288	Tlei_chr13	39000001	4e+07	0	0
1289	Tlei_chr14	1	1e+06	6	0.0512820512820513
1290	Tlei_chr14	1000001	2e+06	1	0.00869565217391304
1291	Tlei_chr14	2000001	3e+06	4	0.0373831775700935
1292	Tlei_chr14	3000001	4e+06	0	0
1293	Tlei_chr14	4000001	5e+06	1	0.0140845070422535
1294	Tlei_chr14	5000001	6e+06	1	0.0357142857142857
1295	Tlei_chr14	6000001	7e+06	1	0.0714285714285714
1296	Tlei_chr14	7000001	8e+06	0	0
1297	Tlei_chr14	8000001	9e+06	0	0
1298	Tlei_chr14	9000001	1e+07	0	0
1299	Tlei_chr14	10000001	1.1e+07	0	0
1300	Tlei_chr14	11000001	1.2e+07	0	0
1301	Tlei_chr14	12000001	1.3e+07	1	0.2
1302	Tlei_chr14	13000001	1.4e+07	0	0
1303	Tlei_chr14	14000001	1.5e+07	0	0
1304	Tlei_chr14	15000001	1.6e+07	0	0
1305	Tlei_chr14	16000001	1.7e+07	0	0
1306	Tlei_chr14	17000001	1.8e+07	0	0
1307	Tlei_chr14	18000001	1.9e+07	1	0.2
1308	Tlei_chr14	19000001	2e+07	0	0
1309	Tlei_chr14	20000001	2.1e+07	0	0
1310	Tlei_chr14	21000001	2.2e+07	0	0
1311	Tlei_chr14	22000001	2.3e+07	1	0.5
1312	Tlei_chr14	23000001	2.4e+07	2	0.133333333333333
1313	Tlei_chr14	24000001	2.5e+07	0	0
1314	Tlei_chr14	25000001	2.6e+07	0	0
1315	Tlei_chr14	26000001	2.7e+07	3	0.130434782608696
1316	Tlei_chr14	27000001	2.8e+07	1	0.03125
1317	Tlei_chr14	28000001	2.9e+07	0	0
1318	Tlei_chr14	29000001	3e+07	3	0.0882352941176471
1319	Tlei_chr14	30000001	3.1e+07	0	0
1320	Tlei_chr14	31000001	3.2e+07	2	0.0350877192982456
1321	Tlei_chr14	32000001	3.3e+07	2	0.0256410256410256
1322	Tlei_chr14	33000001	3.4e+07	4	0.0363636363636364
1323	Tlei_chr14	34000001	3.5e+07	1	0.0232558139534884
1324	Tlei_chr14	35000001	3.6e+07	3	0.0714285714285714
1325	Tlei_chr14	36000001	3.7e+07	5	0.0833333333333333
1326	Tlei_chr14	37000001	3.8e+07	4	0.0555555555555556
1327	Tlei_chr14	38000001	3.9e+07	0	0
1328	Tlei_chr15	1	1e+06	2	0.021505376344086
1329	Tlei_chr15	1000001	2e+06	6	0.0689655172413793
1330	Tlei_chr15	2000001	3e+06	6	0.0625
1331	Tlei_chr15	3000001	4e+06	2	0.0176991150442478
1332	Tlei_chr15	4000001	5e+06	8	0.0740740740740741
1333	Tlei_chr15	5000001	6e+06	3	0.0441176470588235
1334	Tlei_chr15	6000001	7e+06	0	0
1335	Tlei_chr15	7000001	8e+06	1	0.0303030303030303
1336	Tlei_chr15	8000001	9e+06	3	0.0769230769230769
1337	Tlei_chr15	9000001	1e+07	0	0
1338	Tlei_chr15	10000001	1.1e+07	2	0.0540540540540541
1339	Tlei_chr15	11000001	1.2e+07	0	0
1340	Tlei_chr15	12000001	1.3e+07	0	0
1341	Tlei_chr15	13000001	1.4e+07	0	0
1342	Tlei_chr15	14000001	1.5e+07	0	0
1343	Tlei_chr15	15000001	1.6e+07	0	0
1344	Tlei_chr15	16000001	1.7e+07	0	0
1345	Tlei_chr15	17000001	1.8e+07	0	0
1346	Tlei_chr15	18000001	1.9e+07	0	0
1347	Tlei_chr15	19000001	2e+07	0	0
1348	Tlei_chr15	20000001	2.1e+07	0	0
1349	Tlei_chr15	21000001	2.2e+07	0	0
1350	Tlei_chr15	22000001	2.3e+07	0	0
1351	Tlei_chr15	23000001	2.4e+07	0	0
1352	Tlei_chr15	24000001	2.5e+07	4	0.307692307692308
1353	Tlei_chr15	25000001	2.6e+07	0	0
1354	Tlei_chr15	26000001	2.7e+07	0	0
1355	Tlei_chr15	27000001	2.8e+07	0	0
1356	Tlei_chr15	28000001	2.9e+07	0	0
1357	Tlei_chr15	29000001	3e+07	1	0.25
1358	Tlei_chr15	30000001	3.1e+07	0	0
1359	Tlei_chr15	31000001	3.2e+07	0	0
1360	Tlei_chr15	32000001	3.3e+07	3	0.0789473684210526
1361	Tlei_chr15	33000001	3.4e+07	0	0
1362	Tlei_chr15	34000001	3.5e+07	2	0.0333333333333333
1363	Tlei_chr16	1	1e+06	1	0.024390243902439
1364	Tlei_chr16	1000001	2e+06	1	0.0357142857142857
1365	Tlei_chr16	2000001	3e+06	1	0.0303030303030303
1366	Tlei_chr16	3000001	4e+06	3	0.166666666666667
1367	Tlei_chr16	4000001	5e+06	3	0.214285714285714
1368	Tlei_chr16	5000001	6e+06	0	0
1369	Tlei_chr16	6000001	7e+06	0	0
1370	Tlei_chr16	7000001	8e+06	1	0.0625
1371	Tlei_chr16	8000001	9e+06	1	0.166666666666667
1372	Tlei_chr16	9000001	1e+07	0	0
1373	Tlei_chr16	10000001	1.1e+07	0	0
1374	Tlei_chr16	11000001	1.2e+07	0	0
1375	Tlei_chr16	12000001	1.3e+07	0	0
1376	Tlei_chr16	13000001	1.4e+07	0	0
1377	Tlei_chr16	14000001	1.5e+07	0	0
1378	Tlei_chr16	15000001	1.6e+07	1	0.0909090909090909
1379	Tlei_chr16	16000001	1.7e+07	0	0
1380	Tlei_chr16	17000001	1.8e+07	1	0.142857142857143
1381	Tlei_chr16	18000001	1.9e+07	0	0
1382	Tlei_chr16	19000001	2e+07	0	0
1383	Tlei_chr16	20000001	2.1e+07	0	0
1384	Tlei_chr16	21000001	2.2e+07	0	0
1385	Tlei_chr16	22000001	2.3e+07	0	0
1386	Tlei_chr16	23000001	2.4e+07	0	0
1387	Tlei_chr16	24000001	2.5e+07	1	0.0344827586206897
1388	Tlei_chr16	25000001	2.6e+07	2	0.0645161290322581
1389	Tlei_chr16	26000001	2.7e+07	5	0.0943396226415094
1390	Tlei_chr16	27000001	2.8e+07	3	0.0375
1391	Tlei_chr16	28000001	2.9e+07	3	0.0258620689655172
1392	Tlei_chr16	29000001	3e+07	5	0.0396825396825397
1393	Tlei_chr16	30000001	3.1e+07	0	0
1394	Tlei_chr17	1	1e+06	2	0.0227272727272727
1395	Tlei_chr17	1000001	2e+06	4	0.037037037037037
1396	Tlei_chr17	2000001	3e+06	6	0.0666666666666667
1397	Tlei_chr17	3000001	4e+06	1	0.0138888888888889
1398	Tlei_chr17	4000001	5e+06	2	0.0357142857142857
1399	Tlei_chr17	5000001	6e+06	1	0.0232558139534884
1400	Tlei_chr17	6000001	7e+06	0	0
1401	Tlei_chr17	7000001	8e+06	2	0.125
1402	Tlei_chr17	8000001	9e+06	1	0.0526315789473684
1403	Tlei_chr17	9000001	1e+07	0	0
1404	Tlei_chr17	10000001	1.1e+07	0	0
1405	Tlei_chr17	11000001	1.2e+07	1	0.111111111111111
1406	Tlei_chr17	12000001	1.3e+07	2	0.166666666666667
1407	Tlei_chr17	13000001	1.4e+07	0	0
1408	Tlei_chr17	14000001	1.5e+07	0	0
1409	Tlei_chr17	15000001	1.6e+07	0	0
1410	Tlei_chr17	16000001	1.7e+07	0	0
1411	Tlei_chr17	17000001	1.8e+07	0	0
1412	Tlei_chr17	18000001	1.9e+07	0	0
1413	Tlei_chr17	19000001	2e+07	1	0.05
1414	Tlei_chr17	20000001	2.1e+07	0	0
1415	Tlei_chr17	21000001	2.2e+07	0	0
1416	Tlei_chr17	22000001	2.3e+07	0	0
1417	Tlei_chr17	23000001	2.4e+07	1	0.0416666666666667
1418	Tlei_chr17	24000001	2.5e+07	0	0
1419	Tlei_chr17	25000001	2.6e+07	1	0.0294117647058824
1420	Tlei_chr17	26000001	2.7e+07	4	0.210526315789474
1421	Tlei_chr17	27000001	2.8e+07	3	0.0697674418604651
1422	Tlei_chr17	28000001	2.9e+07	1	0.032258064516129
1423	Tlei_chr18	1	1e+06	4	0.0571428571428571
1424	Tlei_chr18	1000001	2e+06	1	0.00917431192660551
1425	Tlei_chr18	2000001	3e+06	3	0.0288461538461538
1426	Tlei_chr18	3000001	4e+06	2	0.0303030303030303
1427	Tlei_chr18	4000001	5e+06	1	0.024390243902439
1428	Tlei_chr18	5000001	6e+06	1	0.0384615384615385
1429	Tlei_chr18	6000001	7e+06	0	0
1430	Tlei_chr18	7000001	8e+06	0	0
1431	Tlei_chr18	8000001	9e+06	0	0
1432	Tlei_chr18	9000001	1e+07	1	0.125
1433	Tlei_chr18	10000001	1.1e+07	4	0.285714285714286
1434	Tlei_chr18	11000001	1.2e+07	1	0.0714285714285714
1435	Tlei_chr18	12000001	1.3e+07	0	0
1436	Tlei_chr18	13000001	1.4e+07	0	0
1437	Tlei_chr18	14000001	1.5e+07	0	0
1438	Tlei_chr18	15000001	1.6e+07	0	0
1439	Tlei_chr18	16000001	1.7e+07	0	0
1440	Tlei_chr18	17000001	1.8e+07	0	0
1441	Tlei_chr18	18000001	1.9e+07	0	0
1442	Tlei_chr18	19000001	2e+07	0	0
1443	Tlei_chr18	20000001	2.1e+07	0	0
1444	Tlei_chr18	21000001	2.2e+07	2	0.117647058823529
1445	Tlei_chr18	22000001	2.3e+07	0	0
1446	Tlei_chr18	23000001	2.4e+07	1	0.0769230769230769
1447	Tlei_chr18	24000001	2.5e+07	0	0
1448	Tlei_chr18	25000001	2.6e+07	2	0.0714285714285714
1449	Tlei_chr18	26000001	2.7e+07	0	0
1450	Tlei_chr19	1	1e+06	4	0.0392156862745098
1451	Tlei_chr19	1000001	2e+06	8	0.0707964601769911
1452	Tlei_chr19	2000001	3e+06	3	0.0410958904109589
1453	Tlei_chr19	3000001	4e+06	0	0
1454	Tlei_chr19	4000001	5e+06	0	0
1455	Tlei_chr19	5000001	6e+06	0	0
1456	Tlei_chr19	6000001	7e+06	0	0
1457	Tlei_chr19	7000001	8e+06	0	0
1458	Tlei_chr19	8000001	9e+06	0	0
1459	Tlei_chr19	9000001	1e+07	0	0
1460	Tlei_chr19	10000001	1.1e+07	1	0.0588235294117647
1461	Tlei_chr19	11000001	1.2e+07	1	0.0384615384615385
1462	Tlei_chr19	12000001	1.3e+07	2	0.0606060606060606
1463	Tlei_chr19	13000001	1.4e+07	2	0.0377358490566038
1464	Tlei_chr19	14000001	1.5e+07	2	0.0273972602739726
1465	Tlei_chr19	15000001	1.6e+07	2	0.021505376344086
1466	Tlei_chr19	16000001	1.7e+07	6	0.0618556701030928
1467	Tlei_chr19	17000001	1.8e+07	6	0.0666666666666667
1468	Tlei_chr19	18000001	1.9e+07	2	0.0224719101123595
1469	Tlei_chr19	19000001	2e+07	2	0.0277777777777778
1470	Tlei_chr19	20000001	2.1e+07	0	0
1471	Tlei_chr20	1	1e+06	3	0.0394736842105263
1472	Tlei_chr20	1000001	2e+06	1	0.0232558139534884
1473	Tlei_chr20	2000001	3e+06	1	0.0181818181818182
1474	Tlei_chr20	3000001	4e+06	1	0.0208333333333333
1475	Tlei_chr20	4000001	5e+06	0	0
1476	Tlei_chr20	5000001	6e+06	2	0.111111111111111
1477	Tlei_chr20	6000001	7e+06	2	0.117647058823529
1478	Tlei_chr20	7000001	8e+06	1	0.0588235294117647
1479	Tlei_chr20	8000001	9e+06	1	0.0526315789473684
1480	Tlei_chr20	9000001	1e+07	0	0
1481	Tlei_chr20	10000001	1.1e+07	1	0.0769230769230769
1482	Tlei_chr20	11000001	1.2e+07	1	0.0588235294117647
1483	Tlei_chr20	12000001	1.3e+07	0	0
1484	Tlei_chr20	13000001	1.4e+07	3	0.0731707317073171
1485	Tlei_chr20	14000001	1.5e+07	3	0.0410958904109589
1486	Tlei_chr20	15000001	1.6e+07	4	0.0384615384615385
1487	Tlei_chr20	16000001	1.7e+07	4	0.037037037037037
1488	Tlei_chr20	17000001	1.8e+07	8	0.0661157024793388
1489	Tlei_chr20	18000001	1.9e+07	4	0.102564102564103
1490	Tlei_chr21	1	1e+06	2	0.0168067226890756
1491	Tlei_chr21	1000001	2e+06	8	0.0683760683760684
1492	Tlei_chr21	2000001	3e+06	3	0.0491803278688525
1493	Tlei_chr21	3000001	4e+06	0	0
1494	Tlei_chr21	4000001	5e+06	4	0.19047619047619
1495	Tlei_chr21	5000001	6e+06	2	0.0952380952380952
1496	Tlei_chr21	6000001	7e+06	5	0.185185185185185
1497	Tlei_chr21	7000001	8e+06	3	0.0967741935483871
1498	Tlei_chr21	8000001	9e+06	1	0.0227272727272727
1499	Tlei_chr21	9000001	1e+07	2	0.037037037037037
1500	Tlei_chr21	10000001	1.1e+07	0	0
1501	Tlei_chr21	11000001	1.2e+07	5	0.147058823529412
1502	Tlei_chr22	1	1e+06	1	0.015625
1503	Tlei_chr22	1000001	2e+06	3	0.0810810810810811
1504	Tlei_chr22	2000001	3e+06	2	0.0666666666666667
1505	Tlei_chr22	3000001	4e+06	3	0.0909090909090909
1506	Tlei_chr22	4000001	5e+06	3	0.125
1507	Tlei_chr22	5000001	6e+06	3	0.1
1508	Tlei_chr22	6000001	7e+06	3	0.0422535211267606
1509	Tlei_chr22	7000001	8e+06	5	0.0581395348837209
1510	Tlei_chr22	8000001	9e+06	6	0.0483870967741935
1511	Tlei_chr22	9000001	1e+07	1	0.00833333333333333
1512	Tlei_chr22	10000001	1.1e+07	3	0.115384615384615
1513	Tlei_chr23	1	1e+06	4	0.04
1514	Tlei_chr23	1000001	2e+06	4	0.036036036036036
1515	Tlei_chr23	2000001	3e+06	4	0.0357142857142857
1516	Tlei_chr23	3000001	4e+06	3	0.0526315789473684
1517	Tlei_chr23	4000001	5e+06	1	0.0357142857142857
1518	Tlei_chr23	5000001	6e+06	3	0.0566037735849057
1519	Tlei_chr23	6000001	7e+06	4	0.0493827160493827
1520	Tlei_chr23	7000001	8e+06	5	0.0423728813559322
1521	Tlei_chr23	8000001	9e+06	2	0.0212765957446809
1522	Tlei_chr23	9000001	1e+07	4	0.0540540540540541
1523	Tlei_chr24	1	1e+06	9	0.0909090909090909
1524	Tlei_chr24	1000001	2e+06	2	0.0224719101123595
1525	Tlei_chr24	2000001	3e+06	1	0.0204081632653061
1526	Tlei_chr24	3000001	4e+06	2	0.0606060606060606
1527	Tlei_chr24	4000001	5e+06	2	0.0740740740740741
1528	Tlei_chr24	5000001	6e+06	4	0.129032258064516
1529	Tlei_chr24	6000001	7e+06	1	0.0208333333333333
1530	Tlei_chr24	7000001	8e+06	3	0.0365853658536585
1531	Tlei_chr24	8000001	9e+06	0	0
