chrom	start_window	end_window	gene_counts
Tfas_chr1	1	1e+06	122
Tfas_chr1	1000001	2e+06	96
Tfas_chr1	2000001	3e+06	98
Tfas_chr1	3000001	4e+06	52
Tfas_chr1	4000001	5e+06	74
Tfas_chr1	5000001	6e+06	59
Tfas_chr1	6000001	7e+06	29
Tfas_chr1	7000001	8e+06	39
Tfas_chr1	8000001	9e+06	9
Tfas_chr1	9000001	1e+07	14
Tfas_chr1	10000001	1.1e+07	6
Tfas_chr1	11000001	1.2e+07	8
Tfas_chr1	12000001	1.3e+07	10
Tfas_chr1	13000001	1.4e+07	8
Tfas_chr1	14000001	1.5e+07	8
Tfas_chr1	15000001	1.6e+07	6
Tfas_chr1	16000001	1.7e+07	6
Tfas_chr1	17000001	1.8e+07	9
Tfas_chr1	18000001	1.9e+07	9
Tfas_chr1	19000001	2e+07	14
Tfas_chr1	20000001	2.1e+07	15
Tfas_chr1	21000001	2.2e+07	12
Tfas_chr1	22000001	2.3e+07	10
Tfas_chr1	23000001	2.4e+07	10
Tfas_chr1	24000001	2.5e+07	12
Tfas_chr1	25000001	2.6e+07	31
Tfas_chr1	26000001	2.7e+07	17
Tfas_chr1	27000001	2.8e+07	46
Tfas_chr1	28000001	2.9e+07	73
Tfas_chr1	29000001	3e+07	114
Tfas_chr1	30000001	3.1e+07	118
Tfas_chr1	31000001	3.2e+07	122
Tfas_chr1	32000001	3.3e+07	14
Tfas_chr2	1	1e+06	75
Tfas_chr2	1000001	2e+06	78
Tfas_chr2	2000001	3e+06	84
Tfas_chr2	3000001	4e+06	91
Tfas_chr2	4000001	5e+06	107
Tfas_chr2	5000001	6e+06	106
Tfas_chr2	6000001	7e+06	68
Tfas_chr2	7000001	8e+06	47
Tfas_chr2	8000001	9e+06	48
Tfas_chr2	9000001	1e+07	25
Tfas_chr2	10000001	1.1e+07	22
Tfas_chr2	11000001	1.2e+07	22
Tfas_chr2	12000001	1.3e+07	14
Tfas_chr2	13000001	1.4e+07	20
Tfas_chr2	14000001	1.5e+07	15
Tfas_chr2	15000001	1.6e+07	8
Tfas_chr2	16000001	1.7e+07	0
Tfas_chr2	17000001	1.8e+07	8
Tfas_chr2	18000001	1.9e+07	9
Tfas_chr2	19000001	2e+07	9
Tfas_chr2	20000001	2.1e+07	9
Tfas_chr2	21000001	2.2e+07	10
Tfas_chr2	22000001	2.3e+07	10
Tfas_chr2	23000001	2.4e+07	9
Tfas_chr2	24000001	2.5e+07	16
Tfas_chr2	25000001	2.6e+07	16
Tfas_chr2	26000001	2.7e+07	18
Tfas_chr2	27000001	2.8e+07	31
Tfas_chr2	28000001	2.9e+07	57
Tfas_chr2	29000001	3e+07	66
Tfas_chr2	30000001	3.1e+07	71
Tfas_chr2	31000001	3.2e+07	71
Tfas_chr3	1	1e+06	79
Tfas_chr3	1000001	2e+06	109
Tfas_chr3	2000001	3e+06	107
Tfas_chr3	3000001	4e+06	36
Tfas_chr3	4000001	5e+06	30
Tfas_chr3	5000001	6e+06	23
Tfas_chr3	6000001	7e+06	8
Tfas_chr3	7000001	8e+06	14
Tfas_chr3	8000001	9e+06	19
Tfas_chr3	9000001	1e+07	7
Tfas_chr3	10000001	1.1e+07	8
Tfas_chr3	11000001	1.2e+07	11
Tfas_chr3	12000001	1.3e+07	4
Tfas_chr3	13000001	1.4e+07	2
Tfas_chr3	14000001	1.5e+07	8
Tfas_chr3	15000001	1.6e+07	8
Tfas_chr3	16000001	1.7e+07	6
Tfas_chr3	17000001	1.8e+07	3
Tfas_chr3	18000001	1.9e+07	3
Tfas_chr3	19000001	2e+07	7
Tfas_chr3	20000001	2.1e+07	6
Tfas_chr3	21000001	2.2e+07	15
Tfas_chr3	22000001	2.3e+07	18
Tfas_chr3	23000001	2.4e+07	16
Tfas_chr3	24000001	2.5e+07	21
Tfas_chr3	25000001	2.6e+07	36
Tfas_chr3	26000001	2.7e+07	87
Tfas_chr3	27000001	2.8e+07	85
Tfas_chr3	28000001	2.9e+07	116
Tfas_chr3	29000001	3e+07	122
Tfas_chr3	30000001	3.1e+07	72
Tfas_chr3	31000001	3.2e+07	10
Tfas_chr4	1	1e+06	113
Tfas_chr4	1000001	2e+06	78
Tfas_chr4	2000001	3e+06	28
Tfas_chr4	3000001	4e+06	23
Tfas_chr4	4000001	5e+06	22
Tfas_chr4	5000001	6e+06	23
Tfas_chr4	6000001	7e+06	10
Tfas_chr4	7000001	8e+06	14
Tfas_chr4	8000001	9e+06	13
Tfas_chr4	9000001	1e+07	13
Tfas_chr4	10000001	1.1e+07	8
Tfas_chr4	11000001	1.2e+07	13
Tfas_chr4	12000001	1.3e+07	10
Tfas_chr4	13000001	1.4e+07	12
Tfas_chr4	14000001	1.5e+07	6
Tfas_chr4	15000001	1.6e+07	6
Tfas_chr4	16000001	1.7e+07	9
Tfas_chr4	17000001	1.8e+07	9
Tfas_chr4	18000001	1.9e+07	8
Tfas_chr4	19000001	2e+07	17
Tfas_chr4	20000001	2.1e+07	31
Tfas_chr4	21000001	2.2e+07	21
Tfas_chr4	22000001	2.3e+07	51
Tfas_chr4	23000001	2.4e+07	61
Tfas_chr4	24000001	2.5e+07	78
Tfas_chr4	25000001	2.6e+07	79
Tfas_chr4	26000001	2.7e+07	98
Tfas_chr4	27000001	2.8e+07	108
Tfas_chr4	28000001	2.9e+07	98
Tfas_chr4	29000001	3e+07	81
Tfas_chr4	30000001	3.1e+07	85
Tfas_chr5	1	1e+06	106
Tfas_chr5	1000001	2e+06	103
Tfas_chr5	2000001	3e+06	114
Tfas_chr5	3000001	4e+06	72
Tfas_chr5	4000001	5e+06	70
Tfas_chr5	5000001	6e+06	36
Tfas_chr5	6000001	7e+06	15
Tfas_chr5	7000001	8e+06	16
Tfas_chr5	8000001	9e+06	19
Tfas_chr5	9000001	1e+07	9
Tfas_chr5	10000001	1.1e+07	5
Tfas_chr5	11000001	1.2e+07	2
Tfas_chr5	12000001	1.3e+07	4
Tfas_chr5	13000001	1.4e+07	4
Tfas_chr5	14000001	1.5e+07	9
Tfas_chr5	15000001	1.6e+07	12
Tfas_chr5	16000001	1.7e+07	13
Tfas_chr5	17000001	1.8e+07	6
Tfas_chr5	18000001	1.9e+07	14
Tfas_chr5	19000001	2e+07	7
Tfas_chr5	20000001	2.1e+07	7
Tfas_chr5	21000001	2.2e+07	10
Tfas_chr5	22000001	2.3e+07	22
Tfas_chr5	23000001	2.4e+07	19
Tfas_chr5	24000001	2.5e+07	20
Tfas_chr5	25000001	2.6e+07	32
Tfas_chr5	26000001	2.7e+07	36
Tfas_chr5	27000001	2.8e+07	73
Tfas_chr5	28000001	2.9e+07	119
Tfas_chr5	29000001	3e+07	128
Tfas_chr5	30000001	3.1e+07	14
Tfas_chr6	1	1e+06	81
Tfas_chr6	1000001	2e+06	84
Tfas_chr6	2000001	3e+06	39
Tfas_chr6	3000001	4e+06	22
Tfas_chr6	4000001	5e+06	21
Tfas_chr6	5000001	6e+06	10
Tfas_chr6	6000001	7e+06	13
Tfas_chr6	7000001	8e+06	14
Tfas_chr6	8000001	9e+06	29
Tfas_chr6	9000001	1e+07	11
Tfas_chr6	10000001	1.1e+07	9
Tfas_chr6	11000001	1.2e+07	17
Tfas_chr6	12000001	1.3e+07	9
Tfas_chr6	13000001	1.4e+07	9
Tfas_chr6	14000001	1.5e+07	6
Tfas_chr6	15000001	1.6e+07	7
Tfas_chr6	16000001	1.7e+07	15
Tfas_chr6	17000001	1.8e+07	6
Tfas_chr6	18000001	1.9e+07	7
Tfas_chr6	19000001	2e+07	8
Tfas_chr6	20000001	2.1e+07	25
Tfas_chr6	21000001	2.2e+07	11
Tfas_chr6	22000001	2.3e+07	6
Tfas_chr6	23000001	2.4e+07	43
Tfas_chr6	24000001	2.5e+07	59
Tfas_chr6	25000001	2.6e+07	85
Tfas_chr6	26000001	2.7e+07	111
Tfas_chr6	27000001	2.8e+07	123
Tfas_chr6	28000001	2.9e+07	129
Tfas_chr6	29000001	3e+07	48
Tfas_chr7	1	1e+06	131
Tfas_chr7	1000001	2e+06	120
Tfas_chr7	2000001	3e+06	97
Tfas_chr7	3000001	4e+06	73
Tfas_chr7	4000001	5e+06	66
Tfas_chr7	5000001	6e+06	27
Tfas_chr7	6000001	7e+06	11
Tfas_chr7	7000001	8e+06	33
Tfas_chr7	8000001	9e+06	13
Tfas_chr7	9000001	1e+07	25
Tfas_chr7	10000001	1.1e+07	17
Tfas_chr7	11000001	1.2e+07	24
Tfas_chr7	12000001	1.3e+07	22
Tfas_chr7	13000001	1.4e+07	16
Tfas_chr7	14000001	1.5e+07	15
Tfas_chr7	15000001	1.6e+07	19
Tfas_chr7	16000001	1.7e+07	23
Tfas_chr7	17000001	1.8e+07	32
Tfas_chr7	18000001	1.9e+07	24
Tfas_chr7	19000001	2e+07	19
Tfas_chr7	20000001	2.1e+07	41
Tfas_chr7	21000001	2.2e+07	15
Tfas_chr7	22000001	2.3e+07	51
Tfas_chr7	23000001	2.4e+07	46
Tfas_chr7	24000001	2.5e+07	37
Tfas_chr7	25000001	2.6e+07	37
Tfas_chr7	26000001	2.7e+07	46
Tfas_chr7	27000001	2.8e+07	5
Tfas_chr8	1	1e+06	118
Tfas_chr8	1000001	2e+06	105
Tfas_chr8	2000001	3e+06	72
Tfas_chr8	3000001	4e+06	58
Tfas_chr8	4000001	5e+06	40
Tfas_chr8	5000001	6e+06	43
Tfas_chr8	6000001	7e+06	24
Tfas_chr8	7000001	8e+06	28
Tfas_chr8	8000001	9e+06	6
Tfas_chr8	9000001	1e+07	17
Tfas_chr8	10000001	1.1e+07	21
Tfas_chr8	11000001	1.2e+07	18
Tfas_chr8	12000001	1.3e+07	14
Tfas_chr8	13000001	1.4e+07	7
Tfas_chr8	14000001	1.5e+07	9
Tfas_chr8	15000001	1.6e+07	7
Tfas_chr8	16000001	1.7e+07	13
Tfas_chr8	17000001	1.8e+07	8
Tfas_chr8	18000001	1.9e+07	3
Tfas_chr8	19000001	2e+07	14
Tfas_chr8	20000001	2.1e+07	7
Tfas_chr8	21000001	2.2e+07	30
Tfas_chr8	22000001	2.3e+07	40
Tfas_chr8	23000001	2.4e+07	56
Tfas_chr8	24000001	2.5e+07	68
Tfas_chr8	25000001	2.6e+07	98
Tfas_chr8	26000001	2.7e+07	119
Tfas_chr8	27000001	2.8e+07	17
Tfas_chr9	1	1e+06	122
Tfas_chr9	1000001	2e+06	99
Tfas_chr9	2000001	3e+06	80
Tfas_chr9	3000001	4e+06	36
Tfas_chr9	4000001	5e+06	38
Tfas_chr9	5000001	6e+06	26
Tfas_chr9	6000001	7e+06	10
Tfas_chr9	7000001	8e+06	14
Tfas_chr9	8000001	9e+06	10
Tfas_chr9	9000001	1e+07	9
Tfas_chr9	10000001	1.1e+07	12
Tfas_chr9	11000001	1.2e+07	4
Tfas_chr9	12000001	1.3e+07	4
Tfas_chr9	13000001	1.4e+07	5
Tfas_chr9	14000001	1.5e+07	7
Tfas_chr9	15000001	1.6e+07	8
Tfas_chr9	16000001	1.7e+07	4
Tfas_chr9	17000001	1.8e+07	17
Tfas_chr9	18000001	1.9e+07	12
Tfas_chr9	19000001	2e+07	4
Tfas_chr9	20000001	2.1e+07	12
Tfas_chr9	21000001	2.2e+07	23
Tfas_chr9	22000001	2.3e+07	23
Tfas_chr9	23000001	2.4e+07	28
Tfas_chr9	24000001	2.5e+07	35
Tfas_chr9	25000001	2.6e+07	76
Tfas_chr9	26000001	2.7e+07	44
Tfas_chr10	1	1e+06	81
Tfas_chr10	1000001	2e+06	71
Tfas_chr10	2000001	3e+06	36
Tfas_chr10	3000001	4e+06	17
Tfas_chr10	4000001	5e+06	22
Tfas_chr10	5000001	6e+06	6
Tfas_chr10	6000001	7e+06	7
Tfas_chr10	7000001	8e+06	10
Tfas_chr10	8000001	9e+06	18
Tfas_chr10	9000001	1e+07	14
Tfas_chr10	10000001	1.1e+07	9
Tfas_chr10	11000001	1.2e+07	0
Tfas_chr10	12000001	1.3e+07	4
Tfas_chr10	13000001	1.4e+07	12
Tfas_chr10	14000001	1.5e+07	15
Tfas_chr10	15000001	1.6e+07	12
Tfas_chr10	16000001	1.7e+07	17
Tfas_chr10	17000001	1.8e+07	15
Tfas_chr10	18000001	1.9e+07	21
Tfas_chr10	19000001	2e+07	36
Tfas_chr10	20000001	2.1e+07	68
Tfas_chr10	21000001	2.2e+07	80
Tfas_chr10	22000001	2.3e+07	85
Tfas_chr10	23000001	2.4e+07	122
Tfas_chr10	24000001	2.5e+07	117
Tfas_chr10	25000001	2.6e+07	126
Tfas_chr10	26000001	2.7e+07	0
Tfas_chr11	1	1e+06	93
Tfas_chr11	1000001	2e+06	105
Tfas_chr11	2000001	3e+06	99
Tfas_chr11	3000001	4e+06	117
Tfas_chr11	4000001	5e+06	109
Tfas_chr11	5000001	6e+06	74
Tfas_chr11	6000001	7e+06	67
Tfas_chr11	7000001	8e+06	45
Tfas_chr11	8000001	9e+06	30
Tfas_chr11	9000001	1e+07	37
Tfas_chr11	10000001	1.1e+07	16
Tfas_chr11	11000001	1.2e+07	29
Tfas_chr11	12000001	1.3e+07	28
Tfas_chr11	13000001	1.4e+07	9
Tfas_chr11	14000001	1.5e+07	7
Tfas_chr11	15000001	1.6e+07	13
Tfas_chr11	16000001	1.7e+07	9
Tfas_chr11	17000001	1.8e+07	9
Tfas_chr11	18000001	1.9e+07	15
Tfas_chr11	19000001	2e+07	26
Tfas_chr11	20000001	2.1e+07	20
Tfas_chr11	21000001	2.2e+07	20
Tfas_chr11	22000001	2.3e+07	13
Tfas_chr11	23000001	2.4e+07	51
Tfas_chr11	24000001	2.5e+07	64
Tfas_chr11	25000001	2.6e+07	47
Tfas_chr12	1	1e+06	99
Tfas_chr12	1000001	2e+06	92
Tfas_chr12	2000001	3e+06	89
Tfas_chr12	3000001	4e+06	65
Tfas_chr12	4000001	5e+06	52
Tfas_chr12	5000001	6e+06	32
Tfas_chr12	6000001	7e+06	23
Tfas_chr12	7000001	8e+06	19
Tfas_chr12	8000001	9e+06	14
Tfas_chr12	9000001	1e+07	15
Tfas_chr12	10000001	1.1e+07	8
Tfas_chr12	11000001	1.2e+07	9
Tfas_chr12	12000001	1.3e+07	10
Tfas_chr12	13000001	1.4e+07	5
Tfas_chr12	14000001	1.5e+07	11
Tfas_chr12	15000001	1.6e+07	16
Tfas_chr12	16000001	1.7e+07	4
Tfas_chr12	17000001	1.8e+07	4
Tfas_chr12	18000001	1.9e+07	8
Tfas_chr12	19000001	2e+07	12
Tfas_chr12	20000001	2.1e+07	7
Tfas_chr12	21000001	2.2e+07	36
Tfas_chr12	22000001	2.3e+07	61
Tfas_chr12	23000001	2.4e+07	49
Tfas_chr12	24000001	2.5e+07	51
Tfas_chr12	25000001	2.6e+07	26
Tfas_chr13	1	1e+06	98
Tfas_chr13	1000001	2e+06	96
Tfas_chr13	2000001	3e+06	130
Tfas_chr13	3000001	4e+06	97
Tfas_chr13	4000001	5e+06	69
Tfas_chr13	5000001	6e+06	48
Tfas_chr13	6000001	7e+06	36
Tfas_chr13	7000001	8e+06	24
Tfas_chr13	8000001	9e+06	18
Tfas_chr13	9000001	1e+07	18
Tfas_chr13	10000001	1.1e+07	6
Tfas_chr13	11000001	1.2e+07	6
Tfas_chr13	12000001	1.3e+07	6
Tfas_chr13	13000001	1.4e+07	10
Tfas_chr13	14000001	1.5e+07	8
Tfas_chr13	15000001	1.6e+07	6
Tfas_chr13	16000001	1.7e+07	12
Tfas_chr13	17000001	1.8e+07	16
Tfas_chr13	18000001	1.9e+07	15
Tfas_chr13	19000001	2e+07	24
Tfas_chr13	20000001	2.1e+07	12
Tfas_chr13	21000001	2.2e+07	18
Tfas_chr13	22000001	2.3e+07	24
Tfas_chr13	23000001	2.4e+07	53
Tfas_chr13	24000001	2.5e+07	75
Tfas_chr14	1	1e+06	99
Tfas_chr14	1000001	2e+06	108
Tfas_chr14	2000001	3e+06	104
Tfas_chr14	3000001	4e+06	97
Tfas_chr14	4000001	5e+06	49
Tfas_chr14	5000001	6e+06	25
Tfas_chr14	6000001	7e+06	13
Tfas_chr14	7000001	8e+06	11
Tfas_chr14	8000001	9e+06	17
Tfas_chr14	9000001	1e+07	15
Tfas_chr14	10000001	1.1e+07	15
Tfas_chr14	11000001	1.2e+07	5
Tfas_chr14	12000001	1.3e+07	11
Tfas_chr14	13000001	1.4e+07	13
Tfas_chr14	14000001	1.5e+07	4
Tfas_chr14	15000001	1.6e+07	12
Tfas_chr14	16000001	1.7e+07	3
Tfas_chr14	17000001	1.8e+07	9
Tfas_chr14	18000001	1.9e+07	7
Tfas_chr14	19000001	2e+07	9
Tfas_chr14	20000001	2.1e+07	15
Tfas_chr14	21000001	2.2e+07	17
Tfas_chr14	22000001	2.3e+07	19
Tfas_chr14	23000001	2.4e+07	41
Tfas_chr14	24000001	2.5e+07	32
Tfas_chr15	1	1e+06	87
Tfas_chr15	1000001	2e+06	42
Tfas_chr15	2000001	3e+06	23
Tfas_chr15	3000001	4e+06	27
Tfas_chr15	4000001	5e+06	23
Tfas_chr15	5000001	6e+06	6
Tfas_chr15	6000001	7e+06	10
Tfas_chr15	7000001	8e+06	19
Tfas_chr15	8000001	9e+06	13
Tfas_chr15	9000001	1e+07	10
Tfas_chr15	10000001	1.1e+07	10
Tfas_chr15	11000001	1.2e+07	13
Tfas_chr15	12000001	1.3e+07	10
Tfas_chr15	13000001	1.4e+07	7
Tfas_chr15	14000001	1.5e+07	5
Tfas_chr15	15000001	1.6e+07	9
Tfas_chr15	16000001	1.7e+07	35
Tfas_chr15	17000001	1.8e+07	32
Tfas_chr15	18000001	1.9e+07	35
Tfas_chr15	19000001	2e+07	83
Tfas_chr15	20000001	2.1e+07	105
Tfas_chr15	21000001	2.2e+07	97
Tfas_chr15	22000001	2.3e+07	125
Tfas_chr15	23000001	2.4e+07	80
Tfas_chr16	1	1e+06	80
Tfas_chr16	1000001	2e+06	39
Tfas_chr16	2000001	3e+06	51
Tfas_chr16	3000001	4e+06	34
Tfas_chr16	4000001	5e+06	19
Tfas_chr16	5000001	6e+06	9
Tfas_chr16	6000001	7e+06	7
Tfas_chr16	7000001	8e+06	6
Tfas_chr16	8000001	9e+06	15
Tfas_chr16	9000001	1e+07	12
Tfas_chr16	10000001	1.1e+07	14
Tfas_chr16	11000001	1.2e+07	13
Tfas_chr16	12000001	1.3e+07	12
Tfas_chr16	13000001	1.4e+07	11
Tfas_chr16	14000001	1.5e+07	20
Tfas_chr16	15000001	1.6e+07	7
Tfas_chr16	16000001	1.7e+07	14
Tfas_chr16	17000001	1.8e+07	11
Tfas_chr16	18000001	1.9e+07	38
Tfas_chr16	19000001	2e+07	63
Tfas_chr16	20000001	2.1e+07	77
Tfas_chr16	21000001	2.2e+07	94
Tfas_chr16	22000001	2.3e+07	125
Tfas_chr16	23000001	2.4e+07	75
Tfas_chr17	1	1e+06	7
Tfas_chr17	1000001	2e+06	9
Tfas_chr17	2000001	3e+06	12
Tfas_chr17	3000001	4e+06	8
Tfas_chr17	4000001	5e+06	8
Tfas_chr17	5000001	6e+06	6
Tfas_chr17	6000001	7e+06	12
Tfas_chr17	7000001	8e+06	13
Tfas_chr17	8000001	9e+06	27
Tfas_chr17	9000001	1e+07	43
Tfas_chr17	10000001	1.1e+07	40
Tfas_chr17	11000001	1.2e+07	6
Tfas_chr17	12000001	1.3e+07	16
Tfas_chr17	13000001	1.4e+07	18
Tfas_chr17	14000001	1.5e+07	31
Tfas_chr17	15000001	1.6e+07	18
Tfas_chr17	16000001	1.7e+07	55
Tfas_chr17	17000001	1.8e+07	103
Tfas_chr17	18000001	1.9e+07	106
Tfas_chr17	19000001	2e+07	122
Tfas_chr17	20000001	2.1e+07	119
Tfas_chr17	21000001	2.2e+07	67
Tfas_chr18	1	1e+06	122
Tfas_chr18	1000001	2e+06	123
Tfas_chr18	2000001	3e+06	103
Tfas_chr18	3000001	4e+06	68
Tfas_chr18	4000001	5e+06	39
Tfas_chr18	5000001	6e+06	30
Tfas_chr18	6000001	7e+06	19
Tfas_chr18	7000001	8e+06	11
Tfas_chr18	8000001	9e+06	10
Tfas_chr18	9000001	1e+07	4
Tfas_chr18	10000001	1.1e+07	10
Tfas_chr18	11000001	1.2e+07	16
Tfas_chr18	12000001	1.3e+07	11
Tfas_chr18	13000001	1.4e+07	18
Tfas_chr18	14000001	1.5e+07	31
Tfas_chr18	15000001	1.6e+07	43
Tfas_chr18	16000001	1.7e+07	42
Tfas_chr18	17000001	1.8e+07	28
Tfas_chr18	18000001	1.9e+07	3
Tfas_chr18	19000001	2e+07	18
Tfas_chr18	20000001	2.1e+07	21
Tfas_chr18	21000001	2.2e+07	13
Tfas_chr19	1	1e+06	111
Tfas_chr19	1000001	2e+06	116
Tfas_chr19	2000001	3e+06	115
Tfas_chr19	3000001	4e+06	74
Tfas_chr19	4000001	5e+06	43
Tfas_chr19	5000001	6e+06	33
Tfas_chr19	6000001	7e+06	27
Tfas_chr19	7000001	8e+06	21
Tfas_chr19	8000001	9e+06	14
Tfas_chr19	9000001	1e+07	18
Tfas_chr19	10000001	1.1e+07	14
Tfas_chr19	11000001	1.2e+07	8
Tfas_chr19	12000001	1.3e+07	26
Tfas_chr19	13000001	1.4e+07	26
Tfas_chr19	14000001	1.5e+07	21
Tfas_chr19	15000001	1.6e+07	20
Tfas_chr19	16000001	1.7e+07	14
Tfas_chr19	17000001	1.8e+07	31
Tfas_chr19	18000001	1.9e+07	13
Tfas_chr19	19000001	2e+07	7
Tfas_chr20	1	1e+06	104
Tfas_chr20	1000001	2e+06	108
Tfas_chr20	2000001	3e+06	68
Tfas_chr20	3000001	4e+06	37
Tfas_chr20	4000001	5e+06	35
Tfas_chr20	5000001	6e+06	10
Tfas_chr20	6000001	7e+06	12
Tfas_chr20	7000001	8e+06	8
Tfas_chr20	8000001	9e+06	7
Tfas_chr20	9000001	1e+07	7
Tfas_chr20	10000001	1.1e+07	5
Tfas_chr20	11000001	1.2e+07	20
Tfas_chr20	12000001	1.3e+07	16
Tfas_chr20	13000001	1.4e+07	13
Tfas_chr20	14000001	1.5e+07	26
Tfas_chr20	15000001	1.6e+07	32
Tfas_chr20	16000001	1.7e+07	37
Tfas_chr20	17000001	1.8e+07	61
Tfas_chr20	18000001	1.9e+07	82
Tfas_chr20	19000001	2e+07	25
Tfas_chr21	1	1e+06	54
Tfas_chr21	1000001	2e+06	61
Tfas_chr21	2000001	3e+06	54
Tfas_chr21	3000001	4e+06	34
Tfas_chr21	4000001	5e+06	33
Tfas_chr21	5000001	6e+06	28
Tfas_chr21	6000001	7e+06	21
Tfas_chr21	7000001	8e+06	16
Tfas_chr21	8000001	9e+06	20
Tfas_chr21	9000001	1e+07	11
Tfas_chr21	10000001	1.1e+07	8
Tfas_chr21	11000001	1.2e+07	24
Tfas_chr21	12000001	1.3e+07	33
Tfas_chr21	13000001	1.4e+07	56
Tfas_chr21	14000001	1.5e+07	76
Tfas_chr21	15000001	1.6e+07	98
Tfas_chr21	16000001	1.7e+07	125
Tfas_chr21	17000001	1.8e+07	104
Tfas_chr21	18000001	1.9e+07	0
Tfas_chr22	1	1e+06	59
Tfas_chr22	1000001	2e+06	36
Tfas_chr22	2000001	3e+06	40
Tfas_chr22	3000001	4e+06	10
Tfas_chr22	4000001	5e+06	13
Tfas_chr22	5000001	6e+06	5
Tfas_chr22	6000001	7e+06	20
Tfas_chr22	7000001	8e+06	24
Tfas_chr22	8000001	9e+06	30
Tfas_chr22	9000001	1e+07	41
Tfas_chr22	10000001	1.1e+07	35
Tfas_chr22	11000001	1.2e+07	22
Tfas_chr22	12000001	1.3e+07	56
Tfas_chr22	13000001	1.4e+07	89
Tfas_chr22	14000001	1.5e+07	100
Tfas_chr22	15000001	1.6e+07	120
Tfas_chr22	16000001	1.7e+07	118
Tfas_chr22	17000001	1.8e+07	5
Tfas_chr23	1	1e+06	72
Tfas_chr23	1000001	2e+06	58
Tfas_chr23	2000001	3e+06	56
Tfas_chr23	3000001	4e+06	53
Tfas_chr23	4000001	5e+06	36
Tfas_chr23	5000001	6e+06	26
Tfas_chr23	6000001	7e+06	17
Tfas_chr23	7000001	8e+06	14
Tfas_chr23	8000001	9e+06	12
Tfas_chr23	9000001	1e+07	13
Tfas_chr23	10000001	1.1e+07	19
Tfas_chr23	11000001	1.2e+07	14
Tfas_chr23	12000001	1.3e+07	32
Tfas_chr23	13000001	1.4e+07	40
Tfas_chr23	14000001	1.5e+07	107
Tfas_chr23	15000001	1.6e+07	120
Tfas_chr23	16000001	1.7e+07	73
Tfas_chr24	1	1e+06	14
Tfas_chr24	1000001	2e+06	25
Tfas_chr24	2000001	3e+06	30
Tfas_chr24	3000001	4e+06	22
Tfas_chr24	4000001	5e+06	11
Tfas_chr24	5000001	6e+06	28
Tfas_chr24	6000001	7e+06	31
Tfas_chr24	7000001	8e+06	21
Tfas_chr24	8000001	9e+06	56
Tfas_chr24	9000001	1e+07	82
Tfas_chr24	10000001	1.1e+07	94
Tfas_chr24	11000001	1.2e+07	106
Tfas_chr24	12000001	1.3e+07	97
Tfas_chr24	13000001	1.4e+07	45
Tfas_chr25	1	1e+06	114
Tfas_chr25	1000001	2e+06	109
Tfas_chr25	2000001	3e+06	64
Tfas_chr25	3000001	4e+06	49
Tfas_chr25	4000001	5e+06	16
Tfas_chr25	5000001	6e+06	27
Tfas_chr25	6000001	7e+06	27
Tfas_chr25	7000001	8e+06	46
Tfas_chr25	8000001	9e+06	22
Tfas_chr25	9000001	1e+07	48
Tfas_chr25	10000001	1.1e+07	57
Tfas_chr25	11000001	1.2e+07	87
Tfas_chr25	12000001	1.3e+07	32
Tlei_chr1	1	1e+06	103
Tlei_chr1	1000001	2e+06	57
Tlei_chr1	2000001	3e+06	23
Tlei_chr1	3000001	4e+06	24
Tlei_chr1	4000001	5e+06	17
Tlei_chr1	5000001	6e+06	8
Tlei_chr1	6000001	7e+06	8
Tlei_chr1	7000001	8e+06	4
Tlei_chr1	8000001	9e+06	8
Tlei_chr1	9000001	1e+07	8
Tlei_chr1	10000001	1.1e+07	6
Tlei_chr1	11000001	1.2e+07	6
Tlei_chr1	12000001	1.3e+07	6
Tlei_chr1	13000001	1.4e+07	6
Tlei_chr1	14000001	1.5e+07	2
Tlei_chr1	15000001	1.6e+07	1
Tlei_chr1	16000001	1.7e+07	2
Tlei_chr1	17000001	1.8e+07	0
Tlei_chr1	18000001	1.9e+07	5
Tlei_chr1	19000001	2e+07	9
Tlei_chr1	20000001	2.1e+07	6
Tlei_chr1	21000001	2.2e+07	0
Tlei_chr1	22000001	2.3e+07	2
Tlei_chr1	23000001	2.4e+07	0
Tlei_chr1	24000001	2.5e+07	3
Tlei_chr1	25000001	2.6e+07	7
Tlei_chr1	26000001	2.7e+07	4
Tlei_chr1	27000001	2.8e+07	2
Tlei_chr1	28000001	2.9e+07	0
Tlei_chr1	29000001	3e+07	3
Tlei_chr1	30000001	3.1e+07	1
Tlei_chr1	31000001	3.2e+07	2
Tlei_chr1	32000001	3.3e+07	1
Tlei_chr1	33000001	3.4e+07	7
Tlei_chr1	34000001	3.5e+07	5
Tlei_chr1	35000001	3.6e+07	1
Tlei_chr1	36000001	3.7e+07	6
Tlei_chr1	37000001	3.8e+07	0
Tlei_chr1	38000001	3.9e+07	2
Tlei_chr1	39000001	4e+07	2
Tlei_chr1	40000001	4.1e+07	4
Tlei_chr1	41000001	4.2e+07	0
Tlei_chr1	42000001	4.3e+07	5
Tlei_chr1	43000001	4.4e+07	1
Tlei_chr1	44000001	4.5e+07	3
Tlei_chr1	45000001	4.6e+07	1
Tlei_chr1	46000001	4.7e+07	3
Tlei_chr1	47000001	4.8e+07	3
Tlei_chr1	48000001	4.9e+07	7
Tlei_chr1	49000001	5e+07	10
Tlei_chr1	50000001	5.1e+07	24
Tlei_chr1	51000001	5.2e+07	4
Tlei_chr1	52000001	5.3e+07	32
Tlei_chr1	53000001	5.4e+07	54
Tlei_chr1	54000001	5.5e+07	76
Tlei_chr1	55000001	5.6e+07	78
Tlei_chr1	56000001	5.7e+07	98
Tlei_chr1	57000001	5.8e+07	95
Tlei_chr1	58000001	5.9e+07	86
Tlei_chr1	59000001	6e+07	101
Tlei_chr1	60000001	6.1e+07	24
Tlei_chr2	1	1e+06	106
Tlei_chr2	1000001	2e+06	115
Tlei_chr2	2000001	3e+06	99
Tlei_chr2	3000001	4e+06	79
Tlei_chr2	4000001	5e+06	46
Tlei_chr2	5000001	6e+06	29
Tlei_chr2	6000001	7e+06	18
Tlei_chr2	7000001	8e+06	25
Tlei_chr2	8000001	9e+06	6
Tlei_chr2	9000001	1e+07	6
Tlei_chr2	10000001	1.1e+07	4
Tlei_chr2	11000001	1.2e+07	3
Tlei_chr2	12000001	1.3e+07	9
Tlei_chr2	13000001	1.4e+07	3
Tlei_chr2	14000001	1.5e+07	0
Tlei_chr2	15000001	1.6e+07	3
Tlei_chr2	16000001	1.7e+07	2
Tlei_chr2	17000001	1.8e+07	2
Tlei_chr2	18000001	1.9e+07	3
Tlei_chr2	19000001	2e+07	7
Tlei_chr2	20000001	2.1e+07	4
Tlei_chr2	21000001	2.2e+07	3
Tlei_chr2	22000001	2.3e+07	1
Tlei_chr2	23000001	2.4e+07	7
Tlei_chr2	24000001	2.5e+07	6
Tlei_chr2	25000001	2.6e+07	0
Tlei_chr2	26000001	2.7e+07	0
Tlei_chr2	27000001	2.8e+07	1
Tlei_chr2	28000001	2.9e+07	7
Tlei_chr2	29000001	3e+07	2
Tlei_chr2	30000001	3.1e+07	5
Tlei_chr2	31000001	3.2e+07	3
Tlei_chr2	32000001	3.3e+07	3
Tlei_chr2	33000001	3.4e+07	4
Tlei_chr2	34000001	3.5e+07	9
Tlei_chr2	35000001	3.6e+07	9
Tlei_chr2	36000001	3.7e+07	8
Tlei_chr2	37000001	3.8e+07	0
Tlei_chr2	38000001	3.9e+07	3
Tlei_chr2	39000001	4e+07	1
Tlei_chr2	40000001	4.1e+07	5
Tlei_chr2	41000001	4.2e+07	7
Tlei_chr2	42000001	4.3e+07	3
Tlei_chr2	43000001	4.4e+07	1
Tlei_chr2	44000001	4.5e+07	1
Tlei_chr2	45000001	4.6e+07	1
Tlei_chr2	46000001	4.7e+07	5
Tlei_chr2	47000001	4.8e+07	9
Tlei_chr2	48000001	4.9e+07	5
Tlei_chr2	49000001	5e+07	12
Tlei_chr2	50000001	5.1e+07	33
Tlei_chr2	51000001	5.2e+07	40
Tlei_chr2	52000001	5.3e+07	34
Tlei_chr2	53000001	5.4e+07	43
Tlei_chr2	54000001	5.5e+07	55
Tlei_chr2	55000001	5.6e+07	89
Tlei_chr2	56000001	5.7e+07	122
Tlei_chr2	57000001	5.8e+07	9
Tlei_chr3	1	1e+06	73
Tlei_chr3	1000001	2e+06	65
Tlei_chr3	2000001	3e+06	50
Tlei_chr3	3000001	4e+06	26
Tlei_chr3	4000001	5e+06	21
Tlei_chr3	5000001	6e+06	7
Tlei_chr3	6000001	7e+06	7
Tlei_chr3	7000001	8e+06	5
Tlei_chr3	8000001	9e+06	5
Tlei_chr3	9000001	1e+07	4
Tlei_chr3	10000001	1.1e+07	4
Tlei_chr3	11000001	1.2e+07	10
Tlei_chr3	12000001	1.3e+07	16
Tlei_chr3	13000001	1.4e+07	7
Tlei_chr3	14000001	1.5e+07	7
Tlei_chr3	15000001	1.6e+07	6
Tlei_chr3	16000001	1.7e+07	8
Tlei_chr3	17000001	1.8e+07	15
Tlei_chr3	18000001	1.9e+07	7
Tlei_chr3	19000001	2e+07	1
Tlei_chr3	20000001	2.1e+07	13
Tlei_chr3	21000001	2.2e+07	6
Tlei_chr3	22000001	2.3e+07	4
Tlei_chr3	23000001	2.4e+07	3
Tlei_chr3	24000001	2.5e+07	5
Tlei_chr3	25000001	2.6e+07	6
Tlei_chr3	26000001	2.7e+07	2
Tlei_chr3	27000001	2.8e+07	1
Tlei_chr3	28000001	2.9e+07	1
Tlei_chr3	29000001	3e+07	3
Tlei_chr3	30000001	3.1e+07	4
Tlei_chr3	31000001	3.2e+07	8
Tlei_chr3	32000001	3.3e+07	2
Tlei_chr3	33000001	3.4e+07	6
Tlei_chr3	34000001	3.5e+07	1
Tlei_chr3	35000001	3.6e+07	2
Tlei_chr3	36000001	3.7e+07	0
Tlei_chr3	37000001	3.8e+07	4
Tlei_chr3	38000001	3.9e+07	13
Tlei_chr3	39000001	4e+07	3
Tlei_chr3	40000001	4.1e+07	3
Tlei_chr3	41000001	4.2e+07	5
Tlei_chr3	42000001	4.3e+07	1
Tlei_chr3	43000001	4.4e+07	0
Tlei_chr3	44000001	4.5e+07	1
Tlei_chr3	45000001	4.6e+07	1
Tlei_chr3	46000001	4.7e+07	5
Tlei_chr3	47000001	4.8e+07	15
Tlei_chr3	48000001	4.9e+07	12
Tlei_chr3	49000001	5e+07	26
Tlei_chr3	50000001	5.1e+07	29
Tlei_chr3	51000001	5.2e+07	42
Tlei_chr3	52000001	5.3e+07	81
Tlei_chr3	53000001	5.4e+07	94
Tlei_chr3	54000001	5.5e+07	58
Tlei_chr3	55000001	5.6e+07	28
Tlei_chr4	1	1e+06	115
Tlei_chr4	1000001	2e+06	114
Tlei_chr4	2000001	3e+06	98
Tlei_chr4	3000001	4e+06	100
Tlei_chr4	4000001	5e+06	46
Tlei_chr4	5000001	6e+06	15
Tlei_chr4	6000001	7e+06	21
Tlei_chr4	7000001	8e+06	11
Tlei_chr4	8000001	9e+06	9
Tlei_chr4	9000001	1e+07	2
Tlei_chr4	10000001	1.1e+07	2
Tlei_chr4	11000001	1.2e+07	2
Tlei_chr4	12000001	1.3e+07	1
Tlei_chr4	13000001	1.4e+07	1
Tlei_chr4	14000001	1.5e+07	2
Tlei_chr4	15000001	1.6e+07	1
Tlei_chr4	16000001	1.7e+07	4
Tlei_chr4	17000001	1.8e+07	1
Tlei_chr4	18000001	1.9e+07	1
Tlei_chr4	19000001	2e+07	6
Tlei_chr4	20000001	2.1e+07	1
Tlei_chr4	21000001	2.2e+07	3
Tlei_chr4	22000001	2.3e+07	7
Tlei_chr4	23000001	2.4e+07	2
Tlei_chr4	24000001	2.5e+07	0
Tlei_chr4	25000001	2.6e+07	1
Tlei_chr4	26000001	2.7e+07	8
Tlei_chr4	27000001	2.8e+07	4
Tlei_chr4	28000001	2.9e+07	3
Tlei_chr4	29000001	3e+07	7
Tlei_chr4	30000001	3.1e+07	1
Tlei_chr4	31000001	3.2e+07	6
Tlei_chr4	32000001	3.3e+07	9
Tlei_chr4	33000001	3.4e+07	1
Tlei_chr4	34000001	3.5e+07	1
Tlei_chr4	35000001	3.6e+07	5
Tlei_chr4	36000001	3.7e+07	8
Tlei_chr4	37000001	3.8e+07	7
Tlei_chr4	38000001	3.9e+07	4
Tlei_chr4	39000001	4e+07	6
Tlei_chr4	40000001	4.1e+07	2
Tlei_chr4	41000001	4.2e+07	0
Tlei_chr4	42000001	4.3e+07	3
Tlei_chr4	43000001	4.4e+07	0
Tlei_chr4	44000001	4.5e+07	1
Tlei_chr4	45000001	4.6e+07	2
Tlei_chr4	46000001	4.7e+07	1
Tlei_chr4	47000001	4.8e+07	5
Tlei_chr4	48000001	4.9e+07	10
Tlei_chr4	49000001	5e+07	8
Tlei_chr4	50000001	5.1e+07	10
Tlei_chr4	51000001	5.2e+07	14
Tlei_chr4	52000001	5.3e+07	18
Tlei_chr4	53000001	5.4e+07	28
Tlei_chr4	54000001	5.5e+07	59
Tlei_chr4	55000001	5.6e+07	35
Tlei_chr5	1	1e+06	82
Tlei_chr5	1000001	2e+06	93
Tlei_chr5	2000001	3e+06	66
Tlei_chr5	3000001	4e+06	67
Tlei_chr5	4000001	5e+06	43
Tlei_chr5	5000001	6e+06	30
Tlei_chr5	6000001	7e+06	20
Tlei_chr5	7000001	8e+06	9
Tlei_chr5	8000001	9e+06	4
Tlei_chr5	9000001	1e+07	3
Tlei_chr5	10000001	1.1e+07	2
Tlei_chr5	11000001	1.2e+07	7
Tlei_chr5	12000001	1.3e+07	8
Tlei_chr5	13000001	1.4e+07	8
Tlei_chr5	14000001	1.5e+07	2
Tlei_chr5	15000001	1.6e+07	3
Tlei_chr5	16000001	1.7e+07	5
Tlei_chr5	17000001	1.8e+07	1
Tlei_chr5	18000001	1.9e+07	4
Tlei_chr5	19000001	2e+07	2
Tlei_chr5	20000001	2.1e+07	3
Tlei_chr5	21000001	2.2e+07	2
Tlei_chr5	22000001	2.3e+07	4
Tlei_chr5	23000001	2.4e+07	0
Tlei_chr5	24000001	2.5e+07	1
Tlei_chr5	25000001	2.6e+07	4
Tlei_chr5	26000001	2.7e+07	1
Tlei_chr5	27000001	2.8e+07	2
Tlei_chr5	28000001	2.9e+07	5
Tlei_chr5	29000001	3e+07	3
Tlei_chr5	30000001	3.1e+07	2
Tlei_chr5	31000001	3.2e+07	3
Tlei_chr5	32000001	3.3e+07	4
Tlei_chr5	33000001	3.4e+07	1
Tlei_chr5	34000001	3.5e+07	6
Tlei_chr5	35000001	3.6e+07	31
Tlei_chr5	36000001	3.7e+07	1
Tlei_chr5	37000001	3.8e+07	2
Tlei_chr5	38000001	3.9e+07	4
Tlei_chr5	39000001	4e+07	3
Tlei_chr5	40000001	4.1e+07	3
Tlei_chr5	41000001	4.2e+07	9
Tlei_chr5	42000001	4.3e+07	3
Tlei_chr5	43000001	4.4e+07	1
Tlei_chr5	44000001	4.5e+07	1
Tlei_chr5	45000001	4.6e+07	0
Tlei_chr5	46000001	4.7e+07	3
Tlei_chr5	47000001	4.8e+07	3
Tlei_chr5	48000001	4.9e+07	5
Tlei_chr5	49000001	5e+07	12
Tlei_chr5	50000001	5.1e+07	3
Tlei_chr5	51000001	5.2e+07	22
Tlei_chr5	52000001	5.3e+07	41
Tlei_chr5	53000001	5.4e+07	48
Tlei_chr5	54000001	5.5e+07	45
Tlei_chr6	1	1e+06	68
Tlei_chr6	1000001	2e+06	103
Tlei_chr6	2000001	3e+06	98
Tlei_chr6	3000001	4e+06	88
Tlei_chr6	4000001	5e+06	101
Tlei_chr6	5000001	6e+06	36
Tlei_chr6	6000001	7e+06	22
Tlei_chr6	7000001	8e+06	16
Tlei_chr6	8000001	9e+06	11
Tlei_chr6	9000001	1e+07	9
Tlei_chr6	10000001	1.1e+07	4
Tlei_chr6	11000001	1.2e+07	5
Tlei_chr6	12000001	1.3e+07	2
Tlei_chr6	13000001	1.4e+07	5
Tlei_chr6	14000001	1.5e+07	5
Tlei_chr6	15000001	1.6e+07	2
Tlei_chr6	16000001	1.7e+07	4
Tlei_chr6	17000001	1.8e+07	2
Tlei_chr6	18000001	1.9e+07	4
Tlei_chr6	19000001	2e+07	1
Tlei_chr6	20000001	2.1e+07	9
Tlei_chr6	21000001	2.2e+07	2
Tlei_chr6	22000001	2.3e+07	0
Tlei_chr6	23000001	2.4e+07	4
Tlei_chr6	24000001	2.5e+07	2
Tlei_chr6	25000001	2.6e+07	11
Tlei_chr6	26000001	2.7e+07	3
Tlei_chr6	27000001	2.8e+07	0
Tlei_chr6	28000001	2.9e+07	0
Tlei_chr6	29000001	3e+07	5
Tlei_chr6	30000001	3.1e+07	3
Tlei_chr6	31000001	3.2e+07	1
Tlei_chr6	32000001	3.3e+07	2
Tlei_chr6	33000001	3.4e+07	2
Tlei_chr6	34000001	3.5e+07	0
Tlei_chr6	35000001	3.6e+07	1
Tlei_chr6	36000001	3.7e+07	1
Tlei_chr6	37000001	3.8e+07	1
Tlei_chr6	38000001	3.9e+07	5
Tlei_chr6	39000001	4e+07	3
Tlei_chr6	40000001	4.1e+07	3
Tlei_chr6	41000001	4.2e+07	4
Tlei_chr6	42000001	4.3e+07	4
Tlei_chr6	43000001	4.4e+07	9
Tlei_chr6	44000001	4.5e+07	15
Tlei_chr6	45000001	4.6e+07	3
Tlei_chr6	46000001	4.7e+07	22
Tlei_chr6	47000001	4.8e+07	26
Tlei_chr6	48000001	4.9e+07	48
Tlei_chr6	49000001	5e+07	69
Tlei_chr6	50000001	5.1e+07	101
Tlei_chr6	51000001	5.2e+07	101
Tlei_chr6	52000001	5.3e+07	37
Tlei_chr7	1	1e+06	110
Tlei_chr7	1000001	2e+06	87
Tlei_chr7	2000001	3e+06	63
Tlei_chr7	3000001	4e+06	39
Tlei_chr7	4000001	5e+06	26
Tlei_chr7	5000001	6e+06	11
Tlei_chr7	6000001	7e+06	10
Tlei_chr7	7000001	8e+06	11
Tlei_chr7	8000001	9e+06	3
Tlei_chr7	9000001	1e+07	6
Tlei_chr7	10000001	1.1e+07	2
Tlei_chr7	11000001	1.2e+07	6
Tlei_chr7	12000001	1.3e+07	4
Tlei_chr7	13000001	1.4e+07	5
Tlei_chr7	14000001	1.5e+07	3
Tlei_chr7	15000001	1.6e+07	1
Tlei_chr7	16000001	1.7e+07	0
Tlei_chr7	17000001	1.8e+07	1
Tlei_chr7	18000001	1.9e+07	2
Tlei_chr7	19000001	2e+07	6
Tlei_chr7	20000001	2.1e+07	3
Tlei_chr7	21000001	2.2e+07	1
Tlei_chr7	22000001	2.3e+07	2
Tlei_chr7	23000001	2.4e+07	0
Tlei_chr7	24000001	2.5e+07	1
Tlei_chr7	25000001	2.6e+07	0
Tlei_chr7	26000001	2.7e+07	0
Tlei_chr7	27000001	2.8e+07	2
Tlei_chr7	28000001	2.9e+07	1
Tlei_chr7	29000001	3e+07	3
Tlei_chr7	30000001	3.1e+07	4
Tlei_chr7	31000001	3.2e+07	3
Tlei_chr7	32000001	3.3e+07	1
Tlei_chr7	33000001	3.4e+07	4
Tlei_chr7	34000001	3.5e+07	1
Tlei_chr7	35000001	3.6e+07	0
Tlei_chr7	36000001	3.7e+07	9
Tlei_chr7	37000001	3.8e+07	3
Tlei_chr7	38000001	3.9e+07	4
Tlei_chr7	39000001	4e+07	3
Tlei_chr7	40000001	4.1e+07	4
Tlei_chr7	41000001	4.2e+07	4
Tlei_chr7	42000001	4.3e+07	4
Tlei_chr7	43000001	4.4e+07	2
Tlei_chr7	44000001	4.5e+07	1
Tlei_chr7	45000001	4.6e+07	6
Tlei_chr7	46000001	4.7e+07	8
Tlei_chr7	47000001	4.8e+07	21
Tlei_chr7	48000001	4.9e+07	13
Tlei_chr7	49000001	5e+07	29
Tlei_chr7	50000001	5.1e+07	36
Tlei_chr7	51000001	5.2e+07	80
Tlei_chr7	52000001	5.3e+07	24
Tlei_chr8	1	1e+06	112
Tlei_chr8	1000001	2e+06	92
Tlei_chr8	2000001	3e+06	67
Tlei_chr8	3000001	4e+06	58
Tlei_chr8	4000001	5e+06	25
Tlei_chr8	5000001	6e+06	21
Tlei_chr8	6000001	7e+06	18
Tlei_chr8	7000001	8e+06	11
Tlei_chr8	8000001	9e+06	3
Tlei_chr8	9000001	1e+07	6
Tlei_chr8	10000001	1.1e+07	8
Tlei_chr8	11000001	1.2e+07	5
Tlei_chr8	12000001	1.3e+07	5
Tlei_chr8	13000001	1.4e+07	7
Tlei_chr8	14000001	1.5e+07	5
Tlei_chr8	15000001	1.6e+07	7
Tlei_chr8	16000001	1.7e+07	3
Tlei_chr8	17000001	1.8e+07	2
Tlei_chr8	18000001	1.9e+07	3
Tlei_chr8	19000001	2e+07	2
Tlei_chr8	20000001	2.1e+07	2
Tlei_chr8	21000001	2.2e+07	2
Tlei_chr8	22000001	2.3e+07	4
Tlei_chr8	23000001	2.4e+07	10
Tlei_chr8	24000001	2.5e+07	1
Tlei_chr8	25000001	2.6e+07	0
Tlei_chr8	26000001	2.7e+07	2
Tlei_chr8	27000001	2.8e+07	2
Tlei_chr8	28000001	2.9e+07	4
Tlei_chr8	29000001	3e+07	4
Tlei_chr8	30000001	3.1e+07	2
Tlei_chr8	31000001	3.2e+07	2
Tlei_chr8	32000001	3.3e+07	1
Tlei_chr8	33000001	3.4e+07	0
Tlei_chr8	34000001	3.5e+07	61
Tlei_chr8	35000001	3.6e+07	48
Tlei_chr8	36000001	3.7e+07	1
Tlei_chr8	37000001	3.8e+07	1
Tlei_chr8	38000001	3.9e+07	6
Tlei_chr8	39000001	4e+07	7
Tlei_chr8	40000001	4.1e+07	4
Tlei_chr8	41000001	4.2e+07	1
Tlei_chr8	42000001	4.3e+07	8
Tlei_chr8	43000001	4.4e+07	3
Tlei_chr8	44000001	4.5e+07	16
Tlei_chr8	45000001	4.6e+07	36
Tlei_chr8	46000001	4.7e+07	26
Tlei_chr8	47000001	4.8e+07	47
Tlei_chr8	48000001	4.9e+07	47
Tlei_chr8	49000001	5e+07	90
Tlei_chr8	50000001	5.1e+07	140
Tlei_chr8	51000001	5.2e+07	32
Tlei_chr9	1	1e+06	120
Tlei_chr9	1000001	2e+06	122
Tlei_chr9	2000001	3e+06	111
Tlei_chr9	3000001	4e+06	70
Tlei_chr9	4000001	5e+06	67
Tlei_chr9	5000001	6e+06	34
Tlei_chr9	6000001	7e+06	24
Tlei_chr9	7000001	8e+06	5
Tlei_chr9	8000001	9e+06	9
Tlei_chr9	9000001	1e+07	6
Tlei_chr9	10000001	1.1e+07	8
Tlei_chr9	11000001	1.2e+07	5
Tlei_chr9	12000001	1.3e+07	5
Tlei_chr9	13000001	1.4e+07	4
Tlei_chr9	14000001	1.5e+07	2
Tlei_chr9	15000001	1.6e+07	10
Tlei_chr9	16000001	1.7e+07	3
Tlei_chr9	17000001	1.8e+07	9
Tlei_chr9	18000001	1.9e+07	8
Tlei_chr9	19000001	2e+07	1
Tlei_chr9	20000001	2.1e+07	8
Tlei_chr9	21000001	2.2e+07	4
Tlei_chr9	22000001	2.3e+07	0
Tlei_chr9	23000001	2.4e+07	3
Tlei_chr9	24000001	2.5e+07	1
Tlei_chr9	25000001	2.6e+07	0
Tlei_chr9	26000001	2.7e+07	8
Tlei_chr9	27000001	2.8e+07	2
Tlei_chr9	28000001	2.9e+07	4
Tlei_chr9	29000001	3e+07	2
Tlei_chr9	30000001	3.1e+07	1
Tlei_chr9	31000001	3.2e+07	6
Tlei_chr9	32000001	3.3e+07	10
Tlei_chr9	33000001	3.4e+07	9
Tlei_chr9	34000001	3.5e+07	3
Tlei_chr9	35000001	3.6e+07	3
Tlei_chr9	36000001	3.7e+07	1
Tlei_chr9	37000001	3.8e+07	1
Tlei_chr9	38000001	3.9e+07	8
Tlei_chr9	39000001	4e+07	2
Tlei_chr9	40000001	4.1e+07	11
Tlei_chr9	41000001	4.2e+07	8
Tlei_chr9	42000001	4.3e+07	4
Tlei_chr9	43000001	4.4e+07	3
Tlei_chr9	44000001	4.5e+07	11
Tlei_chr9	45000001	4.6e+07	19
Tlei_chr9	46000001	4.7e+07	19
Tlei_chr9	47000001	4.8e+07	23
Tlei_chr9	48000001	4.9e+07	48
Tlei_chr9	49000001	5e+07	88
Tlei_chr9	50000001	5.1e+07	27
Tlei_chr10	1	1e+06	101
Tlei_chr10	1000001	2e+06	119
Tlei_chr10	2000001	3e+06	106
Tlei_chr10	3000001	4e+06	45
Tlei_chr10	4000001	5e+06	35
Tlei_chr10	5000001	6e+06	27
Tlei_chr10	6000001	7e+06	10
Tlei_chr10	7000001	8e+06	7
Tlei_chr10	8000001	9e+06	2
Tlei_chr10	9000001	1e+07	4
Tlei_chr10	10000001	1.1e+07	1
Tlei_chr10	11000001	1.2e+07	6
Tlei_chr10	12000001	1.3e+07	6
Tlei_chr10	13000001	1.4e+07	2
Tlei_chr10	14000001	1.5e+07	4
Tlei_chr10	15000001	1.6e+07	13
Tlei_chr10	16000001	1.7e+07	8
Tlei_chr10	17000001	1.8e+07	8
Tlei_chr10	18000001	1.9e+07	3
Tlei_chr10	19000001	2e+07	5
Tlei_chr10	20000001	2.1e+07	0
Tlei_chr10	21000001	2.2e+07	3
Tlei_chr10	22000001	2.3e+07	2
Tlei_chr10	23000001	2.4e+07	3
Tlei_chr10	24000001	2.5e+07	2
Tlei_chr10	25000001	2.6e+07	5
Tlei_chr10	26000001	2.7e+07	4
Tlei_chr10	27000001	2.8e+07	1
Tlei_chr10	28000001	2.9e+07	7
Tlei_chr10	29000001	3e+07	4
Tlei_chr10	30000001	3.1e+07	0
Tlei_chr10	31000001	3.2e+07	2
Tlei_chr10	32000001	3.3e+07	1
Tlei_chr10	33000001	3.4e+07	4
Tlei_chr10	34000001	3.5e+07	5
Tlei_chr10	35000001	3.6e+07	5
Tlei_chr10	36000001	3.7e+07	6
Tlei_chr10	37000001	3.8e+07	5
Tlei_chr10	38000001	3.9e+07	8
Tlei_chr10	39000001	4e+07	7
Tlei_chr10	40000001	4.1e+07	5
Tlei_chr10	41000001	4.2e+07	13
Tlei_chr10	42000001	4.3e+07	21
Tlei_chr10	43000001	4.4e+07	20
Tlei_chr10	44000001	4.5e+07	32
Tlei_chr10	45000001	4.6e+07	38
Tlei_chr10	46000001	4.7e+07	90
Tlei_chr10	47000001	4.8e+07	120
Tlei_chr10	48000001	4.9e+07	42
Tlei_chr11	1	1e+06	92
Tlei_chr11	1000001	2e+06	63
Tlei_chr11	2000001	3e+06	32
Tlei_chr11	3000001	4e+06	25
Tlei_chr11	4000001	5e+06	3
Tlei_chr11	5000001	6e+06	1
Tlei_chr11	6000001	7e+06	0
Tlei_chr11	7000001	8e+06	9
Tlei_chr11	8000001	9e+06	2
Tlei_chr11	9000001	1e+07	3
Tlei_chr11	10000001	1.1e+07	7
Tlei_chr11	11000001	1.2e+07	2
Tlei_chr11	12000001	1.3e+07	2
Tlei_chr11	13000001	1.4e+07	6
Tlei_chr11	14000001	1.5e+07	1
Tlei_chr11	15000001	1.6e+07	5
Tlei_chr11	16000001	1.7e+07	3
Tlei_chr11	17000001	1.8e+07	3
Tlei_chr11	18000001	1.9e+07	5
Tlei_chr11	19000001	2e+07	2
Tlei_chr11	20000001	2.1e+07	4
Tlei_chr11	21000001	2.2e+07	1
Tlei_chr11	22000001	2.3e+07	2
Tlei_chr11	23000001	2.4e+07	3
Tlei_chr11	24000001	2.5e+07	6
Tlei_chr11	25000001	2.6e+07	5
Tlei_chr11	26000001	2.7e+07	3
Tlei_chr11	27000001	2.8e+07	3
Tlei_chr11	28000001	2.9e+07	2
Tlei_chr11	29000001	3e+07	0
Tlei_chr11	30000001	3.1e+07	3
Tlei_chr11	31000001	3.2e+07	0
Tlei_chr11	32000001	3.3e+07	0
Tlei_chr11	33000001	3.4e+07	2
Tlei_chr11	34000001	3.5e+07	1
Tlei_chr11	35000001	3.6e+07	1
Tlei_chr11	36000001	3.7e+07	1
Tlei_chr11	37000001	3.8e+07	6
Tlei_chr11	38000001	3.9e+07	4
Tlei_chr11	39000001	4e+07	11
Tlei_chr11	40000001	4.1e+07	14
Tlei_chr11	41000001	4.2e+07	3
Tlei_chr11	42000001	4.3e+07	26
Tlei_chr11	43000001	4.4e+07	58
Tlei_chr11	44000001	4.5e+07	100
Tlei_chr11	45000001	4.6e+07	113
Tlei_chr12	1	1e+06	103
Tlei_chr12	1000001	2e+06	114
Tlei_chr12	2000001	3e+06	85
Tlei_chr12	3000001	4e+06	61
Tlei_chr12	4000001	5e+06	37
Tlei_chr12	5000001	6e+06	22
Tlei_chr12	6000001	7e+06	2
Tlei_chr12	7000001	8e+06	0
Tlei_chr12	8000001	9e+06	6
Tlei_chr12	9000001	1e+07	8
Tlei_chr12	10000001	1.1e+07	4
Tlei_chr12	11000001	1.2e+07	4
Tlei_chr12	12000001	1.3e+07	3
Tlei_chr12	13000001	1.4e+07	5
Tlei_chr12	14000001	1.5e+07	0
Tlei_chr12	15000001	1.6e+07	5
Tlei_chr12	16000001	1.7e+07	7
Tlei_chr12	17000001	1.8e+07	5
Tlei_chr12	18000001	1.9e+07	8
Tlei_chr12	19000001	2e+07	2
Tlei_chr12	20000001	2.1e+07	3
Tlei_chr12	21000001	2.2e+07	6
Tlei_chr12	22000001	2.3e+07	2
Tlei_chr12	23000001	2.4e+07	0
Tlei_chr12	24000001	2.5e+07	0
Tlei_chr12	25000001	2.6e+07	1
Tlei_chr12	26000001	2.7e+07	6
Tlei_chr12	27000001	2.8e+07	8
Tlei_chr12	28000001	2.9e+07	3
Tlei_chr12	29000001	3e+07	9
Tlei_chr12	30000001	3.1e+07	8
Tlei_chr12	31000001	3.2e+07	7
Tlei_chr12	32000001	3.3e+07	9
Tlei_chr12	33000001	3.4e+07	21
Tlei_chr12	34000001	3.5e+07	3
Tlei_chr12	35000001	3.6e+07	4
Tlei_chr12	36000001	3.7e+07	10
Tlei_chr12	37000001	3.8e+07	10
Tlei_chr12	38000001	3.9e+07	5
Tlei_chr12	39000001	4e+07	20
Tlei_chr12	40000001	4.1e+07	26
Tlei_chr12	41000001	4.2e+07	31
Tlei_chr12	42000001	4.3e+07	63
Tlei_chr12	43000001	4.4e+07	24
Tlei_chr13	1	1e+06	77
Tlei_chr13	1000001	2e+06	62
Tlei_chr13	2000001	3e+06	38
Tlei_chr13	3000001	4e+06	18
Tlei_chr13	4000001	5e+06	7
Tlei_chr13	5000001	6e+06	6
Tlei_chr13	6000001	7e+06	11
Tlei_chr13	7000001	8e+06	10
Tlei_chr13	8000001	9e+06	12
Tlei_chr13	9000001	1e+07	3
Tlei_chr13	10000001	1.1e+07	7
Tlei_chr13	11000001	1.2e+07	2
Tlei_chr13	12000001	1.3e+07	0
Tlei_chr13	13000001	1.4e+07	2
Tlei_chr13	14000001	1.5e+07	3
Tlei_chr13	15000001	1.6e+07	5
Tlei_chr13	16000001	1.7e+07	1
Tlei_chr13	17000001	1.8e+07	4
Tlei_chr13	18000001	1.9e+07	9
Tlei_chr13	19000001	2e+07	5
Tlei_chr13	20000001	2.1e+07	9
Tlei_chr13	21000001	2.2e+07	1
Tlei_chr13	22000001	2.3e+07	0
Tlei_chr13	23000001	2.4e+07	5
Tlei_chr13	24000001	2.5e+07	5
Tlei_chr13	25000001	2.6e+07	9
Tlei_chr13	26000001	2.7e+07	5
Tlei_chr13	27000001	2.8e+07	6
Tlei_chr13	28000001	2.9e+07	2
Tlei_chr13	29000001	3e+07	6
Tlei_chr13	30000001	3.1e+07	3
Tlei_chr13	31000001	3.2e+07	2
Tlei_chr13	32000001	3.3e+07	17
Tlei_chr13	33000001	3.4e+07	22
Tlei_chr13	34000001	3.5e+07	26
Tlei_chr13	35000001	3.6e+07	70
Tlei_chr13	36000001	3.7e+07	65
Tlei_chr13	37000001	3.8e+07	79
Tlei_chr13	38000001	3.9e+07	22
Tlei_chr13	39000001	4e+07	2
Tlei_chr14	1	1e+06	117
Tlei_chr14	1000001	2e+06	115
Tlei_chr14	2000001	3e+06	107
Tlei_chr14	3000001	4e+06	106
Tlei_chr14	4000001	5e+06	71
Tlei_chr14	5000001	6e+06	28
Tlei_chr14	6000001	7e+06	14
Tlei_chr14	7000001	8e+06	21
Tlei_chr14	8000001	9e+06	21
Tlei_chr14	9000001	1e+07	2
Tlei_chr14	10000001	1.1e+07	2
Tlei_chr14	11000001	1.2e+07	2
Tlei_chr14	12000001	1.3e+07	5
Tlei_chr14	13000001	1.4e+07	1
Tlei_chr14	14000001	1.5e+07	1
Tlei_chr14	15000001	1.6e+07	12
Tlei_chr14	16000001	1.7e+07	6
Tlei_chr14	17000001	1.8e+07	1
Tlei_chr14	18000001	1.9e+07	5
Tlei_chr14	19000001	2e+07	10
Tlei_chr14	20000001	2.1e+07	4
Tlei_chr14	21000001	2.2e+07	6
Tlei_chr14	22000001	2.3e+07	2
Tlei_chr14	23000001	2.4e+07	15
Tlei_chr14	24000001	2.5e+07	7
Tlei_chr14	25000001	2.6e+07	13
Tlei_chr14	26000001	2.7e+07	23
Tlei_chr14	27000001	2.8e+07	32
Tlei_chr14	28000001	2.9e+07	35
Tlei_chr14	29000001	3e+07	34
Tlei_chr14	30000001	3.1e+07	39
Tlei_chr14	31000001	3.2e+07	57
Tlei_chr14	32000001	3.3e+07	78
Tlei_chr14	33000001	3.4e+07	110
Tlei_chr14	34000001	3.5e+07	43
Tlei_chr14	35000001	3.6e+07	42
Tlei_chr14	36000001	3.7e+07	60
Tlei_chr14	37000001	3.8e+07	72
Tlei_chr14	38000001	3.9e+07	34
Tlei_chr15	1	1e+06	93
Tlei_chr15	1000001	2e+06	87
Tlei_chr15	2000001	3e+06	96
Tlei_chr15	3000001	4e+06	113
Tlei_chr15	4000001	5e+06	108
Tlei_chr15	5000001	6e+06	68
Tlei_chr15	6000001	7e+06	51
Tlei_chr15	7000001	8e+06	33
Tlei_chr15	8000001	9e+06	39
Tlei_chr15	9000001	1e+07	16
Tlei_chr15	10000001	1.1e+07	37
Tlei_chr15	11000001	1.2e+07	1
Tlei_chr15	12000001	1.3e+07	5
Tlei_chr15	13000001	1.4e+07	7
Tlei_chr15	14000001	1.5e+07	7
Tlei_chr15	15000001	1.6e+07	9
Tlei_chr15	16000001	1.7e+07	6
Tlei_chr15	17000001	1.8e+07	7
Tlei_chr15	18000001	1.9e+07	3
Tlei_chr15	19000001	2e+07	9
Tlei_chr15	20000001	2.1e+07	5
Tlei_chr15	21000001	2.2e+07	1
Tlei_chr15	22000001	2.3e+07	1
Tlei_chr15	23000001	2.4e+07	9
Tlei_chr15	24000001	2.5e+07	13
Tlei_chr15	25000001	2.6e+07	12
Tlei_chr15	26000001	2.7e+07	3
Tlei_chr15	27000001	2.8e+07	11
Tlei_chr15	28000001	2.9e+07	2
Tlei_chr15	29000001	3e+07	4
Tlei_chr15	30000001	3.1e+07	3
Tlei_chr15	31000001	3.2e+07	16
Tlei_chr15	32000001	3.3e+07	38
Tlei_chr15	33000001	3.4e+07	46
Tlei_chr15	34000001	3.5e+07	60
Tlei_chr16	1	1e+06	41
Tlei_chr16	1000001	2e+06	28
Tlei_chr16	2000001	3e+06	33
Tlei_chr16	3000001	4e+06	18
Tlei_chr16	4000001	5e+06	14
Tlei_chr16	5000001	6e+06	2
Tlei_chr16	6000001	7e+06	3
Tlei_chr16	7000001	8e+06	16
Tlei_chr16	8000001	9e+06	6
Tlei_chr16	9000001	1e+07	14
Tlei_chr16	10000001	1.1e+07	3
Tlei_chr16	11000001	1.2e+07	6
Tlei_chr16	12000001	1.3e+07	0
Tlei_chr16	13000001	1.4e+07	4
Tlei_chr16	14000001	1.5e+07	0
Tlei_chr16	15000001	1.6e+07	11
Tlei_chr16	16000001	1.7e+07	2
Tlei_chr16	17000001	1.8e+07	7
Tlei_chr16	18000001	1.9e+07	6
Tlei_chr16	19000001	2e+07	10
Tlei_chr16	20000001	2.1e+07	2
Tlei_chr16	21000001	2.2e+07	5
Tlei_chr16	22000001	2.3e+07	5
Tlei_chr16	23000001	2.4e+07	9
Tlei_chr16	24000001	2.5e+07	29
Tlei_chr16	25000001	2.6e+07	31
Tlei_chr16	26000001	2.7e+07	53
Tlei_chr16	27000001	2.8e+07	80
Tlei_chr16	28000001	2.9e+07	116
Tlei_chr16	29000001	3e+07	126
Tlei_chr16	30000001	3.1e+07	24
Tlei_chr17	1	1e+06	88
Tlei_chr17	1000001	2e+06	108
Tlei_chr17	2000001	3e+06	90
Tlei_chr17	3000001	4e+06	72
Tlei_chr17	4000001	5e+06	56
Tlei_chr17	5000001	6e+06	43
Tlei_chr17	6000001	7e+06	26
Tlei_chr17	7000001	8e+06	16
Tlei_chr17	8000001	9e+06	19
Tlei_chr17	9000001	1e+07	16
Tlei_chr17	10000001	1.1e+07	4
Tlei_chr17	11000001	1.2e+07	9
Tlei_chr17	12000001	1.3e+07	12
Tlei_chr17	13000001	1.4e+07	6
Tlei_chr17	14000001	1.5e+07	1
Tlei_chr17	15000001	1.6e+07	7
Tlei_chr17	16000001	1.7e+07	9
Tlei_chr17	17000001	1.8e+07	10
Tlei_chr17	18000001	1.9e+07	10
Tlei_chr17	19000001	2e+07	20
Tlei_chr17	20000001	2.1e+07	17
Tlei_chr17	21000001	2.2e+07	16
Tlei_chr17	22000001	2.3e+07	19
Tlei_chr17	23000001	2.4e+07	24
Tlei_chr17	24000001	2.5e+07	11
Tlei_chr17	25000001	2.6e+07	34
Tlei_chr17	26000001	2.7e+07	19
Tlei_chr17	27000001	2.8e+07	43
Tlei_chr17	28000001	2.9e+07	31
Tlei_chr18	1	1e+06	70
Tlei_chr18	1000001	2e+06	109
Tlei_chr18	2000001	3e+06	104
Tlei_chr18	3000001	4e+06	66
Tlei_chr18	4000001	5e+06	41
Tlei_chr18	5000001	6e+06	26
Tlei_chr18	6000001	7e+06	14
Tlei_chr18	7000001	8e+06	3
Tlei_chr18	8000001	9e+06	15
Tlei_chr18	9000001	1e+07	8
Tlei_chr18	10000001	1.1e+07	14
Tlei_chr18	11000001	1.2e+07	14
Tlei_chr18	12000001	1.3e+07	1
Tlei_chr18	13000001	1.4e+07	2
Tlei_chr18	14000001	1.5e+07	2
Tlei_chr18	15000001	1.6e+07	9
Tlei_chr18	16000001	1.7e+07	10
Tlei_chr18	17000001	1.8e+07	12
Tlei_chr18	18000001	1.9e+07	2
Tlei_chr18	19000001	2e+07	1
Tlei_chr18	20000001	2.1e+07	4
Tlei_chr18	21000001	2.2e+07	17
Tlei_chr18	22000001	2.3e+07	10
Tlei_chr18	23000001	2.4e+07	13
Tlei_chr18	24000001	2.5e+07	20
Tlei_chr18	25000001	2.6e+07	28
Tlei_chr18	26000001	2.7e+07	1
Tlei_chr19	1	1e+06	102
Tlei_chr19	1000001	2e+06	113
Tlei_chr19	2000001	3e+06	73
Tlei_chr19	3000001	4e+06	7
Tlei_chr19	4000001	5e+06	11
Tlei_chr19	5000001	6e+06	7
Tlei_chr19	6000001	7e+06	2
Tlei_chr19	7000001	8e+06	9
Tlei_chr19	8000001	9e+06	9
Tlei_chr19	9000001	1e+07	7
Tlei_chr19	10000001	1.1e+07	17
Tlei_chr19	11000001	1.2e+07	26
Tlei_chr19	12000001	1.3e+07	33
Tlei_chr19	13000001	1.4e+07	53
Tlei_chr19	14000001	1.5e+07	73
Tlei_chr19	15000001	1.6e+07	93
Tlei_chr19	16000001	1.7e+07	97
Tlei_chr19	17000001	1.8e+07	90
Tlei_chr19	18000001	1.9e+07	89
Tlei_chr19	19000001	2e+07	72
Tlei_chr19	20000001	2.1e+07	26
Tlei_chr20	1	1e+06	76
Tlei_chr20	1000001	2e+06	43
Tlei_chr20	2000001	3e+06	55
Tlei_chr20	3000001	4e+06	48
Tlei_chr20	4000001	5e+06	23
Tlei_chr20	5000001	6e+06	18
Tlei_chr20	6000001	7e+06	17
Tlei_chr20	7000001	8e+06	17
Tlei_chr20	8000001	9e+06	19
Tlei_chr20	9000001	1e+07	17
Tlei_chr20	10000001	1.1e+07	13
Tlei_chr20	11000001	1.2e+07	17
Tlei_chr20	12000001	1.3e+07	1
Tlei_chr20	13000001	1.4e+07	41
Tlei_chr20	14000001	1.5e+07	73
Tlei_chr20	15000001	1.6e+07	104
Tlei_chr20	16000001	1.7e+07	108
Tlei_chr20	17000001	1.8e+07	121
Tlei_chr20	18000001	1.9e+07	39
Tlei_chr21	1	1e+06	119
Tlei_chr21	1000001	2e+06	117
Tlei_chr21	2000001	3e+06	61
Tlei_chr21	3000001	4e+06	32
Tlei_chr21	4000001	5e+06	21
Tlei_chr21	5000001	6e+06	21
Tlei_chr21	6000001	7e+06	27
Tlei_chr21	7000001	8e+06	31
Tlei_chr21	8000001	9e+06	44
Tlei_chr21	9000001	1e+07	54
Tlei_chr21	10000001	1.1e+07	58
Tlei_chr21	11000001	1.2e+07	34
Tlei_chr22	1	1e+06	64
Tlei_chr22	1000001	2e+06	37
Tlei_chr22	2000001	3e+06	30
Tlei_chr22	3000001	4e+06	33
Tlei_chr22	4000001	5e+06	24
Tlei_chr22	5000001	6e+06	30
Tlei_chr22	6000001	7e+06	71
Tlei_chr22	7000001	8e+06	86
Tlei_chr22	8000001	9e+06	124
Tlei_chr22	9000001	1e+07	120
Tlei_chr22	10000001	1.1e+07	26
Tlei_chr23	1	1e+06	100
Tlei_chr23	1000001	2e+06	111
Tlei_chr23	2000001	3e+06	112
Tlei_chr23	3000001	4e+06	57
Tlei_chr23	4000001	5e+06	28
Tlei_chr23	5000001	6e+06	53
Tlei_chr23	6000001	7e+06	81
Tlei_chr23	7000001	8e+06	118
Tlei_chr23	8000001	9e+06	94
Tlei_chr23	9000001	1e+07	74
Tlei_chr24	1	1e+06	99
Tlei_chr24	1000001	2e+06	89
Tlei_chr24	2000001	3e+06	49
Tlei_chr24	3000001	4e+06	33
Tlei_chr24	4000001	5e+06	27
Tlei_chr24	5000001	6e+06	31
Tlei_chr24	6000001	7e+06	48
Tlei_chr24	7000001	8e+06	82
Tlei_chr24	8000001	9e+06	28
Tlei_chr25	1	1e+06	14
Tlei_chr25	1000001	2e+06	14
Tlei_chr26	1	1e+06	25
