og_id	correction_factor	corr_Tlei_count	old_Tlei_count	total_mean_cov	expected_mean_cov
OG0000302	0.980990435263367	4	4	198.937718661042	202.79272
OG0000303	0.844137903582821	8	10	427.962553806645	506.9818
OG0001494	0.724634784270139	1	2	73.4753294543773	101.39636
OG0016417	1.079251050695	2	2	109.432128066649	101.39636
OG0016416	1.20027403048101	2	2	121.703417693303	101.39636
OG0003643	0.978418714910335	2	2	99.2080962477857	101.39636
OG0003648	2.36199571524492	5	2	239.497767861431	101.39636
OG0016408	1.23492862947066	2	2	125.217267888113	101.39636
OG0010696	1.04677817046961	2	2	106.139496213078	101.39636
OG0003251	0.522053371208919	1	2	52.9343115663131	101.39636
OG0003254	0.493830292589022	1	2	50.0725941262618	101.39636
OG0000690	0.930486314017964	3	3	141.521887906858	152.09454
OG0002127	0.895444964483337	3	3	136.192289968409	152.09454
OG0002128	1.03723582961357	2	2	105.171937584396	101.39636
OG0005319	0.460770573209335	1	2	46.7204589185401	101.39636
OG0005311	1.13498512898594	2	2	115.083360733305	101.39636
OG0003419	0.990209178950617	2	2	100.403606384181	101.39636
OG0000508	0.961766450591021	3	3	146.279425890074	152.09454
OG0000509	1.11160723296928	3	3	169.069390759136	152.09454
OG0000502	1.3679632573668	4	3	208.059742366105	152.09454
OG0000506	0.9779868462849	2	2	99.1643063411684	101.39636
OG0000507	1.01589243668723	2	2	103.007795231615	101.39636
OG0000504	0.910452706328263	2	2	92.3165903738349	101.39636
OG0000505	0.899686558783518	2	2	91.2249422015747	101.39636
OG0001119	0.469442755480908	1	3	71.3996799512012	152.09454
OG0001112	1.05050931390324	3	3	159.776730863828	152.09454
OG0001113	0.901958618710328	3	3	137.182981211783	152.09454
OG0001117	0.672065945019682	2	3	102.217560757434	152.09454
OG0001115	0.973473868281294	3	3	148.060060198264	152.09454
OG0000449	0.728086573676132	1	2	73.8253283356316	101.39636
OG0000999	2.5082939989493	10	4	508.663762606606	202.79272
OG0000998	0.948703313360292	2	2	96.1950626946729	101.39636
OG0000995	1.0857231364734	2	2	110.088374006186	101.39636
OG0000994	0.892344659204491	2	2	90.4805003087758	101.39636
OG0000997	1.0010101516409	2	2	101.498785699435	101.39636
OG0000996	0.955515371248019	2	2	96.8857805685978	101.39636
OG0000991	0.704805156393416	2	3	107.197016051285	152.09454
OG0000990	1.07245194618926	2	2	108.742723618507	101.39636
OG0000993	0.999754492840797	2	2	101.371466467703	101.39636
OG0016218	0.540164852632753	1	2	54.7707498568975	101.39636
OG0001470	0.807168359244209	2	2	81.8439335345352	101.39636
OG0005104	0.971585264571148	2	2	98.5152092571514	101.39636
OG0013319	1.07802542341695	2	2	109.307853921938	101.39636
OG0004309	0.760959477663264	2	3	115.737781713834	152.09454
OG0003624	0.601543357759237	1	2	60.9943068589644	101.39636
OG0003625	0.63355361109067	1	2	64.2400300294496	101.39636
OG0004307	0.966116994513643	2	2	97.9607465778233	101.39636
OG0002579	0.795842454981651	2	2	80.6955280686033	101.39636
OG0002578	0.819988513972918	2	2	83.1438505586631	101.39636
OG0002571	0.921746576235599	2	2	93.4617476727523	101.39636
OG0002570	1.99173859016895	6	3	302.932564671995	152.09454
OG0002572	1.20397368009515	2	2	122.078548697453	101.39636
OG0002576	0.968844669566376	3	3	147.35598434915	152.09454
OG0001900	0.991061427520418	2	2	100.490021286974	101.39636
OG0001902	1.50331155030775	3	2	152.430319147162	101.39636
OG0001907	1.01802356078587	2	2	103.223883457926	101.39636
OG0001906	0.53919245553066	2	4	109.344304660542	202.79272
OG0012193	0.978451247184919	2	2	99.211394902011	101.39636
OG0002100	0.982783978900578	2	2	99.6507181268354	101.39636
OG0002101	1.10368094407738	2	2	111.90923033081	101.39636
OG0002104	0.537271079210514	2	3	81.7159976478267	152.09454
OG0002106	0.650963391408315	1	2	66.0053183820585	101.39636
OG0002818	1.08118755912082	2	2	109.628482972136	101.39636
OG0002812	0.89054361571507	3	3	135.44682158212	152.09454
OG0002810	1.20553212051052	4	3	183.354853324272	152.09454
OG0002811	1.1191050389579	3	3	170.209766111983	152.09454
OG0002816	1.14201205601086	3	3	173.693798333427	152.09454
OG0005599	0.600625577363762	1	2	60.9012472675839	101.39636
OG0005590	1.07618884580044	2	2	109.121631636766	101.39636
OG0005591	0.993743066362195	2	2	100.761929704365	101.39636
OG0005597	0.757276571671927	2	2	76.7850878808125	101.39636
OG0005595	0.528622259315375	1	2	53.6003729095551	101.39636
OG0001281	1.01003726500815	2	2	102.414102136182	101.39636
OG0001287	2.08635422307382	6	3	317.32308583547	152.09454
OG0002741	0.777541663171028	2	2	78.8398943938883	101.39636
OG0002746	1.02931176927891	2	2	104.368466710041	101.39636
OG0002745	1.08125239149258	4	4	219.270113477286	202.79272
OG0002749	0.335435534035246	1	3	51.0179132487451	152.09454
OG0000520	1.05524413074714	2	2	106.997913769124	101.39636
OG0000521	0.766355182992155	4	5	194.264065056346	253.4909
OG0000522	0.733141288528478	3	4	148.675716044995	202.79272
OG0000523	1.03038183187831	3	3	156.715450743888	152.09454
OG0000526	0.670324391358	2	3	101.952679954375	152.09454
OG0000529	0.96109374744084	2	2	97.4514076092605	101.39636
OG0001130	0.49719681492555	1	2	50.4139472370445	101.39636
OG0001132	1.17677324562912	4	3	178.980785478269	152.09454
OG0001136	1.02733637184197	2	2	104.168168600382	101.39636
OG0001137	1.07413229977896	2	2	108.913105356015	101.39636
OG0001139	0.957200768706515	3	3	145.585010604064	152.09454
OG0000429	0.959192720344713	3	3	145.887975572178	152.09454
OG0000428	1.01241844561363	7	7	359.29440813728	354.88726
OG0000426	0.87944154140111	2	2	89.1721711308618	101.39636
OG0000421	0.675569145251874	1	2	68.5002522568513	101.39636
OG0000420	0.945655446342998	3	3	143.829030110033	152.09454
OG0000423	0.97876378758865	2	2	99.2430853613023	101.39636
OG0016231	0.632943673624303	1	2	64.1781845905323	101.39636
OG0001733	1.00664132813794	3	3	153.104649748129	152.09454
OG0001736	1.02543942554922	2	2	103.975825151182	101.39636
OG0001737	0.812039724476239	2	3	123.50680835594	152.09454
OG0001734	0.942230864750666	2	2	95.5387799653698	101.39636
OG0013501	0.831304961218693	2	2	84.2912971175166	101.39636
OG0005123	0.982072859067613	2	2	99.578613164249	101.39636
OG0004650	0.874144201168464	2	2	88.63504011359	101.39636
OG0016404	0.418559023449671	1	2	42.4403614229513	101.39636
OG0016406	0.540227919293538	1	2	54.7771445867385	101.39636
OG0002556	0.872218011791136	2	2	88.4397315220583	101.39636
OG0002553	1.00530002472927	2	2	101.933763215458	101.39636
OG0002552	0.526690292821657	1	2	53.4044785394501	101.39636
OG0012201	1.09845073580551	2	2	111.37890625	101.39636
OG0001922	0.700172614575811	1	2	70.9949544896701	101.39636
OG0001921	1.06402166074791	2	2	107.887923360993	101.39636
OG0001920	0.85097922588173	2	2	86.2861959400252	101.39636
OG0002169	1.0550949637888	2	2	106.982788782516	101.39636
OG0002165	1.15094466209525	2	2	116.701599297889	101.39636
OG0005352	1.12917988339243	2	2	114.494729961217	101.39636
OG0004403	1.72319046194238	3	2	174.725240427675	101.39636
OG0002838	0.866491622105372	2	2	87.8590964519802	101.39636
OG0004409	0.855141133687188	2	2	86.7081982421542	101.39636
OG0000091	0.958987062628678	6	6	291.71339231292	304.18908
OG0000094	0.551239791814663	2	4	111.787416754329	202.79272
OG0000095	1.19661952274438	10	8	485.331455644871	405.58544
OG0002768	0.913712444274647	2	2	92.647115936152	101.39636
OG0005550	1.01365683109603	2	2	102.781112962273	101.39636
OG0002760	1.08937934472649	2	2	110.459100214451	101.39636
OG0002761	0.845541277588231	2	2	85.7348077771963	101.39636
OG0002762	1.04235938844264	2	2	105.69144779991	101.39636
OG0002763	0.976090560275954	2	2	98.9720298423423	101.39636
OG0002765	0.82095652652106	2	2	83.242003507479	101.39636
OG0002767	1.08129639510435	2	2	109.639518544703	101.39636
OG0000546	1.20469788896736	5	4	244.30396168195	202.79272
OG0000547	0.70361451457783	1	2	71.3439506213589	101.39636
OG0000542	0.854775176584992	2	2	86.6710915240754	101.39636
OG0000543	0.773046788697207	2	2	78.3841304835859	101.39636
OG0000541	0.798031992909071	2	3	121.376308866788	152.09454
OG0016229	1.04373754526159	2	2	105.83118788486	101.39636
OG0000548	1.04483120020055	4	4	211.884161029533	202.79272
OG0000549	1.03355352116907	4	4	209.597129823453	202.79272
OG0001156	1.01820684471574	2	2	103.242467781261	101.39636
OG0001157	1.23961234459727	6	5	314.230448883072	253.4909
OG0001155	0.87163432101367	2	2	88.3805474018577	101.39636
OG0002496	0.75928962193879	2	2	76.9892038503695	101.39636
OG0002493	0.892386767097899	2	2	90.4847698958947	101.39636
OG0000409	0.724699549998008	1	2	73.481896463436	101.39636
OG0003018	1.01903727130177	2	2	103.326670014332	101.39636
OG0016254	1.02007702367657	2	2	103.432097120438	101.39636
OG0001712	1.5314136406624	5	3	232.919653226274	152.09454
OG0001718	0.695772878273341	1	2	70.5488372436399	101.39636
OG0001432	1.06711943713641	2	2	108.202026610881	101.39636
OG0000397	1.1625435787529	3	3	176.816530840376	152.09454
OG0000394	0.748201648794347	8	11	417.257080535598	557.67998
OG0000399	0.812687689910032	9	11	453.219654655273	557.67998
OG0000398	0.544372600133427	3	5	137.993500343162	253.4909
OG0005604	0.966097472898193	3	3	146.938150735613	152.09454
OG0000021	0.890781300258962	2	2	90.3219814023258	101.39636
OG0005505	0.655870093424831	1	2	66.5028401061378	101.39636
OG0010310	7.35028764369754	15	2	745.292412023907	101.39636
OG0002534	1.04567383801382	2	2	106.027520921831	101.39636
OG0002144	0.765469791852495	2	2	77.6158505838006	101.39636
OG0002145	1.13366806540937	2	2	114.949815280752	101.39636
OG0002146	0.957778484885683	2	2	97.1152520537233	101.39636
OG0002143	1.02337898863787	2	2	103.766904348362	101.39636
OG0002148	0.891444679120048	2	2	90.3892456041409	101.39636
OG0002856	0.90647410350301	3	3	137.869761794203	152.09454
OG0002854	1.59025250677383	6	4	322.491631335483	202.79272
OG0002852	0.760236132490306	3	4	154.17035314999	202.79272
OG0002853	1.26970632212141	4	3	193.115398998147	152.09454
OG0002851	0.738691109189613	2	3	112.350884454284	152.09454
OG0011867	1.1323363176444	2	2	114.814780904946	101.39636
OG0004469	0.919748224088197	2	2	93.2591220390075	101.39636
OG0002706	0.628936997256593	1	2	63.7719221911485	101.39636
OG0002707	1.02037187634332	2	2	103.461994107583	101.39636
OG0002704	1.03042209375233	2	2	104.481049570065	101.39636
OG0002705	0.868063834730205	2	2	88.0185130892843	101.39636
OG0002703	0.730691447797616	2	3	111.134179634712	152.09454
OG0002700	0.908831634312589	3	3	138.228329358221	152.09454
OG0002701	0.776921336827109	2	2	78.7769955606028	101.39636
OG0000566	0.730690109490189	7	9	333.40192825638	456.28362
OG0000562	1.01004671225402	4	4	204.830120105049	202.79272
OG0000563	0.982038376325426	7	7	348.512908588979	354.88726
OG0001179	0.752993919735981	2	2	76.3508425633607	101.39636
OG0001175	0.855108491470663	2	2	86.7048884402163	101.39636
OG0001176	0.710590803378792	3	4	144.10264182417	202.79272
OG0001170	0.925140483166656	5	5	234.514693704351	253.4909
OG0001172	0.869781199938234	3	4	176.385295340338	202.79272
OG0004892	1.15027304427581	2	2	116.633499695686	101.39636
OG0003034	0.934806528476948	2	2	94.7859792917988	101.39636
OG0003033	0.32088920831876	1	2	32.536997686804	101.39636
OG0003594	0.955120032209214	2	2	96.845694629097	101.39636
OG0001881	0.986993199618302	2	2	100.077517786049	101.39636
OG0001882	0.983288547872542	2	2	99.7018795839616	101.39636
OG0001883	1.00957672103132	2	2	102.367404653312	101.39636
OG0001888	0.994552958450538	2	2	100.844049814116	101.39636
OG0001773	0.5658567437261	2	4	114.751628190559	202.79272
OG0001770	0.995418800108644	4	4	201.863686013168	202.79272
OG0002283	0.89574986479382	3	3	136.238663640878	152.09454
OG0002282	1.00660081109784	3	3	153.098487327552	152.09454
OG0000829	0.91965813858263	2	2	93.2499876966542	101.39636
OG0000821	0.907180213829611	4	4	183.969543092688	202.79272
OG0000823	0.841778001705593	3	3	128.029837951531	152.09454
OG0000822	0.752353182388785	2	3	114.428811192958	152.09454
OG0000825	0.945467385444256	3	3	143.800427074147	152.09454
OG0000824	0.418655404513703	1	3	63.6752011680255	152.09454
OG0005251	0.939620006636061	2	2	95.2740484560724	101.39636
OG0005253	1.05767813348799	2	2	107.244712787276	101.39636
OG0005254	0.594349713521468	1	2	60.2648975181197	101.39636
OG0004072	0.423775265339277	1	2	42.9692693634368	101.39636
OG0004074	0.631889228148055	1	2	64.0712676574223	101.39636
OG0004079	0.794612715452438	2	2	80.570836956593	101.39636
OG0004618	0.610260683202201	1	2	61.8782119278164	101.39636
OG0002519	0.803385663819293	2	2	81.46038198746	101.39636
OG0002513	2.16720797300869	4	2	219.74699982606	101.39636
OG0002514	0.487821824220688	1	2	49.4633573045376	101.39636
OG0001963	1.00461121077886	2	2	101.863919988169	101.39636
OG0001960	0.993683886162181	2	2	100.7559290475	101.39636
OG0001967	1.02906948081361	2	2	104.34389954159	101.39636
OG0000612	0.739253532472633	1	2	74.9576173098668	101.39636
OG0000610	1.00819077081628	2	2	102.226874346365	101.39636
OG0000611	0.785003344254885	5	6	238.789445085817	304.18908
OG0000615	0.719774844667358	1	2	72.9825492688356	101.39636
OG0000619	0.876896871127792	2	2	88.9141508277472	101.39636
OG0000633	0.661975288522262	1	2	67.1218846661072	101.39636
OG0005063	0.950025084360768	2	2	96.3290854628748	101.39636
OG0002725	1.05076887952576	2	2	106.544139585191	101.39636
OG0002727	1.08350787986629	2	2	109.863755049759	101.39636
OG0002728	0.895539037407344	3	3	136.206597946513	152.09454
OG0000580	0.931164816783034	2	2	94.4167229818665	101.39636
OG0000584	0.982849979066207	4	4	199.314820606779	202.79272
OG0001192	0.811437260728284	4	5	205.691961515547	253.4909
OG0001193	0.745257435714271	4	5	188.915978110903	253.4909
OG0001196	0.740270596833417	4	6	225.182231801808	304.18908
OG0001195	1.38427502979813	4	3	210.540673890633	152.09454
OG0001198	0.854556311161067	3	3	129.973349050139	152.09454
OG0003582	0.817227013634605	2	2	82.8638444762194	101.39636
OG0001758	0.809470928155165	4	5	205.193514101888	253.4909
OG0001759	1.11800397752712	2	2	113.361533786771	101.39636
OG0001756	0.869152945945273	3	4	176.257890004255	202.79272
OG0001750	0.539761365283142	2	4	109.459675416682	202.79272
OG0001753	0.894196123056305	3	3	136.002348006032	152.09454
OG0002268	1.05663194230173	2	2	107.138632809125	101.39636
OG0000809	1.05669438166187	2	2	107.144963932965	101.39636
OG0000808	0.902604161807137	2	2	91.5207765280947	101.39636
OG0000806	0.97703274366484	2	2	99.0675638084278	101.39636
OG0000805	1.08796299930119	3	3	165.473231915735	152.09454
OG0000803	0.502280044033317	2	3	76.3940522484271	152.09454
OG0000802	0.863126806764054	2	2	87.5179164242984	101.39636
OG0000801	1.04569300856762	2	2	106.029464746206	101.39636
OG0005270	0.690142686611489	1	2	69.9779563030258	101.39636
OG0005431	0.427578825959935	1	2	43.3549365654109	101.39636
OG0016330	0.771155727976924	2	2	78.1923838100102	101.39636
OG0004583	0.789126944623448	2	2	80.0145997627392	101.39636
OG0004581	0.466143620952735	1	2	47.2652664018271	101.39636
OG0015218	0.77906186299847	2	2	78.9940371228636	101.39636
OG0000249	0.630577377631346	3	4	127.876501580328	202.79272
OG0000240	0.961513738451688	2	2	97.4939931689932	101.39636
OG0000247	0.927666616807186	3	3	141.093027356645	152.09454
OG0004529	0.677165859540694	1	2	68.6621532736977	101.39636
OG0001031	0.901941608664301	3	3	137.180394076657	152.09454
OG0001033	1.13987133834749	2	2	115.578804576764	101.39636
OG0001032	1.05426651954976	2	2	106.898787552215	101.39636
OG0001037	0.945684567075856	2	2	95.8889728096677	101.39636
OG0001036	1.04272876633129	2	2	105.728901373283	101.39636
OG0000639	1.071116536521	2	2	108.607317939036	101.39636
OG0000636	0.965595546519219	3	3	146.861810473889	152.09454
OG0004805	0.783310203644432	2	2	79.4248034004042	101.39636
OG0002097	0.798134350213025	2	2	80.927917902566	101.39636
OG0005511	0.827054232656303	2	3	125.790433070913	152.09454
OG0005516	1.12663254929856	2	2	114.236439556395	101.39636
OG0005046	0.931251676318575	3	3	141.638295333903	152.09454
OG0005047	0.932219127257736	2	2	94.5236262263113	101.39636
OG0005049	0.53890101315823	1	2	54.6426011345566	101.39636
OG0001202	0.901440026762009	5	6	274.208212415911	304.18908
OG0001203	0.509796979126867	1	2	51.6915580224603	101.39636
OG0001206	0.48224196283619	1	3	73.3463695062674	152.09454
OG0001205	1.07938524899475	2	2	109.445735285761	101.39636
OG0001208	0.803159953163886	3	4	162.874991497177	202.79272
OG0001209	1.13118643435629	2	2	114.698186925107	101.39636
OG0002306	20.1424129134687	40	2	2042.36735104272	101.39636
OG0002304	0.639261610582898	1	2	64.8188004008433	101.39636
OG0000795	0.737049761307033	5	7	261.569570273907	354.88726
OG0000794	1.02208319633982	3	3	155.453273589034	152.09454
OG0000791	0.938994535178705	2	2	95.2106279270126	101.39636
OG0000790	0.993249747394949	2	2	100.711908956767	101.39636
OG0002244	0.634311982675755	1	2	64.3169261477046	101.39636
OG0002243	0.388550819879902	1	2	39.3976388108377	101.39636
OG0000865	0.812580325296116	3	4	164.785374385284	202.79272
OG0000864	0.655752102417212	4	6	199.472628742357	304.18908
OG0000860	1.0357895668787	2	2	105.025291807477	101.39636
OG0000869	0.70053339870185	5	7	248.610378403787	354.88726
OG0000868	1.51273552593117	3	2	153.385875972106	101.39636
OG0016210	0.912471257014447	2	2	92.5212640658894	101.39636
OG0002093	1.07513245633234	2	2	109.014517589958	101.39636
OG0016215	0.820108672494932	2	2	83.1560341954183	101.39636
OG0016361	0.834296167974813	2	2	84.5945945945946	101.39636
OG0005216	1.03290919756292	2	2	104.733232843401	101.39636
OG0005513	0.41522449000595	1	2	42.1022518694597	101.39636
OG0000038	1.00382576080916	5	5	254.460695550699	253.4909
OG0016359	0.84538157325181	2	2	85.7186143388069	101.39636
OG0000267	0.970612331939633	4	4	196.833114859581	202.79272
OG0000266	0.705628721525882	2	3	107.322275811267	152.09454
OG0000265	1.00897262862027	4	4	204.612303763455	202.79272
OG0000264	1.11502810521473	2	2	113.059791166471	101.39636
OG0000263	0.935799422307972	2	2	94.8866551121312	101.39636
OG0000260	0.971056807002649	3	3	147.692438374937	152.09454
OG0001019	0.784503738513638	2	3	119.318735237512	152.09454
OG0001018	1.0610654668181	2	2	107.588176057056	101.39636
OG0001017	2.15791891914409	6	3	328.207685364518	152.09454
OG0001016	0.935010689825276	2	2	94.806680509372	101.39636
OG0001015	1.12646314180089	2	2	114.219262252774	101.39636
OG0001014	0.972581693775472	3	3	147.924365327201	152.09454
OG0001013	0.946788686784425	2	2	96.0009265291208	101.39636
OG0001012	1.03629127538842	2	2	105.076163224144	101.39636
OG0001011	0.991413599183123	2	2	100.525730211668	101.39636
OG0001010	0.992812110990864	2	2	100.66753421839	101.39636
OG0000656	0.750279539173451	2	2	76.0756142546653	101.39636
OG0000654	0.987997406209385	2	2	100.179340679073	101.39636
OG0000655	1.05473553554821	4	4	213.892688134479	202.79272
OG0000652	0.878145464728284	2	2	89.0407536739563	101.39636
OG0000653	0.993073229039496	2	2	100.694010638051	101.39636
OG0000650	1.08351257045668	5	5	274.660576646376	253.4909
OG0000651	0.946118690069738	4	4	191.865982602079	202.79272
OG0013112	1.14145046743453	2	2	115.73892251816	101.39636
OG0005538	0.737124922803527	2	3	112.112676056338	152.09454
OG0005531	1.12894590734856	2	2	114.471005642041	101.39636
OG0005532	0.971388440460442	2	2	98.4952520087655	101.39636
OG0005533	0.933005840870067	3	3	141.905094184446	152.09454
OG0005534	1.15909100729594	2	2	117.527609048542	101.39636
OG0005535	0.699556684022174	2	3	106.398752060278	152.09454
OG0005537	0.901227267078116	2	2	91.3811644144688	101.39636
OG0005027	1.07362915556137	2	2	108.862088363797	101.39636
OG0005024	1.04713985913791	2	2	106.176170127497	101.39636
OG0001822	0.995361887683847	4	4	201.852144587742	202.79272
OG0001823	1.16232382702691	5	4	235.710810403596	202.79272
OG0001820	0.842203162412839	3	4	170.792670098301	202.79272
OG0001821	0.605343156260783	3	5	153.448981489387	253.4909
OG0001826	0.668584859369656	2	3	101.688106636792	152.09454
OG0001827	0.944441433030103	5	5	239.40730885609	253.4909
OG0001824	0.909643400953239	4	4	184.469059509358	202.79272
OG0001825	1.13730317574088	6	5	288.296005591413	253.4909
OG0002324	1.06926006470368	2	2	108.419078454318	101.39636
OG0001798	0.322679074133205	2	5	81.7962089131928	253.4909
OG0001790	1.13089961172792	2	2	114.669104154625	101.39636
OG0001791	0.606003240634208	3	5	153.616306871282	253.4909
OG0001792	0.521998511084519	1	2	52.9287489493898	101.39636
OG0001793	1.20343491497682	2	2	122.023919875559	101.39636
OG0001797	1.14329031514377	2	2	115.925476378831	101.39636
OG0002228	1.03578160374395	2	2	105.024484374599	101.39636
OG0000849	0.958714228328933	5	5	243.025332581907	253.4909
OG0000842	0.611472342011233	1	2	62.0010697206141	101.39636
OG0000840	0.817148060717963	2	2	82.8558389378605	101.39636
OG0000847	0.72616224346065	2	3	110.445312384516	152.09454
OG0000846	0.91258351850371	4	4	185.065293944538	202.79272
OG0000845	0.61673883133879	2	4	125.070145136814	202.79272
OG0000844	0.92133921542588	2	2	93.4204427694401	101.39636
OG0016349	0.929292521335496	2	2	94.2268790386416	101.39636
OG0016341	0.824707782175008	2	2	83.6223671762187	101.39636
OG0004015	1.09778310003987	2	2	111.311210413558	101.39636
OG0005497	0.960304115724059	3	3	146.057012741158	152.09454
OG0005496	1.00451445934539	2	2	101.854109744991	101.39636
OG0005493	1.02933928007696	3	3	156.556884307236	152.09454
OG0002803	0.708154074050967	3	4	143.608490855877	202.79272
OG0002805	1.15878187509361	5	4	234.992528336934	202.79272
OG0002806	1.49869198891838	3	2	151.961912437484	101.39636
OG0000200	0.838605173953619	7	8	340.126048464255	405.58544
OG0000209	0.875106760268558	4	5	221.831600256561	253.4909
OG0001075	0.777005837672085	2	2	78.7855636387003	101.39636
OG0001074	0.723532521578925	1	2	73.3635640297245	101.39636
OG0001077	0.853067171002424	2	2	86.4979059751433	101.39636
OG0001073	0.994762524062967	2	2	100.865299004397	101.39636
OG0001072	1.02922654956278	2	2	104.359825741026	101.39636
OG0001078	0.73179043799492	3	4	148.401773390981	202.79272
OG0000674	1.05978887131165	6	6	322.376201758529	304.18908
OG0000670	2.16325268479126	17	8	877.383791992243	405.58544
OG0000671	1.06122479276958	5	5	269.010827821474	253.4909
OG0000672	1.39266040090808	11	8	564.84278147288	405.58544
OG0000673	0.866275459563597	6	7	307.430124249766	354.88726
OG0000678	1.05722209044723	5	5	267.99617920735	253.4909
OG0003329	1.0652062715402	2	2	108.008038583348	101.39636
OG0000079	0.891795168119159	3	3	135.637175869306	152.09454
OG0005003	0.923596542128789	2	2	93.6493274804459	101.39636
OG0001248	0.881306478318927	2	2	89.3612689459581	101.39636
OG0001242	1.00972982519834	2	2	102.382928858548	101.39636
OG0002692	1.30854140810419	3	2	132.681335691039	101.39636
OG0002693	0.925265380992638	2	2	93.8185416666667	101.39636
OG0002696	0.546156099009112	2	3	83.0673606469853	152.09454
OG0002698	0.928631734412792	2	2	94.1598776499439	101.39636
OG0001809	0.884454588293411	4	4	179.360951676501	202.79272
OG0001800	1.12393689947453	4	4	227.926220952807	202.79272
OG0001801	0.57207081999899	2	4	116.011797620226	202.79272
OG0001805	0.658137330109931	2	3	100.099094479898	152.09454
OG0001807	0.812083563400843	3	4	164.684634689349	202.79272
OG0002342	0.405134525759312	1	3	61.6187493334806	152.09454
OG0002343	0.980779495763784	2	2	99.4474708330831	101.39636
OG0002341	1.18235074077423	2	2	119.88606135781	101.39636
OG0002348	0.934292924892003	2	2	94.7339017578025	101.39636
OG0002204	1.02004446344047	2	2	103.428795631016	101.39636
OG0016325	0.911441817316879	2	2	92.4168826277165	101.39636
OG0000141	1.01748972078347	2	2	103.169754024861	101.39636
OG0005424	1.0585693426675	2	2	107.335078154077	101.39636
OG0000148	1.32095350454103	18	14	937.579139627929	709.77452
OG0000149	1.00047638975129	8	8	405.77865674689	405.58544
OG0000195	0.918137064694813	6	7	325.835147193985	354.88726
OG0000194	1.04150188560189	4	4	211.209000266335	202.79272
OG0000191	0.826868215466165	3	4	167.68285449593	202.79272
OG0000193	0.934171863507434	7	7	331.525693009247	354.88726
OG0000199	0.977281513636301	3	3	148.639182267017	152.09454
OG0001585	0.974776271490626	3	3	148.258148615282	152.09454
OG0000228	0.932721342577415	2	2	94.5745490316629	101.39636
OG0000221	1.06872880455203	11	10	541.826053043635	506.9818
OG0000220	0.741063180671957	5	7	262.993881675556	354.88726
OG0000224	0.864112341385869	6	7	306.662461166616	354.88726
OG0001059	0.759694384579815	2	3	115.54536796325	152.09454
OG0001058	0.958973598315374	2	2	97.236432205281	101.39636
OG0001053	0.866677683152017	2	2	87.8779623648478	101.39636
OG0001052	4.05721793076615	8	2	411.387129906419	101.39636
OG0001051	0.975989417280871	2	2	98.9617743108014	101.39636
OG0001050	0.634447415526718	2	3	96.495987818725	152.09454
OG0001056	0.912484283693553	3	3	138.7838773856	152.09454
OG0001055	0.810017796619083	2	2	82.1328561123953	101.39636
OG0004695	0.69273978564386	1	2	70.2412926914677	101.39636
OG0002591	1.27679196045075	3	2	129.46205726697	101.39636
OG0004812	0.871778050173049	2	2	88.3951210154445	101.39636
OG0001088	0.973002011657335	3	3	147.988293382097	152.09454
OG0003755	0.529075074647247	1	2	53.6462867359591	101.39636
OG0003349	1.07882111327227	2	2	109.388533976956	101.39636
OG0003344	0.563842826009647	1	2	57.1716101694915	101.39636
OG0003340	1.22920939960945	2	2	124.637358798183	101.39636
OG0005576	0.596558092016485	1	2	60.4888190590166	101.39636
OG0000050	1.05141506168508	2	2	106.609660104042	101.39636
OG0000051	2.43608064764765	56	23	2840.61166888601	1166.05814
OG0005572	1.11337853861804	3	3	169.338796676982	152.09454
OG0001269	0.799009708088954	3	4	162.033352009765	202.79272
OG0015622	0.955414697683931	2	2	96.875572635651	101.39636
OG0001868	0.845229916851492	2	2	85.7032369318439	101.39636
OG0002366	1.0188505043826	3	3	154.96159879284	152.09454
OG0000730	1.73544835483152	3	2	175.968146147905	101.39636
OG0000732	0.973020176170529	2	2	98.6607040702504	101.39636
OG0000734	0.461254656531231	1	3	70.1543148079756	152.09454
OG0000737	0.550495844450885	2	4	111.636549644892	202.79272
OG0000736	1.0187859218264	2	2	103.301184092442	101.39636
OG0000738	1.02264876016355	2	2	103.692861839097	101.39636
OG0000887	0.653577528190429	5	7	231.946338177074	354.88726
OG0000886	0.797131221677586	4	5	202.065510801151	253.4909
OG0000885	1.08414788268027	2	2	109.928649005487	101.39636
OG0000884	0.963741809852797	7	7	342.0196902461	354.88726
OG0000883	0.89764421162942	6	7	318.562494720025	354.88726
OG0000881	0.587100845654406	1	2	59.5298887022786	101.39636
OG0000880	1.18983120494441	4	3	180.966829793666	152.09454
OG0000889	0.995999383748129	6	6	302.97213622291	304.18908
OG0000888	1.30481916320307	4	3	198.455870410555	152.09454
OG0016301	0.881591345099359	2	2	89.3901534005789	101.39636
OG0016305	1.04547333085133	2	2	106.0071902254	101.39636
OG0004112	0.482609016639129	1	2	48.9347975903872	101.39636
OG0002932	1.98091626895461	4	2	200.857699136778	101.39636
OG0005525	0.956128162451726	3	3	145.421873049141	152.09454
OG0016411	1.02746423874118	2	2	104.181133838527	101.39636
OG0014696	0.996108611188207	2	2	101.001787339139	101.39636
OG0002958	0.640213625101407	1	2	64.9153312076873	101.39636
OG0003775	0.45697953340828	1	2	46.336061282098	101.39636
OG0012330	1.0635731064268	2	2	107.84244158557	101.39636
OG0001633	0.79502603425621	2	2	80.612745978815	101.39636
OG0001632	1.00921741088284	2	2	102.330971912145	101.39636
OG0000948	0.898496189813182	2	2	91.1042431209257	101.39636
OG0000949	1.11034198333042	2	2	112.584635464885	101.39636
OG0000943	0.935905744379282	2	2	94.8974357831497	101.39636
OG0000941	1.01673986509763	2	2	103.093721387791	101.39636
OG0000947	0.929190032992542	2	2	94.2164870937236	101.39636
OG0000944	0.762982931163495	2	2	77.3636919621089	101.39636
OG0000945	0.904921050677977	2	2	91.7557006261224	101.39636
OG0002010	0.893214782442794	2	2	90.5687276378913	101.39636
OG0002015	1.22048203647254	2	2	123.752435943703	101.39636
OG0004711	0.901577813820194	2	2	91.4167085781253	101.39636
OG0002380	0.60740666404931	1	2	61.5888247743429	101.39636
OG0002386	1.10054676214904	2	2	111.591435691698	101.39636
OG0002387	0.930101293134113	2	2	94.3088855550921	101.39636
OG0000717	0.926947721799969	4	4	187.978249801619	202.79272
OG0000716	0.809809946973129	2	2	82.1117809148683	101.39636
OG0000715	0.952846120851114	3	3	144.922692441635	152.09454
OG0000714	0.832427301562144	2	3	126.607647514536	152.09454
OG0000712	0.939508601600697	2	2	95.2627523910009	101.39636
OG0000711	0.905127886825884	2	2	91.7766730586366	101.39636
OG0000710	1.05160663708767	2	2	106.629085152531	101.39636
OG0000719	0.952825881681613	3	3	144.919614174459	152.09454
OG0000718	1.02369919548704	2	2	103.799372157315	101.39636
OG0000136	1.04310516513924	21	20	1057.67066842318	1013.9636
OG0000154	1.28992839814228	4	3	196.191066348386	152.09454
OG0005384	1.24528468934788	2	2	126.267334663606	101.39636
OG0003436	0.925333629856891	2	2	93.825461853076	101.39636
OG0003435	1.15927017903555	2	2	117.545776410753	101.39636
OG0003438	0.965818640086736	2	2	97.9304945249451	101.39636
OG0002815	1.12337853546125	2	2	113.906494397902	101.39636
OG0001096	0.715617453533845	2	3	108.841507411201	152.09454
OG0001095	0.969652123027838	2	2	98.3191957412949	101.39636
OG0001091	0.993961314440672	2	2	100.7840592651	101.39636
OG0001098	0.779477139201794	2	2	79.0361446182752	101.39636
OG0004381	1.44149475040794	3	2	146.162320650474	101.39636
OG0004382	0.488640761915124	1	2	49.5463946058202	101.39636
OG0004383	1.42427177308953	3	2	144.415973442024	101.39636
OG0003713	1.01612612882771	2	2	103.031490764021	101.39636
OG0002440	1.02345070274887	2	2	103.774175898178	101.39636
OG0002442	1.03211694654942	2	2	104.652901474426	101.39636
OG0002445	0.477959650594828	1	2	48.4633687971874	101.39636
OG0013379	1.28682637883777	3	2	130.479510766131	101.39636
OG0000960	0.995551970341568	2	2	100.945345983463	101.39636
OG0000961	0.999448399048327	2	2	101.340429671328	101.39636
OG0000962	0.603629818327204	1	2	61.2058663658398	101.39636
OG0000963	0.976335653106647	2	2	98.9968813632368	101.39636
OG0000965	0.798750294816137	2	3	121.485558664925	152.09454
OG0000966	0.85792885144397	2	2	86.9908626753993	101.39636
OG0000968	0.994954914217539	2	2	100.884806665771	101.39636
OG0000969	0.967363950532209	2	2	98.087183379186	101.39636
OG0003921	1.95466718223337	4	2	198.19613728992	101.39636
OG0003923	0.984771479701092	2	2	99.8522434735046	101.39636
OG0002039	1.01877093885361	2	2	103.299664873539	101.39636
OG0002032	0.408158044355189	1	2	41.3857400023347	101.39636
OG0002033	1.02625226966648	2	2	104.05824458592	101.39636
OG0002034	1.55197743620148	5	3	236.047294249443	152.09454
OG0016118	0.556603277703223	1	2	56.4375463231759	101.39636
OG0004261	0.611701501465783	1	2	62.024305655165	101.39636
OG0016371	0.533170513191219	1	2	54.0615492969216	101.39636
OG0008591	0.836989932953604	2	2	84.8677325581395	101.39636
OG0000368	0.984918120217195	2	2	99.867112288066	101.39636
OG0000362	0.873614549443401	2	2	88.5813353566009	101.39636
OG0000363	0.923659314692049	4	4	187.311384779736	202.79272
OG0000361	1.00324377083663	3	3	152.587899833263	152.09454
OG0000365	0.904104482235905	3	3	137.509355337608	152.09454
OG0001373	0.388469793954369	1	2	39.3894230769231	101.39636
OG0002632	1.04106319328474	2	2	105.560018329049	101.39636
OG0002633	0.895773273924101	2	2	90.8281493611867	101.39636
OG0002631	0.995015757249299	2	2	100.890975927723	101.39636
OG0002637	0.939990780523556	2	2	95.3116435786475	101.39636
OG0002634	0.777007210561971	2	2	78.7857028447374	101.39636
OG0002635	1.08777657086869	2	2	110.296584779368	101.39636
OG0000779	0.930444059127875	2	2	94.3436407791913	101.39636
OG0000778	1.03408668990596	2	2	104.852626280913	101.39636
OG0000777	0.81743783836528	2	2	82.8852213365078	101.39636
OG0000776	0.971003264879214	3	3	147.684294910302	152.09454
OG0000771	1.0047179244583	2	2	101.874740366826	101.39636
OG0000770	0.951364710437639	2	2	96.4649186708306	101.39636
OG0000773	1.10624024879579	2	2	112.168734513388	101.39636
OG0000772	1.02416965255017	2	2	103.847074791051	101.39636
OG0016120	0.854885238298648	2	2	86.6822513812155	101.39636
OG0000783	0.801444460851903	2	2	81.2635510725455	101.39636
OG0000172	1.01931690204675	3	3	155.032535331025	152.09454
OG0001787	1.03241498837439	2	2	104.683121830605	101.39636
OG0002193	0.802363763001828	2	2	81.356764964288	101.39636
OG0002191	1.04833582307414	2	2	106.297436517322	101.39636
OG0005415	1.04301931731614	2	2	105.758362185542	101.39636
OG0005414	0.987564090549218	2	2	100.135404048401	101.39636
OG0005412	0.981537708867759	2	2	99.5243508819305	101.39636
OG0005410	0.690583183379878	1	2	70.0226210719321	101.39636
OG0000179	1.08576360477039	2	2	110.092477344196	101.39636
OG0001564	0.988734658579214	4	4	200.50819077155	202.79272
OG0001563	1.05966245223539	2	2	107.445915485342	101.39636
OG0001562	1.19772261784339	4	3	182.167070608486	152.09454
OG0001569	0.946355173958822	2	2	95.9569699065914	101.39636
OG0000288	1.20312525230409	13	11	670.95886664244	557.67998
OG0000287	0.721069952718337	3	4	146.227737022023	202.79272
OG0000280	0.589824689376255	1	2	59.806076540883	101.39636
OG0000283	0.804023560807338	11	14	570.675436940719	709.77452
OG0000282	0.953084747311667	7	7	338.23763452123	354.88726
OG0003307	0.440554922807592	1	2	44.6706655527708	101.39636
OG0003551	0.626895162793268	1	2	63.5648876088448	101.39636
OG0000875	1.09684157163051	8	7	389.255100010045	354.88726
OG0002462	1.02252451907353	2	2	103.680264244806	101.39636
OG0013428	0.957651359522023	2	2	97.1023620045844	101.39636
OG0000907	0.998471006243132	2	2	101.241325598591	101.39636
OG0000908	1.96247956864999	6	3	298.482427253219	152.09454
OG0000909	0.792813894177583	2	2	80.3884430270321	101.39636
OG0002057	1.08014882313219	2	2	109.523158923888	101.39636
OG0002050	0.909393399920277	2	2	92.2091805599404	101.39636
OG0002051	0.426166463910649	1	2	43.2117281946112	101.39636
OG0012595	1.13877430852589	2	2	115.467569746042	101.39636
OG0016282	0.772105829643964	2	2	78.2887206606781	101.39636
OG0016287	1.14325218994731	2	2	115.921610622686	101.39636
OG0016284	0.715062667841124	1	2	72.504751690979	101.39636
OG0014430	1.04428115990567	2	2	105.886308431013	101.39636
OG0013887	0.894605990018051	2	2	90.7097910220267	101.39636
OG0016136	0.551441664824772	1	2	55.9141775655719	101.39636
OG0000340	1.10659887914829	3	3	168.307647488575	152.09454
OG0000344	1.27292067966926	8	6	387.208570461567	304.18908
OG0000345	1.23563645739294	4	3	187.933558594409	152.09454
OG0000346	0.546063623753155	1	2	55.3688637769795	101.39636
OG0000347	1.09643677997091	5	5	277.936746147928	253.4909
OG0000348	1.34905014769445	9	7	478.760710517878	354.88726
OG0001353	1.00425398856512	4	4	203.655397911969	202.79272
OG0001356	0.948994602363298	2	2	96.2245983392858	101.39636
OG0001359	0.918665618711058	2	2	93.1493497944492	101.39636
OG0002618	0.940458719517282	2	2	95.3590908893134	101.39636
OG0002615	1.56431010052735	5	3	237.923025157062	152.09454
OG0000753	0.866201663811086	2	2	87.8296957363878	101.39636
OG0000752	0.905755632241639	2	2	91.8403241588009	101.39636
OG0000751	1.01274875724054	3	3	154.033556368072	152.09454
OG0000756	0.813440224905321	2	3	123.719816824471	152.09454
OG0000755	0.999285142454939	2	2	101.323876047012	101.39636
OG0000754	0.879052659710463	4	5	222.831849857399	253.4909
OG0004906	3.41650295162414	7	2	346.420963223944	101.39636
OG0001998	0.912634865203619	2	2	92.5378533407376	101.39636
OG0003731	0.71198429273575	1	2	72.1926156605795	101.39636
OG0000015	0.615242358797922	62	100	3119.16678499616	5069.818
OG0000118	0.866694838197754	3	3	131.819552736062	152.09454
OG0000116	1.03452547365707	10	10	524.485586780516	506.9818
OG0001506	1.02045070550236	2	2	103.469987097371	101.39636
OG0001500	0.937813628425078	2	2	95.0908882806955	101.39636
OG0002406	0.996109220295061	2	2	101.001849100357	101.39636
OG0002409	0.55943193792152	1	2	56.7243621729881	101.39636
OG0001698	0.378859748792733	1	2	38.4149994780975	101.39636
OG0016446	0.950595544904148	2	2	96.3869280854971	101.39636
OG0000924	1.0232377674343	2	2	103.752585032365	101.39636
OG0000926	0.839640122380453	2	2	85.1364521193325	101.39636
OG0000927	1.11273733012469	3	3	169.241272366143	152.09454
OG0000920	0.977999158546577	3	3	148.748332139529	152.09454
OG0000921	0.824184775852903	2	2	83.5693362389002	101.39636
OG0000922	1.13369321396074	2	2	114.95236525232	101.39636
OG0000923	1.04352782810318	2	2	105.809923328369	101.39636
OG0002074	0.95916403684789	2	2	97.2557419792819	101.39636
OG0002078	0.879709674870392	2	2	89.1993588886413	101.39636
OG0000327	0.91891093632687	5	5	232.935560269341	253.4909
OG0000324	1.01127089293514	2	2	102.539187517573	101.39636
OG0000325	0.805930141444746	2	3	122.577574135174	152.09454
OG0000322	0.922318731919937	4	4	187.039524352995	202.79272
OG0000323	0.875714374620994	4	4	177.58849997249	202.79272
OG0000320	1.19301859986118	5	4	241.93548687644	202.79272
OG0000321	0.795959281922022	2	2	80.7073738951069	101.39636
OG0002678	1.14740810950575	2	2	116.343005738364	101.39636
OG0002675	0.695236874171668	2	3	105.741732568178	152.09454
OG0002672	0.593890824459661	1	2	60.2183678376086	101.39636
OG0002670	1.03652647722499	2	2	105.100011834236	101.39636
OG0002671	0.910325504061386	2	2	92.3036925269898	101.39636
OG0010325	0.952630531037867	2	2	96.5932682721068	101.39636
OG0016387	1.14825133953119	2	2	116.428506193586	101.39636
OG0016386	0.959180492731743	2	2	97.2574105460052	101.39636
OG0003440	1.08120908235904	2	2	109.630665350147	101.39636
OG0006437	1.00858625565742	2	2	102.266975069691	101.39636
OG0004144	1.00009210169247	2	2	101.405698776366	101.39636
OG0004148	1.0434613216823	2	2	105.803179819375	101.39636
OG0016383	0.965378349286463	2	2	97.8858506404559	101.39636
OG0002421	0.91575257587488	2	2	92.8539778543366	101.39636
OG0002427	0.858832955612179	2	2	87.0825355471165	101.39636
OG0002424	1.09076393264407	3	3	165.899238584091	152.09454
OG0000498	0.987576770666359	3	3	150.205034649185	152.09454
OG0000499	0.85094600466451	3	3	129.424241144286	152.09454
OG0011731	1.25426627427337	3	2	127.178034682081	101.39636
OG0000495	1.14230423341725	5	4	231.650982562199	202.79272
OG0000497	1.04840383136857	3	3	159.45649846624	152.09454
OG0000490	0.932305619793286	6	6	283.597188763749	304.18908
OG0000491	0.934906972350782	3	3	142.194245902485	152.09454
OG0000492	1.05344115287617	3	3	160.222647563771	152.09454
OG0000493	0.971413549645292	3	3	147.746696983068	152.09454
OG0016283	0.579625177706255	1	2	58.7718831837674	101.39636
OG0016435	1.44061527291257	3	2	146.073144833741	101.39636
OG0016388	0.749713124003483	1	2	76.0181818181818	101.39636
OG0004430	1.09635280967371	2	2	111.166184176687	101.39636
OG0016434	0.499455244921885	1	2	50.6429438179876	101.39636
OG0004436	1.86076621791383	4	2	188.674921307429	101.39636
OG0000308	1.15707016155151	15	13	762.597567198576	659.07634
OG0005155	0.929213609233459	2	2	94.2188776387351	101.39636
OG0001315	0.747575175859817	2	3	113.702102487818	152.09454
OG0001316	0.880375417256158	2	2	89.2668627432556	101.39636
OG0001310	0.873615386960985	2	2	88.5814202778354	101.39636
OG0002655	0.5267328517878	1	2	53.4087938637024	101.39636
OG0002658	0.605151209831801	1	2	61.3601299265409	101.39636
OG0002659	0.884793250138302	2	2	89.7148149165933	101.39636
OG0005402	0.966013821681342	2	2	97.9502852281771	101.39636
OG0004947	0.259324172466083	1	2	26.294527148073	101.39636
OG0000689	0.878478885917523	2	2	89.0745613688921	101.39636
OG0000688	0.627667256508865	4	6	190.929525303556	304.18908
OG0000680	0.639024641482644	3	4	129.58954519329	202.79272
OG0000682	0.607708942677803	2	3	92.4292120904668	152.09454
OG0000684	0.94366372028195	6	6	287.052198901944	304.18908
OG0000686	0.733595237510376	3	4	148.767773593775	202.79272
OG0003885	0.578653945576744	1	2	58.67340378112	101.39636
OG0002137	1.02944487820739	2	2	104.381963470872	101.39636
OG0002136	0.588901801647906	1	2	59.7124990845397	101.39636
OG0005308	0.622682977307908	1	2	63.1377873329845	101.39636
OG0003461	0.862305123984834	2	2	87.4346007814109	101.39636
OG0000518	1.0582083951501	2	2	107.298479389661	101.39636
OG0000511	0.603291446873563	1	2	61.1715567321127	101.39636
OG0000510	0.905786312358896	2	2	91.8434350110151	101.39636
OG0000513	0.628468435174304	4	7	223.035440955496	354.88726
OG0000516	1.01673554954423	3	3	154.639925709577	152.09454
OG0001108	0.938079946523522	2	2	95.1178919664797	101.39636
OG0001103	2.06075568970775	6	3	313.429688678484	152.09454
OG0001102	1.49621175109749	3	2	151.710425350512	101.39636
OG0001105	0.777638881208086	2	2	78.8497519489724	101.39636
OG0001104	0.943391070390158	2	2	95.6564205940658	101.39636
OG0001107	1.07269437290259	2	2	108.767304804805	101.39636
OG0001106	0.978227052453898	2	2	99.1886623723543	101.39636
OG0000473	0.710674097611722	7	10	360.298833220566	506.9818
OG0000471	1.08496500570737	9	8	440.046009224428	405.58544
OG0016240	0.966078837561475	2	2	97.9568776017648	101.39636
OG0016199	0.639328747926582	1	2	64.825607883113	101.39636
OG0016345	0.39534199427988	1	2	40.0862391751206	101.39636
OG0010699	0.943404303237261	2	2	95.6577623565944	101.39636
OG0003246	0.571214709364574	1	2	57.9190923080257	101.39636
OG0003241	0.358018911605304	1	2	36.3018144479396	101.39636
OG0002117	0.833757656918336	3	3	126.809987300472	152.09454
OG0002114	0.956266278155024	3	3	145.4428796935	152.09454
OG0002112	0.810004176663518	2	2	82.1314750984777	101.39636
OG0002119	0.896937068018555	2	2	90.9461538461538	101.39636
OG0002118	0.958764617815304	2	2	97.215242343263	101.39636
OG0005361	1.17504608449137	2	2	119.145395799677	101.39636
OG0002809	0.556214014645822	2	3	84.5971146991095	152.09454
OG0003404	0.494863973912756	1	3	75.2661084748326	152.09454
OG0005589	0.531661781044498	2	3	80.8628540235437	152.09454
OG0005588	1.24488437440995	4	3	189.34011627907	152.09454
OG0005581	0.818091269601165	2	2	82.9514768853368	101.39636
OG0005580	1.06555113449237	2	2	108.043006431396	101.39636
OG0005585	0.645396188050215	2	3	98.1612363392509	152.09454
OG0005584	0.912273971480637	2	2	92.5012600308804	101.39636
OG0005586	1.00521610106787	3	3	152.887880492511	152.09454
OG0001290	1.32299972311208	5	4	268.294712409146	202.79272
OG0001297	0.957737092889067	2	2	97.1110550559333	101.39636
OG0002750	1.00683686007065	2	2	102.089592724994	101.39636
OG0002754	1.05406414091777	2	2	106.878267095589	101.39636
OG0002756	1.06164193486467	2	2	107.646627818635	101.39636
OG0000539	1.27737326003258	3	2	129.520998928637	101.39636
OG0000538	1.19984854738405	6	5	304.150688140075	253.4909
OG0000537	0.973482916650616	3	3	148.061436405834	152.09454
OG0000533	1.08949199073268	9	8	441.882088437792	405.58544
OG0000532	3.04740422329756	6	2	308.995695691	101.39636
OG0000531	0.995362788569037	2	2	100.92616364035	101.39636
OG0001129	0.838955496320093	2	2	85.0670335288508	101.39636
OG0001127	0.991668548128097	5	5	251.378952766685	253.4909
OG0001126	1.01044333534052	2	2	102.455276189788	101.39636
OG0001125	0.98539546472296	3	3	149.873269925125	152.09454
OG0001122	0.976595242746946	2	2	99.0232028078567	101.39636
OG0001121	0.849800547163303	3	3	129.250023312551	152.09454
OG0001120	0.924300675301282	2	2	93.7207240210919	101.39636
OG0000452	0.945545629099504	2	2	95.8748850045998	101.39636
OG0000453	1.05016477087866	6	6	319.448655501991	304.18908
OG0000454	0.912448855177005	2	2	92.5189926011154	101.39636
OG0000455	1.07539083153186	2	2	109.040715894704	101.39636
OG0000457	0.802303216619148	2	3	122.02593867221	152.09454
OG0000989	0.843636355694746	2	2	85.5416556311125	101.39636
OG0000986	0.993412917510271	2	2	100.728453812522	101.39636
OG0000984	1.10627148313864	2	2	112.171901562059	101.39636
OG0000985	0.760377276805313	2	2	77.0994880947711	101.39636
OG0000982	1.07540494431713	2	2	109.042146879759	101.39636
OG0000983	0.996354030034582	2	2	101.026671916837	101.39636
OG0000980	0.948193311515825	2	2	96.1433503640507	101.39636
OG0000981	1.05895110155228	2	2	107.373787115391	101.39636
OG0003189	0.834934017296843	2	2	84.6592701940769	101.39636
OG0003186	1.53379805748043	3	2	155.521540003586	101.39636
OG0015467	0.562825923048331	1	2	57.0684999107409	101.39636
OG0005494	0.409442103898095	1	2	41.5159389660086	101.39636
OG0003989	1.23150179842517	2	2	124.869799693766	101.39636
OG0016233	0.978785224715107	2	2	99.2452590078938	101.39636
OG0001728	1.05947795082782	4	4	214.854415428401	202.79272
OG0001726	0.750833795406275	2	3	114.197720728772	152.09454
OG0016227	0.547022858954033	1	2	55.4661267347323	101.39636
OG0005112	1.05319968984031	2	2	106.790614902936	101.39636
OG0004864	0.453091173351084	1	2	45.9417957259289	101.39636
OG0014224	0.962207502697594	2	2	97.5643383382262	101.39636
OG0002562	0.930628363071902	2	2	94.3623285282492	101.39636
OG0002566	0.927027882412883	2	2	93.9972528951744	101.39636
OG0001916	0.67540611274456	1	2	68.483721354048	101.39636
OG0001918	0.846151744815863	2	2	85.7967069319774	101.39636
OG0001919	0.946916760353118	2	2	96.0139127227984	101.39636
OG0004903	1.00968448445692	2	2	102.378331472408	101.39636
OG0002176	0.750419365819939	2	2	76.0897921676502	101.39636
OG0002170	0.754948953546006	2	2	76.5490758753741	101.39636
OG0002830	1.253005199049	5	4	254.100332489289	202.79272
OG0002831	1.27521473203657	4	3	193.953198070326	152.09454
OG0002833	0.807736113578196	2	2	81.9015017573757	101.39636
OG0002835	0.963628420521237	4	4	195.416828466805	202.79272
OG0002829	0.667888213639048	3	4	135.442867499804	202.79272
OG0002828	1.00635656248024	2	2	102.040892297609	101.39636
OG0002826	0.738233432512821	1	2	74.8541828871057	101.39636
OG0002824	1.00468010480785	3	3	152.806358387901	152.09454
OG0002821	0.739020607443524	1	2	74.9339995597623	101.39636
OG0000086	0.998854845022381	5	5	253.200613634084	253.4909
OG0000085	0.557578329495329	2	4	113.072826051414	202.79272
OG0000082	0.957130390072745	13	14	679.346763191296	709.77452
OG0000080	1.14474353183249	13	11	638.400549937472	557.67998
OG0002770	0.929170253548269	3	3	141.321722295107	152.09454
OG0000557	0.976324872085936	2	2	98.9957882069795	101.39636
OG0000553	0.893168089303475	3	3	135.845989685291	152.09454
OG0000558	1.09202156942873	2	2	110.72701218156	101.39636
OG0001147	0.78235981654671	2	2	79.3284376081042	101.39636
OG0001140	0.9971879725592	2	2	101.111230653283	101.39636
OG0001143	0.964581702263841	2	2	97.8050735321572	101.39636
OG0001142	0.899175071250541	2	2	91.1730792275455	101.39636
OG0001149	1.15941781905698	7	6	352.682239714549	304.18908
OG0001148	0.579850982585574	2	4	117.589557953201	202.79272
OG0002489	0.914056739977185	3	3	139.02303940073	152.09454
OG0002486	0.953337350814015	2	2	96.6649372245842	101.39636
OG0002481	1.0182064096579	4	4	206.484847335961	202.79272
OG0002480	1.16540981823978	2	2	118.168313477775	101.39636
OG0001999	1.14525612682966	2	2	116.124802528226	101.39636
OG0000434	1.01041723024854	3	3	153.678943842725	152.09454
OG0000435	0.933050951697893	3	3	141.911955295053	152.09454
OG0000432	1.06768481372425	2	2	108.259353738917	101.39636
OG0000433	0.823274351048774	6	7	292.169578671978	354.88726
OG0000431	0.925007032078378	3	3	140.688519040726	152.09454
OG0001995	0.827820942081018	2	3	125.907045388179	152.09454
OG0004731	0.944321767279154	2	2	95.7507898708733	101.39636
OG0001705	0.997191756784603	3	3	151.667421539946	152.09454
OG0001701	0.988167621063466	3	3	150.294899768542	152.09454
OG0001448	1.01598425304449	2	2	103.01710507603	101.39636
OG0005285	1.05914276465057	2	2	107.393221055904	101.39636
OG0005282	0.654035074631091	1	2	66.3167758799209	101.39636
OG0005283	0.958526139980611	2	2	97.1910615588844	101.39636
OG0001442	0.894813156792277	4	4	181.461593957692	202.79272
OG0005289	0.53449106950567	1	2	54.195448900382	101.39636
OG0016252	0.962148585262354	2	2	97.5583643247524	101.39636
OG0016206	0.958686119631565	2	2	97.2072829131653	101.39636
OG0000119	0.74833490308219	4	6	227.63530570046	304.18908
OG0000110	0.893317080741726	9	10	452.895501565185	506.9818
OG0000113	0.602330805771162	5	8	244.296604884251	405.58544
OG0002543	1.09730394273901	2	2	111.262625607384	101.39636
OG0002548	0.99156492677388	2	2	100.541074278538	101.39636
OG0001939	0.953311890665489	2	2	96.6623556581986	101.39636
OG0001933	0.912173225289849	2	2	92.4910447338507	101.39636
OG0003396	0.463215201658483	1	2	46.9683353448361	101.39636
OG0016190	0.884134946768337	2	2	89.6480653511031	101.39636
OG0002845	0.807469180059635	3	4	163.748871340463	202.79272
OG0002844	0.744778580326617	2	3	113.27675557663	152.09454
OG0002841	2.43234209781444	10	4	493.261269986297	202.79272
OG0002840	0.65540773405695	3	4	132.911917098446	202.79272
OG0002849	1.08259810088605	4	4	219.543013545516	202.79272
OG0005547	1.15126368740982	3	3	175.1009209553	152.09454
OG0004490	1.0099846649932	2	2	102.40876868613	101.39636
OG0002719	1.00849059555559	2	2	102.257275483569	101.39636
OG0002715	0.813432110855112	2	2	82.4790551478248	101.39636
OG0002714	0.937521983224933	2	2	95.0613165189893	101.39636
OG0002717	1.06528249174172	2	2	108.015767034341	101.39636
OG0002716	1.05156329895486	2	2	106.624690823614	101.39636
OG0002710	1.03598636648411	2	2	105.045246571115	101.39636
OG0000576	0.871757079360349	3	3	132.589491977056	152.09454
OG0001168	0.717589036403606	4	5	181.902290668083	253.4909
OG0001163	1.06781645574911	2	2	108.272701761061	101.39636
OG0001162	0.938918191496421	3	3	142.80433043328	152.09454
OG0001167	0.956704564427097	3	3	145.50954064244	152.09454
OG0001166	1.00314151051774	3	3	152.572346597101	152.09454
OG0001164	0.944918972303003	2	2	95.8113442864653	101.39636
OG0000414	1.04341855260746	3	3	158.698264786297	152.09454
OG0000416	0.855393956755244	3	3	130.100750371469	152.09454
OG0000417	0.698397387728128	2	3	106.222429423711	152.09454
OG0000413	1.09714727283552	2	2	111.246739849449	101.39636
OG0000418	0.850103482107678	2	2	86.1973987090437	101.39636
OG0000419	1.09984979265504	3	3	167.281148282963	152.09454
OG0016246	1.07589604479367	2	2	109.091942680475	101.39636
OG0003142	0.458520662837256	1	2	46.492326196485	101.39636
OG0003141	0.469850775390288	1	2	47.6411583677528	101.39636
OG0003140	0.43377687971089	1	2	43.9833966548421	101.39636
OG0003148	0.423628735436912	1	2	42.9544117647059	101.39636
OG0009419	1.02132501052243	2	2	103.558638443936	101.39636
OG0016350	0.832676526385684	2	2	84.4303688329523	101.39636
OG0001899	0.509575889379778	2	3	77.5037104903082	152.09454
OG0001895	0.97446535278495	2	2	98.8072397185098	101.39636
OG0001893	0.978171106727454	2	2	99.1829896793353	101.39636
OG0001767	1.07505524903886	2	2	109.006689051434	101.39636
OG0001760	1.00620664090244	3	3	153.038536193002	152.09454
OG0001769	1.00116789960905	3	3	152.272171153805	152.09454
OG0001768	0.784188671786702	2	3	119.270815308609	152.09454
OG0000385	1.00449825202764	4	4	203.704932763931	202.79272
OG0000380	0.580036384402998	2	3	88.2203670690371	152.09454
OG0000382	0.430651764741789	4	9	196.499346175772	456.28362
OG0000383	0.432088176226397	2	5	109.530420670988	253.4909
OG0000389	1.09238634965053	12	11	609.201997625382	557.67998
OG0004064	0.704604664253456	1	2	71.4443481943225	101.39636
OG0006515	1.02809314935786	2	2	104.244903085823	101.39636
OG0004606	1.06852725019847	2	2	108.344773730934	101.39636
OG0004602	0.868360935804792	2	2	88.0486380567995	101.39636
OG0002526	0.675015177820422	1	2	68.4440819757435	101.39636
OG0002525	0.725207972750321	1	2	73.5334486798617	101.39636
OG0002521	0.903913449904317	2	2	91.6535335753401	101.39636
OG0004577	0.876422604992505	2	2	88.8660619679578	101.39636
OG0001958	0.848762960220046	2	2	86.0614746691374	101.39636
OG0001957	0.899546814741066	2	2	91.2107726643384	101.39636
OG0001955	1.55488125332591	3	2	157.659299319485	101.39636
OG0001951	0.701847514746335	1	2	71.1647832703246	101.39636
OG0000601	0.97079167841841	2	2	98.4347425099173	101.39636
OG0000606	0.86451587663751	3	4	175.317526106505	202.79272
OG0000609	1.10134915060154	2	2	111.672794960088	101.39636
OG0000608	0.980844954107892	2	2	99.4541080709073	101.39636
OG0000077	0.952893935137956	4	4	193.23995297813	202.79272
OG0005554	0.913717086637966	3	3	138.971379982342	152.09454
OG0000071	1.12358945067874	2	2	113.927880433224	101.39636
OG0003802	0.493092852302985	1	2	49.9978203655403	101.39636
OG0005074	0.90724920028691	2	2	91.9917665220036	101.39636
OG0009219	0.474975629278789	1	2	48.1607998975786	101.39636
OG0004479	0.947308700849585	2	2	96.0536540624769	101.39636
OG0002731	1.07226508723163	2	2	108.72377680037	101.39636
OG0002737	0.615407789111589	2	3	93.6001645973442	152.09454
OG0002736	1.66341801638924	3	2	168.664532020289	101.39636
OG0002735	1.17857450264449	2	2	119.503164556962	101.39636
OG0002739	0.298251944764105	1	3	45.362492343002	152.09454
OG0000592	1.02245868437823	2	2	103.673588846342	101.39636
OG0000595	0.950177952093815	2	2	96.3445856945672	101.39636
OG0000596	0.978691049000339	2	2	99.235709933216	101.39636
OG0000599	1.00393437619996	2	2	101.795291425547	101.39636
OG0000598	0.689751021748547	3	4	139.876485823167	202.79272
OG0001180	0.729789344580296	3	4	147.995966214455	202.79272
OG0001187	0.877887578722608	3	3	133.521907457529	152.09454
OG0001188	0.89397884451475	4	5	226.615501877004	253.4909
OG0016266	0.972571153116084	2	2	98.6151747669736	101.39636
OG0016448	0.770315057238178	2	2	78.1071428571429	101.39636
OG0002295	0.948315026471184	2	2	96.1556918174817	101.39636
OG0000839	0.931982395273537	6	6	283.498867394454	304.18908
OG0000832	1.0075076506223	2	2	102.157608445253	101.39636
OG0000836	0.952927719271824	3	3	144.935103115897	152.09454
OG0000837	0.935026611134278	2	2	94.8082948721513	101.39636
OG0005248	0.890881611668474	2	2	90.3321526141168	101.39636
OG0005249	0.887163494816165	2	2	89.955149099238	101.39636
OG0001407	1.10880163757869	3	3	168.642675018778	152.09454
OG0001400	1.00386299908197	2	2	101.788054045595	101.39636
OG0016444	0.841521109516027	2	2	85.3271773680865	101.39636
OG0014860	0.382222509350231	1	2	38.7559711581794	101.39636
OG0004758	1.02075118196116	2	2	103.500454316559	101.39636
OG0004871	1.16210151706683	2	2	117.832863781054	101.39636
OG0004596	0.548300956359134	1	2	55.595721159335	101.39636
OG0002508	2.94926556263073	9	3	448.567189086161	152.09454
OG0002505	0.796131499345241	2	2	80.7248361149499	101.39636
OG0002507	0.941273686011368	2	2	95.4417255253356	101.39636
OG0001977	1.15785061858116	3	3	176.102757221817	152.09454
OG0000624	0.958224944255971	2	2	97.1605214087584	101.39636
OG0000623	0.962352757807325	2	2	97.5790666776244	101.39636
OG0000622	0.985186558658162	6	6	299.682992906592	304.18908
OG0000621	0.821654820389493	4	5	208.282019909871	253.4909
OG0000629	0.957522095753767	2	2	97.0892551290034	101.39636
OG0003824	0.924407148090742	2	2	93.7315199743822	101.39636
OG0004225	1.00285218606979	2	2	101.685561285519	101.39636
OG0002088	1.10742166543081	2	2	112.288525859822	101.39636
OG0002081	0.976764439516316	2	2	99.0403587443946	101.39636
OG0002080	0.44923263533938	1	2	45.5505540166205	101.39636
OG0002082	0.920544991784011	2	2	93.3399113831286	101.39636
OG0002084	0.894685345335464	2	2	90.7178373623591	101.39636
OG0002086	1.0401141802727	2	2	105.463791864036	101.39636
OG0005509	0.690235941109409	2	3	104.981117954503	152.09454
OG0005054	0.984730189710086	2	2	99.8480568187122	101.39636
OG0001211	0.73907786439359	4	6	224.819415618251	304.18908
OG0001210	0.739639749514054	4	6	224.990334936111	304.18908
OG0001212	0.796614405885544	4	5	201.934502700892	253.4909
OG0001215	0.859473844905044	3	3	130.721279082864	152.09454
OG0001214	2.07520979730572	8	4	420.837439366276	202.79272
OG0001217	1.15856090146046	7	6	352.421574739228	304.18908
OG0001216	1.02110940598744	3	3	155.305165393332	152.09454
OG0001218	0.617587556278524	2	4	125.242260375875	202.79272
OG0005423	1.09866732142651	2	2	111.400867243598	101.39636
OG0005427	0.844658281096893	2	2	85.6452751470817	101.39636
OG0003044	1.02752193000709	2	2	104.186983522894	101.39636
OG0003040	0.481271152062113	1	2	48.7991429921047	101.39636
OG0003104	0.988924656688926	2	2	100.273360502507	101.39636
OG0002319	0.972805677902688	2	2	98.638954726665	101.39636
OG0002318	1.07130078014385	2	2	108.625999571747	101.39636
OG0002313	0.997271240815061	2	2	101.119673751331	101.39636
OG0002314	0.756334281945694	2	2	76.6895431325071	101.39636
OG0002316	0.96319204391535	3	3	146.496250850965	152.09454
OG0003269	0.936907826689664	2	2	94.9990432818427	101.39636
OG0002273	5.02365067441135	15	3	764.069838445285	152.09454
OG0002270	1.06900855429796	2	2	108.393576214675	101.39636
OG0000810	0.611978889137325	2	4	124.104863510737	202.79272
OG0000812	1.09837374530055	3	3	167.056649539564	152.09454
OG0000813	0.955929017392595	5	5	242.319306954965	253.4909
OG0000814	1.2178322416334	5	4	246.967512784534	202.79272
OG0000817	0.925871562446696	4	4	187.760012519215	202.79272
OG0005506	1.14683551397776	3	3	174.42741995411	152.09454
OG0005264	0.811021359603982	2	2	82.2346137460949	101.39636
OG0005266	0.690350208332629	1	2	69.9989982501702	101.39636
OG0005192	1.01606808749816	2	2	103.025605584475	101.39636
OG0000258	1.19521266286019	7	6	363.570640319792	304.18908
OG0000250	0.966895755609685	2	2	98.0397101182716	101.39636
OG0000251	0.787458832356563	3	4	159.690918501611	202.79272
OG0000256	1.04097801162989	3	3	158.327071828963	152.09454
OG0000254	1.11200395914617	7	6	338.259461289032	304.18908
OG0000255	0.943719504734301	2	2	95.6897226410609	101.39636
OG0001028	0.988661361079316	2	2	100.246663286088	101.39636
OG0001029	0.853194734206391	2	2	86.5108404196955	101.39636
OG0001022	1.06579856405587	2	2	108.068094888492	101.39636
OG0001023	1.12284191905516	2	2	113.852083447608	101.39636
OG0001020	0.986459404206479	2	2	100.023392874306	101.39636
OG0001021	0.992217310262407	2	2	100.607223589599	101.39636
OG0001026	0.919352965527038	2	2	93.2190442596471	101.39636
OG0001027	1.03155580960059	2	2	104.596004230353	101.39636
OG0001025	0.972030239846289	3	3	147.840492195511	152.09454
OG0005465	1.22896824053545	2	2	124.612906145899	101.39636
OG0000101	0.993562098002116	5	5	251.858950428445	253.4909
OG0000649	0.425347598182385	1	3	64.6930472856546	152.09454
OG0000648	0.430812939267886	1	2	43.6828638826647	101.39636
OG0000641	1.00347937118207	5	5	254.372888932377	253.4909
OG0000643	1.18958122793788	2	2	120.619206437232	101.39636
OG0000642	0.911314001495627	3	3	138.605883853037	152.09454
OG0004321	0.406098888627272	1	2	41.1769491068508	101.39636
OG0006319	0.746898344144485	1	2	75.7327733862781	101.39636
OG0016096	0.462076932703715	1	2	46.8529190161217	101.39636
OG0003849	1.22012013195293	2	2	123.715740142747	101.39636
OG0005529	0.91906890124962	2	2	93.190241175911	101.39636
OG0003066	1.18784779375573	2	2	120.443442520862	101.39636
OG0001830	1.43047315388945	7	5	362.611927205275	253.4909
OG0001832	0.631730945210397	2	3	96.0828275155406	152.09454
OG0002332	0.845635176372286	3	3	128.616493158162	152.09454
OG0000781	0.814953606381651	2	3	123.949993883958	152.09454
OG0000782	0.926089967536629	2	2	93.9021517407324	101.39636
OG0000786	1.02928451033444	6	6	313.097108256883	304.18908
OG0000788	0.825311698484572	2	2	83.6836020917531	101.39636
OG0000789	0.975685912480338	2	2	98.9310000287848	101.39636
OG0002259	0.801366911609456	2	2	81.2556878616406	101.39636
OG0001785	0.686429198319524	3	5	174.003555268295	253.4909
OG0001780	1.22464478490545	4	3	186.261785223593	152.09454
OG0002250	0.498530472493439	1	2	50.5491752599149	101.39636
OG0002251	1.09769586591445	3	3	166.95354778616	152.09454
OG0016329	1.06110498026072	2	2	107.592182576309	101.39636
OG0016328	0.712623389272471	1	2	72.2574177230916	101.39636
OG0000876	0.648985543192729	1	2	65.8047717723655	101.39636
OG0000874	0.626966638872046	2	3	95.35820253459	152.09454
OG0000872	0.760781662304872	2	3	115.710736968695	152.09454
OG0000871	5.35846899570062	11	2	543.329251336898	101.39636
OG0016372	1.06144941353298	2	2	107.627106856378	101.39636
OG0005208	3.64907034186773	7	2	370.002450049344	101.39636
OG0005201	0.288623057263565	1	2	29.2653274185971	101.39636
OG0004551	0.510902067623423	1	2	51.803609973489	101.39636
OG0004554	0.742693160800737	2	3	112.959574653134	152.09454
OG0004557	1.05912144028648	2	2	107.391058843006	101.39636
OG0004556	0.191989634624183	1	2	19.4670501086221	101.39636
OG0002926	1.08323205742398	2	2	109.835787658103	101.39636
OG0009074	0.601146961118383	1	2	60.9541136824656	101.39636
OG0000272	0.760006325251632	7	9	346.778437308712	456.28362
OG0000273	1.04428302026403	2	2	105.886497064579	101.39636
OG0000275	0.476558330629893	1	2	48.3212800535477	101.39636
OG0000276	3.04712158287858	6	2	308.967036981327	101.39636
OG0001002	1.01295622308387	2	2	102.710073860052	101.39636
OG0001003	0.912565774054736	2	2	92.5308477497327	101.39636
OG0001005	1.01685326228353	2	2	103.105219449676	101.39636
OG0001006	1.0305294163941	3	3	156.73789754293	152.09454
OG0001007	1.0858651326065	2	2	110.102771897216	101.39636
OG0001008	1.32422939220073	3	2	134.272040174166	101.39636
OG0001009	0.981038830457732	2	2	99.4737664270712	101.39636
OG0005563	0.824860407175708	2	3	125.456764193602	152.09454
OG0005562	0.785387815097928	2	2	79.6354656392829	101.39636
OG0000662	1.04066572633214	2	2	105.519716626835	101.39636
OG0000661	1.14999526856556	5	4	233.210668499541	202.79272
OG0000660	1.02161666846747	3	3	155.382317246892	152.09454
OG0000667	1.10560749980136	2	2	112.104576068558	101.39636
OG0000666	1.02168431939802	2	2	103.595071056037	101.39636
OG0000664	1.14112825262091	7	6	347.118753326763	304.18908
OG0000047	0.937684278618469	23	25	1188.47215851423	1267.4545
OG0000669	0.82157688922199	3	4	166.609812054466	202.79272
OG0005566	0.972984695126383	2	2	98.6571064215249	101.39636
OG0005565	0.973715504249313	2	2	98.7312078064449	101.39636
OG0005569	1.58296323313784	3	2	160.506709854008	101.39636
OG0005568	1.12164478664716	3	3	170.596047868498	152.09454
OG0001640	0.984259533870134	2	2	99.8003340297283	101.39636
OG0001641	0.792281370996291	2	2	80.3344471148334	101.39636
OG0001645	1.01451390699409	2	2	102.868017338579	101.39636
OG0000069	0.669540713432598	10	15	509.167434104014	760.4727
OG0005544	0.941708618772771	3	3	143.22873918628	152.09454
OG0000063	0.937366023591371	12	13	617.795768068954	659.07634
OG0004764	0.830514204327331	2	2	84.2111172470876	101.39636
OG0003080	1.27715389365773	3	2	129.498755976721	101.39636
OG0014521	0.405804653543161	1	2	41.1471147403377	101.39636
OG0002684	0.57140540016866	1	2	57.9384276614456	101.39636
OG0001817	1.07289006251846	5	5	271.96786754886	253.4909
OG0001816	0.964206617222833	2	2	97.7670412743085	101.39636
OG0001815	1.0103813922102	2	2	102.448995381846	101.39636
OG0001814	0.829175019591696	4	5	210.188321973817	253.4909
OG0001811	0.756782906123465	4	5	191.837579977853	253.4909
OG0002351	1.10878249015981	2	2	112.426508533941	101.39636
OG0002353	0.925126960028121	2	2	93.804506284717	101.39636
OG0002358	0.407007150612245	1	2	41.2690435660535	101.39636
OG0000858	1.05212745136481	2	2	106.681893824469	101.39636
OG0000859	1.07556941422169	8	7	381.705882352941	354.88726
OG0000855	0.684553299248863	3	4	138.822425539651	202.79272
OG0000850	0.603726615325499	2	4	122.431362458252	202.79272
OG0000851	0.707820147084255	3	4	143.540772898016	202.79272
OG0016431	1.08436904154078	2	2	109.951073708924	101.39636
OG0016430	1.25591873549794	3	2	127.345588235294	101.39636
OG0000489	0.931425978257954	2	2	94.4432038047956	101.39636
OG0000488	1.01004374033551	2	2	102.414758710806	101.39636
OG0005224	1.40075332291684	3	2	142.031288201672	101.39636
OG0003536	0.305631891555588	1	2	30.9899613036514	101.39636
OG0000223	0.924482021552687	2	2	93.739111870884	101.39636
OG0000484	0.938851176182234	3	3	142.794137769896	152.09454
OG0005482	1.69529392259096	5	3	257.844949321268	152.09454
OG0005485	1.28808094139838	4	3	195.910078264754	152.09454
OG0005488	0.72875912277598	2	3	110.840283549416	152.09454
OG0005489	0.827008635562161	2	3	125.783498001855	152.09454
OG0000216	1.10652327547314	6	5	280.493580970635	253.4909
OG0000217	0.841409366761071	9	11	469.237158827127	557.67998
OG0000214	1.02536801957473	3	3	155.952877267929	152.09454
OG0000212	0.81409341172416	5	6	247.638325946433	304.18908
OG0000213	0.945969515613443	5	5	239.794663885416	253.4909
OG0000210	0.905905457677412	4	4	183.711031825247	202.79272
OG0000211	0.936169354539799	5	5	237.310412234713	253.4909
OG0001066	0.637245327729853	1	2	64.6143566588141	101.39636
OG0001067	0.999972960017258	2	2	101.393618244175	101.39636
OG0001064	0.983819181988102	2	2	99.7556839517711	101.39636
OG0001065	1.04834875519558	3	3	159.448121681044	152.09454
OG0001060	0.965953310881719	2	2	97.9441496533547	101.39636
OG0001061	0.948464149749675	2	2	96.170812375112	101.39636
OG0004684	1.11885340342127	3	3	170.171493720793	152.09454
OG0001068	0.829372402293718	2	2	84.0953426770386	101.39636
OG0016366	0.821675051360004	2	2	83.3148593107174	101.39636
OG0001661	1.04204427910205	2	2	105.659496859772	101.39636
OG0001664	1.0369612651658	2	2	105.144097748807	101.39636
OG0001666	1.06468790968322	3	3	161.933217866831	152.09454
OG0000043	0.901955322431646	7	8	365.819946308781	405.58544
OG0000042	0.929496946048017	4	4	188.495213920771	202.79272
OG0005560	0.751982349141379	2	3	114.372409480777	152.09454
OG0000048	0.75202349049172	2	3	114.378666855533	152.09454
OG0004701	0.967149492607884	2	2	98.0654381262863	101.39636
OG0001878	0.7538981580252	2	3	114.66379355169	152.09454
OG0001874	1.01590979183201	3	3	154.514332470186	152.09454
OG0002370	1.00018622312417	2	2	101.415242346939	101.39636
OG0002376	0.906106815863026	2	2	91.8759328997011	101.39636
OG0002374	1.04076324856152	2	2	105.529605025913	101.39636
OG0002210	0.998479124853228	2	2	101.242148796103	101.39636
OG0002211	0.994225000528153	3	3	151.216194111829	152.09454
OG0002219	1.03750149731295	2	2	105.198875322083	101.39636
OG0016337	1.0084143689108	2	2	102.249546379252	101.39636
OG0002964	0.927270731677197	2	2	94.0218769266044	101.39636
OG0000185	0.6084064490956	12	19	586.056893718782	963.26542
OG0000180	1.17248213901652	18	15	891.64065795967	760.4727
OG0001596	0.66036988493128	3	4	133.918205171301	202.79272
OG0001594	0.745671352799737	1	2	75.6083609301691	101.39636
OG0004515	0.401634799202039	1	2	40.7243066884176	101.39636
OG0000131	1.00842768029492	11	11	562.379928578318	557.67998
OG0000234	1.03087516995089	10	10	522.634949237006	506.9818
OG0000235	0.93965094236534	8	8	381.108740905661	405.58544
OG0005600	0.854974487262398	3	3	130.03695135191	152.09454
OG0000237	1.13729529646079	3	3	172.976404959368	152.09454
OG0000231	0.991568229353099	13	13	653.519159462321	659.07634
OG0000232	0.97838282514295	16	16	793.635657248093	811.17088
OG0000233	1.62992981226884	8	5	413.17237504886	253.4909
OG0001048	8.48145926360186	17	2	859.989096817509	101.39636
OG0001044	0.863818115544745	2	2	87.5880126182965	101.39636
OG0001045	1.0955256385581	3	3	166.623468054701	152.09454
OG0001046	0.91090195817158	2	2	92.3621428754704	101.39636
OG0001040	0.984266980933554	2	2	99.8010891348518	101.39636
OG0001041	0.945671524607055	2	2	95.8876503508058	101.39636
OG0001042	0.765222624374906	2	2	77.5907887012628	101.39636
OG0001043	1.05032838325658	2	2	106.499474866902	101.39636
OG0000138	0.612236478995962	3	5	155.196376073517	253.4909
OG0002580	1.02174072578246	2	2	103.600790458099	101.39636
OG0003767	0.417562784268832	1	2	42.3393463963248	101.39636
OG0003766	0.444210805006709	1	2	45.04135870035	101.39636
OG0003765	0.440777044088312	1	2	44.6931878421144	101.39636
OG0001606	0.992254616226699	2	2	100.611006278584	101.39636
OG0001602	0.923945971823022	2	2	93.684758379517	101.39636
OG0001603	0.890383135717376	2	2	90.2816089671279	101.39636
OG0001600	4.13841521031273	12	3	629.430357741518	152.09454
OG0001601	0.884687463927957	2	2	89.7040885799262	101.39636
OG0000959	1.03083115991089	2	2	104.522527389542	101.39636
OG0000958	0.978671952082649	2	2	99.233773575275	101.39636
OG0000951	0.913203161430387	2	2	92.5954765095336	101.39636
OG0000950	0.847223331704972	2	2	85.9053619419568	101.39636
OG0000953	1.04095095581332	2	2	105.548637857991	101.39636
OG0000952	0.987482593075138	2	2	100.12714050118	101.39636
OG0000955	0.628968849525376	1	2	63.7751518952609	101.39636
OG0003978	0.795223823732271	2	2	80.6328011117339	101.39636
OG0002001	1.03704351599356	2	2	105.152437683349	101.39636
OG0002000	0.481948892760922	1	2	48.8678634319878	101.39636
OG0002004	0.431687922944506	1	2	43.7715840425334	101.39636
OG0002007	2.3997193016597	5	2	243.322802210036	101.39636
OG0003512	0.51770602741675	1	2	52.4935067301186	101.39636
OG0004726	1.01053538732449	2	2	102.464609925894	101.39636
OG0004728	0.683361926221116	1	2	69.2904118814097	101.39636
OG0002398	1.07932147610163	2	2	109.439268946532	101.39636
OG0000720	0.944546547781811	2	2	95.7735817956417	101.39636
OG0000721	1.09471405982447	4	4	222.000041814047	202.79272
OG0000726	0.987515140352897	2	2	100.130440676673	101.39636
OG0000727	0.74856692637617	1	2	75.9019615509316	101.39636
OG0000724	0.941692715409309	3	3	143.22632037153	152.09454
OG0000725	0.885738933521334	4	4	179.621407538691	202.79272
OG0000728	0.919910397288981	2	2	93.2755658112566	101.39636
OG0000890	1.09256763208777	7	6	332.347142842556	304.18908
OG0000891	0.932931590417323	7	7	331.085535890646	354.88726
OG0000893	1.01637296821063	7	7	360.697817826336	354.88726
OG0004494	0.969547061010389	2	2	98.3085428351514	101.39636
OG0000313	0.991128100544283	3	3	150.745172533357	152.09454
OG0000312	0.522084398901697	2	3	79.4061864921301	152.09454
OG0000311	1.15534896487398	8	7	410.018628487965	354.88726
OG0016318	0.707513968378264	1	2	71.7393410427111	101.39636
OG0000317	0.955576672229391	4	4	193.783992529947	202.79272
OG0016311	0.961952411891158	2	2	97.5384730589842	101.39636
OG0000316	1.05791132987842	2	2	107.268358052431	101.39636
OG0000126	0.627879030603069	4	7	222.826268782179	354.88726
OG0000314	1.45294747531691	4	3	220.985377902487	152.09454
OG0000127	0.816550918198922	6	7	289.7835180101	354.88726
OG0001950	1.10855389049592	2	2	112.403329360125	101.39636
OG0002942	1.02889312363694	2	2	104.326017565816	101.39636
OG0005577	1.09173856839956	3	3	166.047475360989	152.09454
OG0005571	6.61783174961455	20	3	1006.53607575502	152.09454
OG0003705	1.25109487929332	3	2	126.856466774982	101.39636
OG0000053	0.874791008922244	2	2	88.7006240654431	101.39636
OG0000058	0.684347164535933	2	3	104.085467190397	152.09454
OG0005579	1.01007458456604	2	2	102.417886203509	101.39636
OG0000977	1.08844561695214	2	2	110.364423616901	101.39636
OG0000976	0.848300404600782	2	2	86.0145732130465	101.39636
OG0000975	1.03990938580397	3	3	158.164539675538	152.09454
OG0000974	1.01754735769999	2	2	103.175598198397	101.39636
OG0000973	1.05789344497525	2	2	107.26654458835	101.39636
OG0000972	0.874270445280381	2	2	88.6478408070098	101.39636
OG0000971	0.978313059830378	2	2	99.1973832072625	101.39636
OG0000970	1.08447032382001	2	2	109.961343363371	101.39636
OG0002022	0.839129352942497	2	2	85.0846619575244	101.39636
OG0002021	0.903123843178672	2	2	91.5734703275282	101.39636
OG0016109	0.622064902031904	1	2	63.0751167497916	101.39636
OG0016100	0.66807816242202	1	2	67.7406938650816	101.39636
OG0016105	0.859032954117421	2	2	87.1028146675535	101.39636
OG0004708	0.814592450413251	2	2	82.5967093553841	101.39636
OG0000374	0.878567554047896	3	3	133.62532799184	152.09454
OG0001363	0.999783868230393	2	2	101.374445025282	101.39636
OG0016270	0.638749591894646	1	2	64.7668835696026	101.39636
OG0002623	1.04669175641358	2	2	106.130734142344	101.39636
OG0002622	1.02446995061244	2	2	103.877523921482	101.39636
OG0002625	1.0089535824411	3	3	153.456331002731	152.09454
OG0002626	0.939679031797581	2	2	95.280033392599	101.39636
OG0000709	0.96059188765327	3	3	146.100781280356	152.09454
OG0000706	0.927401868488862	3	3	141.052760582954	152.09454
OG0000707	0.971720765159648	3	3	147.793422785405	152.09454
OG0003542	1.05675859380874	2	2	107.151474810925	101.39636
OG0001774	1.06282404459681	2	2	107.766489442594	101.39636
OG0004512	0.573909528981307	1	2	58.192337208019	101.39636
OG0001778	0.773826254294979	3	4	156.92633091589	202.79272
OG0005602	0.833275713845695	2	2	84.491124260355	101.39636
OG0005603	1.00576924793885	2	2	101.981340740937	101.39636
OG0005601	0.906855528268019	3	3	137.927774418381	152.09454
OG0000230	1.13565661919756	2	2	115.151447396538	101.39636
OG0004229	0.855206317462125	2	2	86.7148076396639	101.39636
OG0001557	0.877417022685667	3	3	133.450338453546	152.09454
OG0001554	0.626058978147958	1	2	63.4801015295225	101.39636
OG0001080	0.807037921529255	2	2	81.8307076250321	101.39636
OG0016098	0.823686986055427	2	2	83.518862165391	101.39636
OG0005521	0.629469234448906	2	3	95.7388336576585	152.09454
OG0016397	0.872958563054998	2	2	88.5148207246073	101.39636
OG0003721	1.0224380157843	2	2	103.67149312615	101.39636
OG0002459	0.847114745630613	2	2	85.8943517092701	101.39636
OG0002451	0.376319964006869	1	3	57.2362118184413	152.09454
OG0000915	1.50426128767477	5	3	228.789928588702	152.09454
OG0000914	0.744711238055809	2	3	113.266513184929	152.09454
OG0000917	0.893376469885503	2	2	90.5851221560396	101.39636
OG0000916	0.724754345658949	1	2	73.4874525439992	101.39636
OG0000910	1.05585043622137	2	2	107.05939093726	101.39636
OG0000913	0.986076018654009	2	2	99.9845189748086	101.39636
OG0000912	1.0871012356695	2	2	110.22810824839	101.39636
OG0000919	1.09060837746607	2	2	110.583719660565	101.39636
OG0003936	0.99371955836267	2	2	100.759546078782	101.39636
OG0002044	0.993295025935622	2	2	100.716500035978	101.39636
OG0002047	0.992231129133993	2	2	100.608624772877	101.39636
OG0002046	0.991256923258745	2	2	100.509843843236	101.39636
OG0002040	0.937875593297348	2	2	95.0971712931915	101.39636
OG0016132	0.614885427095865	1	2	62.3471441245661	101.39636
OG0016292	0.535003691064037	1	2	54.2474268604579	101.39636
OG0016295	0.917374319392625	2	2	93.0184167438896	101.39636
OG0016296	1.2163395434968	2	2	123.332402234637	101.39636
OG0016126	0.608912038441897	1	2	61.7414642581884	101.39636
OG0016125	0.714677085706398	1	2	72.4656550660368	101.39636
OG0005091	0.955720748927435	2	2	96.9066051177159	101.39636
OG0005095	0.986722265400039	2	2	100.050046042518	101.39636
OG0005099	0.360941686067062	1	2	36.5981731394628	101.39636
OG0000358	0.717443262570855	1	2	72.7461353312089	101.39636
OG0000356	1.01779909329606	2	2	103.201123271521	101.39636
OG0000355	2.14169402144202	4	2	217.159978007983	101.39636
OG0001347	0.489825545916614	1	2	49.6665273909575	101.39636
OG0001341	1.30908555337652	5	4	265.473020081929	202.79272
OG0002606	0.957425046106479	2	2	97.0794146480292	101.39636
OG0002600	0.604850733097229	1	2	61.3296626793906	101.39636
OG0000768	0.966545059249124	2	2	98.0041507838455	101.39636
OG0000769	0.995187649271868	2	2	100.908405153124	101.39636
OG0000766	1.05617882987189	2	2	107.092688858069	101.39636
OG0000765	0.919003808402481	2	2	93.1836409981489	101.39636
OG0000762	0.798566451978782	2	2	80.9717314487633	101.39636
OG0000763	0.986886082909935	3	3	150.099984812588	152.09454
OG0000760	1.12569996052617	2	2	114.141878449497	101.39636
OG0000761	0.856575382839256	2	2	86.853625885507	101.39636
OG0016389	0.928851657421512	2	2	94.1821770425083	101.39636
OG0003234	0.907727624567886	2	2	92.0402770026302	101.39636
OG0012454	0.556583583483094	1	2	56.4355494009419	101.39636
OG0001982	1.06573486699726	2	2	108.061636238606	101.39636
OG0001987	1.13182770830118	2	2	114.763209768881	101.39636
OG0002180	0.927299823642504	2	2	94.0248267459919	101.39636
OG0002182	1.24494927375357	2	2	126.233324743255	101.39636
OG0000168	1.01085625738288	8	8	409.988579927388	405.58544
OG0000165	0.989261372124065	7	7	351.07625777695	354.88726
OG0000166	0.746566513207489	4	5	189.247817342828	253.4909
OG0001570	1.06585339929255	3	3	162.110482472837	152.09454
OG0001571	1.49661147656164	3	2	151.750956057576	101.39636
OG0002984	0.964526819251218	2	2	97.7995085944514	101.39636
OG0000298	0.905141256621011	2	2	91.7780287071964	101.39636
OG0000299	1.29921970509972	4	3	197.604223406078	152.09454
OG0000296	0.848522641742748	3	3	129.055660875448	152.09454
OG0000294	1.14120197453734	2	2	115.713726242899	101.39636
OG0000295	1.00906407414305	2	2	102.315424124875	101.39636
OG0000290	0.951762772241378	3	3	144.757921033177	152.09454
OG0000291	0.718153343420638	7	10	364.090674723413	506.9818
OG0005336	1.0277267225234	2	2	104.207748738603	101.39636
OG0005442	0.961620633565335	2	2	97.5048319444188	101.39636
OG0016437	1.02886247358442	2	2	104.322909762056	101.39636
OG0004133	9.41313996733843	19	2	954.458128858635	101.39636
OG0002472	1.13732362544533	2	2	115.32047576216	101.39636
OG0002478	0.817379086990244	2	2	82.8792641609341	101.39636
OG0002479	1.03889837663163	2	2	105.340513800356	101.39636
OG0000933	0.947770929109164	2	2	96.1005223254873	101.39636
OG0000931	1.06438918218931	2	2	107.925188697373	101.39636
OG0000936	0.9873166013532	2	2	100.110309544786	101.39636
OG0000935	0.919360218343284	2	2	93.2197796688142	101.39636
OG0000934	1.07161775473136	2	2	108.658139641132	101.39636
OG0002064	0.423535897524975	1	3	64.4174975075483	152.09454
OG0000334	0.990620065710434	4	4	200.890537611998	202.79272
OG0000330	1.07377656569663	2	2	108.877035214939	101.39636
OG0000332	0.642770039133904	3	4	130.349084570471	202.79272
OG0000338	0.872573366294771	10	11	486.6166974638	557.67998
OG0001321	1.10456458225401	2	2	111.998828025478	101.39636
OG0002667	16.7249917499526	33	2	1695.85328447522	101.39636
OG0002661	0.770951140964517	2	3	117.257459147473	152.09454
OG0000745	0.961517713757703	2	2	97.494396250553	101.39636
OG0000746	0.79882295094658	2	3	121.496609265663	152.09454
OG0000747	1.0066647809129	3	3	153.108216787148	152.09454
OG0000740	0.847239835306813	3	3	128.860553020665	152.09454
OG0000741	1.01961733202527	2	2	103.385486060274	101.39636
OG0000742	1.10051859321468	2	2	111.58857946429	101.39636
OG0000743	0.903144115988035	3	3	137.363288874907	152.09454
OG0000749	0.874483624310376	6	7	310.343097346379	354.88726
OG0003472	1.10526743364736	2	2	112.070094598384	101.39636
OG0000304	1.08509784310503	11	10	550.124857673503	506.9818
OG0003212	0.745555243122897	1	2	75.5965878315768	101.39636
OG0000300	1.16860597333362	2	2	118.492391970286	101.39636
OG0005466	0.772913485997522	2	2	78.3706140750597	101.39636
OG0000107	0.849077092733511	6	7	301.326642968962	354.88726
OG0005464	0.59573701714905	1	2	60.4055650561712	101.39636
OG0000105	1.00139370662808	5	5	253.844191947489	253.4909
OG0000102	1.06419463293238	4	4	215.810924221758	202.79272
OG0001519	1.0214205803338	2	2	103.568328874935	101.39636
OG0001516	0.972006380534798	2	2	98.5579088830034	101.39636
OG0013870	0.868666186139121	2	2	88.0795893295893	101.39636
OG0002412	0.981048411875796	3	3	149.21210692198	152.09454
OG0000483	0.970251581106139	2	2	98.3799786084073	101.39636
OG0000482	0.835425215162021	2	2	84.7090758696458	101.39636
OG0000481	0.988961472293118	2	2	100.277093470763	101.39636
OG0000480	0.962143569449031	3	3	146.336783609308	152.09454
OG0000487	0.589965631017283	2	3	89.7305512653834	152.09454
OG0000486	0.952691975230793	3	3	144.899247734419	152.09454
OG0002419	0.478288978594993	1	2	48.4967614576503	101.39636
OG0001688	0.903614916662804	3	3	137.434895086967	152.09454
OG0001686	1.04893299527544	2	2	106.357987604827	101.39636
OG0001680	0.391038320585767	1	2	39.6498623279099	101.39636
OG0003381	1.0549411749898	2	2	106.967195158089	101.39636
OG0005148	0.897294788200121	2	2	90.9824253704632	101.39636
OG0000319	0.776069131393029	5	7	275.417047610652	354.88726
OG0000318	0.827714014447302	2	2	83.9271881859438	101.39636
OG0005143	0.707283600528685	1	2	71.7159825813027	101.39636
OG0000144	0.950918929355796	7	7	337.469013321212	354.88726
OG0001302	0.870538505552485	2	2	88.2694357028617	101.39636
OG0001306	0.581216258506164	1	2	58.9332129853441	101.39636
OG0002643	0.97381761888223	2	2	98.7415618585254	101.39636
OG0002644	1.02285486453726	2	2	103.713760072372	101.39636
OG0002649	1.06459849243499	2	2	107.946411994396	101.39636
OG0002648	1.10087111454938	2	2	111.62432384445	101.39636
OG0003667	0.523424439265675	1	2	53.0733328765805	101.39636
OG0002957	0.925126390818343	2	2	93.8044485689174	101.39636
OG0016410	1.1306827949331	2	2	114.647119720843	101.39636
OG0002954	1.07474321904435	2	2	108.97505034578	101.39636
OG0016394	0.333934537578015	1	2	33.859746588694	101.39636
OG0002430	1.00445741086814	2	2	101.848325237054	101.39636
OG0003891	0.334630976632179	1	2	33.930362973748	101.39636
OG0003892	0.5648806328	1	2	57.2768400004166	101.39636
OG0003894	0.931990833314622	3	3	141.750717077204	152.09454
OG0005446	0.579896950291015	2	3	88.1991599019148	152.09454
OG0005441	1.14548487495531	2	2	116.147996755524	101.39636
OG0005334	0.547316988951716	1	2	55.4959504458642	101.39636
OG0005443	0.961506933043387	2	2	97.4933031253631	101.39636
OG0005339	0.755331280176757	2	2	76.5878424040633	101.39636
OG0001537	0.372236124853107	1	3	56.6150821809159	152.09454
OG0005327	1.1170349350434	2	2	113.263276406238	101.39636
OG0016277	0.699902559097951	1	2	70.9675718472171	101.39636
OG0003789	0.669512989659822	1	2	67.8861801242236	101.39636
OG0003261	0.876733781609908	2	2	88.8976141442796	101.39636
OG0003446	1.20491181494396	2	2	122.173672156312	101.39636
OG0002784	1.5515733691989	6	4	314.64778381941	202.79272
OG0002783	2.00963732304537	8	4	407.539818953889	202.79272
OG0002438	0.872707202597314	2	2	88.4893336891502	101.39636
OG0002431	0.938846305179277	2	2	95.1955979446278	101.39636
OG0000460	0.975611091589218	3	3	148.38512019416	152.09454
OG0000462	1.68371989863822	17	10	853.61534490742	506.9818
OG0000307	0.494598052782715	6	12	300.902653291531	608.37816
OG0000466	1.16044118524264	3	3	176.496768266534	152.09454
