OG0000001	0	601	0
OG0000018	0	72	1
OG0000042	0	56	4
OG0000043	0	39	7
OG0000050	0	41	2
OG0000058	0	30	2
OG0000077	0	26	4
OG0000084	0	32	1
OG0000095	1	21	10
OG0000131	0	13	11
OG0000165	8	6	7
OG0000166	5	7	4
OG0000198	0	19	0
OG0000200	0	10	7
OG0000212	2	8	5
OG0000216	2	16	6
OG0000223	0	13	2
OG0000239	0	17	0
OG0000249	2	6	3
OG0000250	11	3	2
OG0000258	1	10	7
OG0000267	6	5	4
OG0000295	6	3	2
OG0000299	1	8	4
OG0000316	5	4	2
OG0000317	4	4	4
OG0000327	2	6	5
OG0000358	5	3	1
OG0000361	5	3	3
OG0000367	8	2	1
OG0000414	4	3	3
OG0000429	5	3	3
OG0000467	0	7	1
OG0000486	4	3	3
OG0000487	4	1	2
OG0000493	4	3	3
OG0000496	2	5	1
OG0000508	2	4	3
OG0000525	1	12	1
OG0000531	2	15	2
OG0000532	2	19	6
OG0000538	1	5	6
OG0000539	2	8	3
OG0000553	0	6	3
OG0000558	0	8	2
OG0000561	0	10	0
OG0000577	3	3	3
OG0000578	3	3	3
OG0000580	4	3	2
OG0000595	5	2	2
OG0000601	3	3	2
OG0000602	3	3	3
OG0000628	3	3	3
OG0000654	3	3	2
OG0000661	2	4	5
OG0000663	3	2	1
OG0000666	3	3	2
OG0000681	0	7	1
OG0000721	3	1	4
OG0000730	4	2	3
OG0000753	3	3	2
OG0000755	3	4	2
OG0000766	3	2	2
OG0000768	4	2	2
OG0000770	3	2	2
OG0000777	3	4	2
OG0000804	5	1	1
OG0000837	3	3	2
OG0000852	1	4	1
OG0000858	0	4	2
OG0000863	0	8	0
OG0000867	0	8	0
OG0000871	0	7	11
OG0000928	2	2	0
OG0000957	2	3	1
OG0000964	4	2	1
OG0000980	3	2	2
OG0001060	2	3	2
OG0001069	4	2	1
OG0001076	2	4	1
OG0001089	3	2	1
OG0001108	3	2	2
OG0001110	2	5	1
OG0001122	2	3	2
OG0001147	3	2	2
OG0001154	5	1	1
OG0001192	0	3	4
OG0001216	0	4	3
OG0001251	2	2	2
OG0001260	4	1	1
OG0001267	2	2	2
OG0001270	2	2	1
OG0001292	2	2	2
OG0001309	2	2	2
OG0001330	2	2	2
OG0001339	4	1	1
OG0001350	2	2	2
OG0001351	2	2	2
OG0001393	2	2	2
OG0001400	1	2	2
OG0001412	2	2	2
OG0001415	1	1	1
OG0001453	4	1	1
OG0001485	2	2	2
OG0001496	3	2	1
OG0001497	2	2	2
OG0001498	2	2	2
OG0001504	2	2	2
OG0001517	2	1	1
OG0001523	2	2	2
OG0001525	3	2	1
OG0001530	2	2	2
OG0001542	2	2	2
OG0001546	2	2	1
OG0001548	2	2	2
OG0001550	3	1	1
OG0001553	2	2	2
OG0001561	3	2	1
OG0001565	2	2	2
OG0001582	2	2	2
OG0001583	2	2	2
OG0001599	3	2	1
OG0001618	3	2	1
OG0001625	2	2	2
OG0001630	4	1	1
OG0001636	2	2	2
OG0001645	1	2	2
OG0001651	2	3	1
OG0001661	3	1	2
OG0001664	1	2	2
OG0001683	2	2	2
OG0001684	2	2	2
OG0001699	2	2	2
OG0001732	2	2	2
OG0001776	1	6	0
OG0001790	0	7	2
OG0001795	0	7	1
OG0001822	0	1	4
OG0001860	3	1	1
OG0001861	3	1	1
OG0001879	2	2	1
OG0001922	1	1	1
OG0001931	3	1	1
OG0001937	3	1	1
OG0001956	1	3	1
OG0001977	1	1	3
OG0001980	1	3	1
OG0001986	1	3	1
OG0002000	2	1	1
OG0002007	2	1	5
OG0002036	2	2	1
OG0002055	3	1	1
OG0002074	2	1	2
OG0002076	2	1	1
OG0002103	3	1	1
OG0002112	1	2	2
OG0002145	1	2	2
OG0002157	3	1	1
OG0002187	3	1	1
OG0002193	1	2	2
OG0002246	1	3	1
OG0002260	1	3	1
OG0002270	1	2	2
OG0002288	2	1	1
OG0002295	1	2	2
OG0002362	2	2	1
OG0002398	1	2	2
OG0002415	1	2	1
OG0002426	2	1	1
OG0002442	2	1	2
OG0002446	1	1	1
OG0002457	2	1	1
OG0002483	2	2	1
OG0002495	3	1	1
OG0002523	1	2	1
OG0002559	2	2	1
OG0002565	1	2	1
OG0002622	1	2	2
OG0002636	3	1	1
OG0002688	1	2	1
OG0002691	1	3	1
OG0002692	1	3	3
OG0002694	1	3	1
OG0002711	1	2	1
OG0002713	2	1	1
OG0002752	1	4	1
OG0002757	1	1	1
OG0002794	0	3	1
OG0002930	1	2	1
OG0002944	2	1	1
OG0002945	1	2	1
OG0002971	2	1	1
OG0002999	2	1	1
OG0003016	1	1	1
OG0003040	1	1	1
OG0003047	1	3	1
OG0003064	2	1	1
OG0003075	1	1	1
OG0003126	2	1	1
OG0003145	1	1	1
OG0003182	2	1	1
OG0003196	2	1	1
OG0003217	1	2	1
OG0003262	2	1	1
OG0003293	2	1	1
OG0003321	2	1	1
OG0003338	1	2	1
OG0003347	1	1	1
OG0003349	1	1	2
OG0003372	2	1	1
OG0003377	1	2	1
OG0003393	1	1	1
OG0003412	1	1	1
OG0003454	1	1	1
OG0003520	2	1	1
OG0003543	2	1	1
OG0003591	1	1	1
OG0003605	1	1	1
OG0003613	1	1	1
OG0003616	1	1	1
OG0003624	1	1	1
OG0003625	1	1	1
OG0003636	2	1	1
OG0003684	2	1	1
OG0003692	1	3	1
OG0003706	2	1	1
OG0003709	1	2	1
OG0003710	1	1	1
OG0003753	1	1	1
OG0003755	1	1	1
OG0003762	1	3	1
OG0003793	2	1	1
OG0003804	1	1	1
OG0003806	1	1	1
OG0003812	2	1	1
OG0003817	3	1	0
OG0003911	2	1	1
OG0004014	3	1	0
OG0004036	2	1	1
OG0004066	2	1	1
OG0004068	2	1	1
OG0004123	2	1	1
OG0004150	2	1	1
OG0004173	2	1	1
OG0004215	1	1	1
OG0004228	1	2	1
OG0004229	1	1	2
OG0004238	2	1	1
OG0004241	1	2	1
OG0004295	2	2	0
OG0004300	1	1	1
OG0004338	1	1	1
OG0004342	1	1	1
OG0004363	1	1	1
OG0004384	1	2	1
OG0004412	2	1	1
OG0004543	1	1	1
OG0004577	1	1	2
OG0004583	1	1	2
OG0004619	1	1	1
OG0004636	2	1	1
OG0004645	1	2	1
OG0004655	1	1	1
OG0004709	1	2	1
OG0004734	2	1	1
OG0004748	2	1	1
OG0004759	1	1	1
OG0004781	1	2	1
OG0004801	1	5	1
OG0004827	1	2	1
OG0004830	1	2	1
OG0004831	1	2	1
OG0004832	2	1	1
OG0004860	1	2	1
OG0004893	2	1	1
OG0004904	2	1	1
OG0004957	1	1	1
OG0004984	2	1	1
OG0004992	1	1	1
OG0004995	1	1	1
OG0004998	1	2	1
OG0005026	2	1	1
OG0005044	1	2	1
OG0005045	1	3	1
OG0005047	1	1	2
OG0005049	1	1	1
OG0005159	1	1	1
OG0005161	1	3	1
OG0005172	1	2	1
OG0005183	1	2	1
OG0005184	2	1	1
OG0005204	1	1	1
OG0005211	2	1	1
OG0005236	2	1	1
OG0005267	1	1	1
OG0005283	1	1	2
OG0005290	1	1	1
OG0005301	1	1	1
OG0005303	1	1	1
OG0005313	2	1	1
OG0005345	1	1	1
OG0005348	1	1	1
OG0005369	1	1	1
OG0005370	1	2	1
OG0005376	1	1	1
OG0005392	2	1	1
OG0005400	2	1	1
OG0005401	1	2	1
OG0005427	1	1	2
OG0005440	1	1	1
OG0005468	0	4	0
OG0005477	0	2	1
OG0005479	0	2	1
OG0005486	0	2	1
OG0005503	0	2	1
OG0005551	0	1	1
OG0005598	0	2	1
OG0005710	1	1	1
OG0005757	1	1	1
OG0005799	1	1	1
OG0005855	1	1	1
OG0005916	1	1	1
OG0005933	1	1	1
OG0006000	1	1	1
OG0006022	1	1	1
OG0006033	1	1	1
OG0006048	1	1	1
OG0006108	1	1	1
OG0006113	1	1	1
OG0006121	1	1	1
OG0006134	2	1	0
OG0006148	1	1	1
OG0006188	1	1	1
OG0006196	2	1	0
OG0006221	1	1	1
OG0006238	1	1	1
OG0006367	1	1	1
OG0006393	1	1	1
OG0006434	1	1	1
OG0006455	1	1	1
OG0006500	1	1	1
OG0006519	1	1	1
OG0006621	1	1	1
OG0006625	1	1	1
OG0006650	1	2	0
OG0006656	1	1	1
OG0006661	1	1	1
OG0006713	1	1	1
OG0006715	1	1	1
OG0006716	1	1	1
OG0006777	1	1	1
OG0006843	1	1	1
OG0006845	1	1	1
OG0006867	1	1	1
OG0006908	1	1	1
OG0006912	1	1	1
OG0006968	1	1	1
OG0006996	1	1	1
OG0007005	1	1	1
OG0007014	1	1	1
OG0007038	1	1	1
OG0007039	1	1	1
OG0007068	1	1	1
OG0007072	1	1	1
OG0007082	1	1	1
OG0007114	1	1	1
OG0007153	1	1	1
OG0007180	1	1	1
OG0007184	1	1	1
OG0007220	1	1	1
OG0007222	1	1	1
OG0007259	1	1	1
OG0007267	1	1	1
OG0007396	1	1	1
OG0007535	1	1	1
OG0007596	1	1	1
OG0007738	1	1	1
OG0007740	1	1	1
OG0007811	1	1	1
OG0007818	1	1	1
OG0007838	1	1	1
OG0007866	1	1	1
OG0007870	1	1	1
OG0007878	1	1	1
OG0007924	1	1	1
OG0007942	1	1	1
OG0008046	1	1	1
OG0008048	1	1	1
OG0008051	1	1	1
OG0008080	1	1	1
OG0008084	1	1	1
OG0008115	1	1	1
OG0008120	1	1	1
OG0008165	1	1	1
OG0008184	1	1	1
OG0008241	1	1	0
OG0008273	1	1	1
OG0008349	1	1	1
OG0008353	1	1	1
OG0008388	1	1	1
OG0008394	1	1	1
OG0008431	1	1	1
OG0008455	1	1	1
OG0008488	1	1	1
OG0008493	1	1	1
OG0008610	1	1	1
OG0008639	1	1	1
OG0008645	1	1	1
OG0008654	1	1	1
OG0008701	1	1	1
OG0008735	1	1	1
OG0008752	1	1	1
OG0008758	1	1	1
OG0008818	1	1	1
OG0008876	1	1	0
OG0008881	1	1	1
OG0008942	1	1	1
OG0008978	1	1	1
OG0008994	1	1	1
OG0009004	1	1	1
OG0009045	1	1	1
OG0009060	1	1	1
OG0009067	1	1	1
OG0009166	1	1	1
OG0009167	1	1	1
OG0009179	1	1	1
OG0009199	1	1	1
OG0009214	1	1	1
OG0009241	1	1	1
OG0009318	1	1	1
OG0009462	1	1	1
OG0009463	1	1	1
OG0009471	1	1	1
OG0009518	1	1	1
OG0009535	1	1	1
OG0009572	1	1	1
OG0009579	1	1	1
OG0009621	1	1	1
OG0009631	1	1	1
OG0009634	1	1	1
OG0009715	1	1	1
OG0009753	1	1	1
OG0009755	1	1	1
OG0009783	1	1	1
OG0009863	1	1	1
OG0009870	1	1	1
OG0009889	1	1	1
OG0009922	1	1	1
OG0009931	2	1	0
OG0009970	1	1	1
OG0010002	1	1	1
OG0010014	1	1	1
OG0010085	1	1	1
OG0010153	1	1	1
OG0010156	1	1	1
OG0010174	1	1	1
OG0010183	1	1	1
OG0010297	1	1	1
OG0010298	1	1	1
OG0010349	1	1	1
OG0010394	1	1	1
OG0010450	1	1	1
OG0010461	1	1	1
OG0010498	1	1	1
OG0010509	1	1	1
OG0010529	1	1	1
OG0010547	1	1	1
OG0010556	1	1	1
OG0010595	1	1	1
OG0010601	1	1	1
OG0010613	1	1	1
OG0010620	1	1	1
OG0010828	1	1	1
OG0010846	1	1	1
OG0010848	1	1	1
OG0010869	1	1	1
OG0010874	1	1	1
OG0010936	1	1	1
OG0011062	1	1	1
OG0011066	1	1	1
OG0011096	1	1	1
OG0011170	1	1	1
OG0011237	1	1	1
OG0011248	1	1	1
OG0011262	1	1	1
OG0011264	1	1	1
OG0011278	1	1	1
OG0011288	1	1	1
OG0011305	1	1	1
OG0011406	1	1	1
OG0011426	1	1	1
OG0011430	1	1	1
OG0011512	1	1	1
OG0011529	1	1	1
OG0011541	1	1	1
OG0011544	1	1	1
OG0011563	1	1	1
OG0011600	1	1	1
OG0011633	1	1	1
OG0011645	1	1	1
OG0011781	1	1	1
OG0011799	1	1	1
OG0011834	1	1	1
OG0011871	1	1	1
OG0011881	1	1	1
OG0011897	1	1	1
OG0011932	1	1	1
OG0011953	1	1	1
OG0011986	1	1	1
OG0011999	1	1	1
OG0012050	1	1	1
OG0012182	1	1	1
OG0012190	1	1	1
OG0012218	1	1	1
OG0012273	1	1	1
OG0012384	1	1	1
OG0012416	1	1	1
OG0012429	1	1	1
OG0012445	1	1	1
OG0012462	1	1	1
OG0012482	1	1	1
OG0012501	1	1	1
OG0012514	1	1	1
OG0012530	1	1	1
OG0012543	1	1	1
OG0012544	1	1	1
OG0012552	1	1	1
OG0012569	1	1	1
OG0012574	1	1	1
OG0012606	2	1	0
OG0012637	1	1	1
OG0012660	1	1	1
OG0012677	1	1	1
OG0012702	1	1	1
OG0012710	1	1	0
OG0012744	1	1	1
OG0012773	1	1	1
OG0012779	1	1	1
OG0012803	1	1	1
OG0012804	1	1	1
OG0012810	1	1	1
OG0012814	1	1	1
OG0012836	1	1	1
OG0012844	1	1	1
OG0012853	1	1	1
OG0012860	1	1	1
OG0012891	1	1	1
OG0012987	1	1	1
OG0013035	1	1	1
OG0013041	1	1	1
OG0013114	1	1	1
OG0013138	1	1	1
OG0013278	1	1	1
OG0013294	1	1	1
OG0013337	1	1	1
OG0013345	1	1	1
OG0013370	1	1	1
OG0013376	1	1	1
OG0013438	1	1	1
OG0013474	1	1	1
OG0013479	1	1	1
OG0013500	1	1	1
OG0013508	1	1	1
OG0013509	1	1	0
OG0013540	1	1	1
OG0013578	1	1	1
OG0013607	1	1	1
OG0013670	1	1	1
OG0013672	1	1	1
OG0013701	1	1	1
OG0013731	1	1	1
OG0013764	1	1	1
OG0013766	1	1	1
OG0013839	1	1	1
OG0013883	1	1	1
OG0013924	1	1	1
OG0013935	1	1	1
OG0013956	1	1	1
OG0013985	1	1	1
OG0014014	1	1	1
OG0014077	1	1	1
OG0014096	1	1	1
OG0014132	1	1	1
OG0014185	1	1	1
OG0014213	1	1	1
OG0014331	1	1	1
OG0014343	1	1	1
OG0014386	1	1	1
OG0014390	1	1	1
OG0014395	1	1	1
OG0014396	1	1	1
OG0014399	1	1	1
OG0014420	1	1	1
OG0014471	1	1	1
OG0014475	1	1	1
OG0014493	1	1	1
OG0014612	1	1	1
OG0014647	1	1	1
OG0014662	1	1	1
OG0014720	1	1	1
OG0014750	1	1	1
OG0014764	1	1	1
OG0014777	1	1	1
OG0014778	1	1	1
OG0014781	2	1	0
OG0014814	1	1	1
OG0014849	1	1	1
OG0014852	1	1	1
OG0014872	1	1	1
OG0014911	1	1	1
OG0014923	1	1	1
OG0014957	1	1	1
OG0014974	1	1	1
OG0014986	1	1	1
OG0015000	1	1	1
OG0015027	1	1	1
OG0015038	1	1	1
OG0015039	1	1	1
OG0015060	1	1	1
OG0015061	1	1	1
OG0015072	1	1	1
OG0015081	1	1	1
OG0015118	1	1	1
OG0015119	1	1	1
OG0015143	2	1	0
OG0015160	1	1	1
OG0015237	1	1	1
OG0015280	1	1	1
OG0015371	1	1	1
OG0015395	1	1	1
OG0015408	1	1	1
OG0015481	1	1	1
OG0015492	1	1	1
OG0015537	1	1	1
OG0015549	1	1	1
OG0015566	1	1	1
OG0015601	1	1	1
OG0015613	1	1	1
OG0015623	1	1	1
OG0015643	1	1	1
OG0015657	1	1	1
OG0015662	1	1	1
OG0015663	1	1	1
OG0015668	1	1	1
OG0015679	1	1	1
OG0015690	1	1	1
OG0015693	1	1	1
OG0015738	1	1	1
OG0015768	1	1	1
OG0015823	1	1	1
OG0015858	1	1	1
OG0015876	1	1	1
OG0015888	1	1	1
OG0015899	1	1	1
OG0015906	1	1	1
OG0015932	1	1	1
OG0015948	2	1	0
OG0015962	1	1	1
OG0015964	1	1	1
OG0016000	1	1	1
OG0016004	1	1	1
OG0016051	1	1	1
OG0016056	1	1	1
OG0016057	1	1	1
OG0016068	1	1	1
OG0016073	1	1	1
OG0016079	1	1	1
OG0016121	0	3	0
OG0016150	0	3	0
OG0016176	0	3	0
OG0016186	0	3	0
OG0016188	0	3	0
OG0016220	0	1	1
OG0016224	0	2	1
OG0016227	0	1	1
OG0016237	0	2	1
OG0016310	0	2	1
OG0016335	0	2	1
OG0016397	0	1	2
OG0016426	0	3	1
OG0016632	1	1	0
OG0016687	1	1	0
OG0016880	1	1	0
OG0016980	1	1	0
OG0017081	1	1	0
OG0017179	1	1	0
OG0017180	1	1	0
OG0017290	1	1	0
OG0017324	1	1	0
OG0017377	1	1	0
OG0017405	1	1	0
OG0017451	1	1	0
OG0017518	1	1	0
OG0017584	1	1	0
OG0017893	1	1	0
OG0017959	0	1	1
OG0018046	0	1	1
OG0018047	0	1	1
OG0018121	0	2	0
OG0018183	0	1	1
OG0018270	0	1	1
OG0018324	0	1	1
OG0018399	0	1	1
OG0018459	0	1	1
OG0018463	0	1	1
OG0018504	0	1	1
OG0018534	0	1	1
OG0018593	0	1	1
OG0018644	0	1	1
OG0018654	0	1	1
OG0018754	0	1	1
OG0018911	0	2	0
OG0018912	0	1	1
OG0018933	0	1	1
OG0018945	0	1	1
OG0018947	0	2	0
OG0019057	0	1	1
OG0019092	0	1	1
OG0019095	0	1	1
OG0019125	0	1	1
OG0019187	0	2	0
OG0019211	0	1	1
OG0019243	0	1	1
OG0019247	0	1	1
OG0019256	0	1	1
OG0019281	0	1	1
OG0019284	0	1	1
OG0019286	0	2	0
OG0019306	0	1	1
OG0019311	0	1	1
OG0019406	0	1	1
OG0019417	0	1	1
OG0019448	0	1	1
OG0019482	0	1	1
OG0019515	0	1	1
OG0019600	0	1	1
OG0019604	0	1	1
OG0019631	0	1	1
