OG0000001	0	601	0
OG0000018	0	72	1
OG0000043	0	39	7
OG0000165	8	6	7
OG0000200	0	10	7
OG0000216	2	16	6
OG0000258	1	10	7
OG0000299	1	8	4
OG0000358	5	3	1
OG0000414	4	3	3
OG0000486	4	3	3
OG0000493	4	3	3
OG0000496	2	5	1
OG0000539	2	8	3
OG0000558	0	8	2
OG0000580	4	3	2
OG0000601	3	3	2
OG0000661	2	4	5
OG0000666	3	3	2
OG0000730	4	2	3
OG0000755	3	4	2
OG0000766	3	2	2
OG0000768	4	2	2
OG0000770	3	2	2
OG0000852	1	4	1
OG0000863	0	8	0
OG0000867	0	8	0
OG0000871	0	7	11
OG0000928	2	2	0
OG0000980	3	2	2
OG0001076	2	4	1
OG0001122	2	3	2
OG0001147	3	2	2
OG0001330	2	2	2
OG0001339	4	1	1
OG0001350	2	2	2
OG0001485	2	2	2
OG0001497	2	2	2
OG0001498	2	2	2
OG0001517	2	1	1
OG0001525	3	2	1
OG0001548	2	2	2
OG0001553	2	2	2
OG0001561	3	2	1
OG0001565	2	2	2
OG0001583	2	2	2
OG0001664	1	2	2
OG0001860	3	1	1
OG0001922	1	1	1
OG0001956	1	3	1
OG0001980	1	3	1
OG0002036	2	2	1
OG0002074	2	1	2
OG0002157	3	1	1
OG0002398	1	2	2
OG0002446	1	1	1
OG0002457	2	1	1
OG0002483	2	2	1
OG0002559	2	2	1
OG0002691	1	3	1
OG0002692	1	3	3
OG0002694	1	3	1
OG0002713	2	1	1
OG0002757	1	1	1
OG0003064	2	1	1
OG0003145	1	1	1
OG0003217	1	2	1
OG0003293	2	1	1
OG0003321	2	1	1
OG0003393	1	1	1
OG0003520	2	1	1
OG0003616	1	1	1
OG0003692	1	3	1
OG0003709	1	2	1
OG0003812	2	1	1
OG0003911	2	1	1
OG0004300	1	1	1
OG0004338	1	1	1
OG0004412	2	1	1
OG0004636	2	1	1
OG0004709	1	2	1
OG0004801	1	5	1
OG0004827	1	2	1
OG0004830	1	2	1
OG0004832	2	1	1
OG0004904	2	1	1
OG0004998	1	2	1
OG0005026	2	1	1
OG0005348	1	1	1
OG0005370	1	2	1
OG0005392	2	1	1
OG0005400	2	1	1
OG0005479	0	2	1
OG0005503	0	2	1
OG0005551	0	1	1
OG0005598	0	2	1
OG0005710	1	1	1
OG0005855	1	1	1
OG0006033	1	1	1
OG0006048	1	1	1
OG0006113	1	1	1
OG0006121	1	1	1
OG0006134	2	1	0
OG0006148	1	1	1
OG0006221	1	1	1
OG0006238	1	1	1
OG0006455	1	1	1
OG0006625	1	1	1
OG0006715	1	1	1
OG0006716	1	1	1
OG0006845	1	1	1
OG0007005	1	1	1
OG0007184	1	1	1
OG0007220	1	1	1
OG0007259	1	1	1
OG0007811	1	1	1
OG0007818	1	1	1
OG0007838	1	1	1
OG0007866	1	1	1
OG0007870	1	1	1
OG0008046	1	1	1
OG0008084	1	1	1
OG0008115	1	1	1
OG0008165	1	1	1
OG0008394	1	1	1
OG0008455	1	1	1
OG0008488	1	1	1
OG0008701	1	1	1
OG0008752	1	1	1
OG0008818	1	1	1
OG0008942	1	1	1
OG0008994	1	1	1
OG0009067	1	1	1
OG0009462	1	1	1
OG0009535	1	1	1
OG0009715	1	1	1
OG0009783	1	1	1
OG0009931	2	1	0
OG0010085	1	1	1
OG0010297	1	1	1
OG0010298	1	1	1
OG0010394	1	1	1
OG0010529	1	1	1
OG0010848	1	1	1
OG0010869	1	1	1
OG0010874	1	1	1
OG0011096	1	1	1
OG0011264	1	1	1
OG0011426	1	1	1
OG0011430	1	1	1
OG0011529	1	1	1
OG0011600	1	1	1
OG0011781	1	1	1
OG0011834	1	1	1
OG0011871	1	1	1
OG0011986	1	1	1
OG0012218	1	1	1
OG0012416	1	1	1
OG0012637	1	1	1
OG0012773	1	1	1
OG0012779	1	1	1
OG0012804	1	1	1
OG0012844	1	1	1
OG0013035	1	1	1
OG0013278	1	1	1
OG0013337	1	1	1
OG0013370	1	1	1
OG0013474	1	1	1
OG0013508	1	1	1
OG0013509	1	1	0
OG0013607	1	1	1
OG0013670	1	1	1
OG0013701	1	1	1
OG0013764	1	1	1
OG0013883	1	1	1
OG0013924	1	1	1
OG0014331	1	1	1
OG0014386	1	1	1
OG0014390	1	1	1
OG0014777	1	1	1
OG0014814	1	1	1
OG0014852	1	1	1
OG0014872	1	1	1
OG0014974	1	1	1
OG0014986	1	1	1
OG0015027	1	1	1
OG0015038	1	1	1
OG0015039	1	1	1
OG0015118	1	1	1
OG0015119	1	1	1
OG0015280	1	1	1
OG0015395	1	1	1
OG0015492	1	1	1
OG0015537	1	1	1
OG0015601	1	1	1
OG0015643	1	1	1
OG0015668	1	1	1
OG0015679	1	1	1
OG0015690	1	1	1
OG0015738	1	1	1
OG0015768	1	1	1
OG0015888	1	1	1
OG0015962	1	1	1
OG0016073	1	1	1
OG0016220	0	1	1
OG0016224	0	2	1
OG0016227	0	1	1
OG0016237	0	2	1
OG0016397	0	1	2
OG0016426	0	3	1
OG0016687	1	1	0
OG0017179	1	1	0
OG0017377	1	1	0
OG0017518	1	1	0
OG0018183	0	1	1
OG0018644	0	1	1
OG0019125	0	1	1
OG0019211	0	1	1
OG0019243	0	1	1
OG0019247	0	1	1
OG0019281	0	1	1
OG0019406	0	1	1
