Ortho_ID	Tfas_ID	Tlei_ID	Method	Ka	Ks	Ka/Ks	P-Value(Fisher)	Length	S-Sites	N-Sites	Fold-Sites(0:2:4)	Substitutions	S-Substitutions	N-Substitutions	Fold-S-Substitutions(0:2:4)	Fold-N-Substitutions(0:2:4)	Divergence-Time	Substitution-Rate-Ratio(rTC:rAG:rTA:rCG:rTG:rCA/rCA)	GC(1:2:3)	ML-Score	AICc	Akaike-Weight	Model
OG0013814_NT	Tfasc_v1.24575-RA:cds	Tlei_v1.25954-RA:cds	MYN	0.046347	0.0383217	1.20942	0.712027	303	71.5549	231.445	NA	13	2.63525	10.3647	NA	NA	0.0444518	11.5071:9.19522:1:1:1:1	0.402047(0.52193:0.381579:0.302632)	NA	NA	NA	NA
OG0006706_NT	Tfasc_v1.28040-RA:cds	Tlei_v1.30312-RA:cds	MYN	0.00130751	0.0113455	0.115245	0.051919	1035	269.438	765.562	NA	4	3	1	NA	NA	0.00392068	2:2:1:1:1:1	0.502577(0.478093:0.454897:0.574742)	NA	NA	NA	NA
OG0019306_NT	Tfasc_v1.12033-RA:cds	Tlei_v1.11119-RA:cds	MYN	0.0149949	0.0425739	0.352208	0.0704414	552	147.454	404.546	NA	12	6	6	NA	NA	0.022362	2:2:1:1:1:1	0.473485(0.486364:0.379545:0.554545)	NA	NA	NA	NA
OG0018692_NT	Tfasc_v1.16731-RA:cds	Tlei_v1.07629-RA:cds	MYN	0.0729018	0.0907613	0.803226	0.496391	714	164.995	549.005	NA	52	13.8764	38.1236	NA	NA	0.0770289	1.55183:1.03477:1:1:1:1	0.404151(0.397436:0.39011:0.424908)	NA	NA	NA	NA
OG0018833_NT	Tfasc_v1.02650-RA:cds	Tlei_v1.26621-RA:cds	MYN	0.0150189	NA	NA	NA	369	99.8872	269.113	NA	4	NA	4	NA	NA	0.0109533	4.61227:3.30919:1:1:1:1	0.420863(0.482014:0.356115:0.42446)	NA	NA	NA	NA
OG0015747_NT	Tfasc_v1.26973-RA:cds	Tlei_v1.28608-RA:cds	MYN	0.0131479	0.0305472	0.430411	0.049957	1023	218.056	804.944	NA	17	6.5105	10.4895	NA	NA	0.0168566	0.865637:0.519437:1:1:1:1	0.461507(0.458231:0.414005:0.512285)	NA	NA	NA	NA
OG0005932_NT	Tfasc_v1.14271-RA:cds	Tlei_v1.30584-RA:cds	MYN	0.00522723	0.0210364	0.248485	0.0710773	771	193.984	577.016	NA	7	4	3	NA	NA	0.00920481	2.32301:2.90748:1:1:1:1	0.445602(0.493056:0.460069:0.383681)	NA	NA	NA	NA
OG0014863_NT	Tfasc_v1.10597-RA:cds	Tlei_v1.01129-RA:cds	MYN	0.127928	0.169179	0.756169	0.784696	174	42.3522	131.648	NA	21	5.56564	15.4344	NA	NA	0.137969	1.08496:1.02248:1:1:1:1	0.285948(0.284314:0.245098:0.328431)	NA	NA	NA	NA
OG0003171_NT	Tfasc_v1.27599-RA:cds	Tlei_v1.29909-RA:cds	MYN	0.0173936	0.0322628	0.539121	0.253149	759	209.563	549.437	NA	16	6.57687	9.42313	NA	NA	0.021499	24.0644:7.3955:1:1:1:1	0.577361(0.575085:0.503413:0.653584)	NA	NA	NA	NA
OG0010810_NT	Tfasc_v1.11852-RA:cds	Tlei_v1.11308-RA:cds	MYN	0.0143293	0.0492584	0.2909	0.00226011	1236	198.435	1037.57	NA	24	9.27692	14.7231	NA	NA	0.019937	3.43419:2.13013:1:1:1:1	0.610157(0.625536:0.418455:0.786481)	NA	NA	NA	NA
OG0019023_NT	Tfasc_v1.27370-RA:cds	Tlei_v1.22676-RA:cds	MYN	0.111638	0.0791751	1.41001	0.455024	429	112.469	316.531	NA	41	8.3732	32.6268	NA	NA	0.103127	2.9062:3.63114:1:1:1:1	0.449495(0.5:0.557576:0.290909)	NA	NA	NA	NA
OG0003215_NT	Tfasc_v1.08822-RA:cds	Tlei_v1.13202-RA:cds	MYN	0.00187813	0.0149476	0.125647	0	738	203.012	534.988	NA	4	3	1	NA	NA	0.00547333	2:2:1:1:1:1	0.50346(0.555363:0.451557:0.50346)	NA	NA	NA	NA
OG0004069_NT	Tfasc_v1.12073-RA:cds	Tlei_v1.11064-RA:cds	MYN	0.0101391	NA	NA	NA	267	67.5762	199.424	NA	2	NA	2	NA	NA	0.00757296	2:2:1:1:1:1	0.432692(0.413462:0.528846:0.355769)	NA	NA	NA	NA
OG0015255_NT	Tfasc_v1.13362-RA:cds	Tlei_v1.18518-RA:cds	MYN	0.0143879	0.0106087	1.35624	0.716063	768	249.299	518.701	NA	10	2.61304	7.38696	NA	NA	0.0131611	2.89513:12.1273:1:1:1:1	0.501145(0.520619:0.506873:0.475945)	NA	NA	NA	NA
OG0015289_NT	Tfasc_v1.00059-RA:cds	Tlei_v1.03619-RA:cds	MYN	0.0134584	0.0232659	0.578462	0.373673	864	263.134	600.866	NA	14	6	8	NA	NA	0.0164453	6.76125:5.10393:1:1:1:1	0.417653(0.457101:0.349112:0.446746)	NA	NA	NA	NA
OG0005768_NT	Tfasc_v1.14069-RA:cds	Tlei_v1.19231-RA:cds	MYN	0.00375343	0.0151892	0.247112	0.126537	735	200.329	534.671	NA	5	3	2	NA	NA	0.00687032	2:2:1:1:1:1	0.478941(0.537906:0.416968:0.481949)	NA	NA	NA	NA
OG0009461_NT	Tfasc_v1.30439-RA:cds	Tlei_v1.20577-RA:cds	MYN	0.0693695	0.0953661	0.727402	0.595822	249	76.3119	172.688	NA	18	6.65518	11.3448	NA	NA	0.0773368	4.79183:12.7137:1:1:1:1	0.508418(0.5:0.520202:0.505051)	NA	NA	NA	NA
OG0014332_NT	Tfasc_v1.30361-RA:cds	Tlei_v1.20595-RA:cds	MYN	0.213935	0.608233	0.351732	0.00128916	273	51.6403	221.36	NA	61	20.1707	40.8293	NA	NA	0.28852	0.906188:0.432002:1:1:1:1	0.42042(0.405405:0.373874:0.481982)	NA	NA	NA	NA
OG0015992_NT	Tfasc_v1.06692-RA:cds	Tlei_v1.14558-RA:cds	MYN	0.246913	0.399912	0.617418	0.024023	495	135.837	359.163	NA	117	41.5493	75.4507	NA	NA	0.288899	1.44998:1.32117:1:1:1:1	0.454148(0.532751:0.40393:0.425764)	NA	NA	NA	NA
OG0002612_NT	Tfasc_v1.08400-RA:cds	Tlei_v1.13622-RA:cds	MYN	0.00490363	0.0100888	0.486048	0.229168	1425	401.477	1023.52	NA	9	4	5	NA	NA	0.00636448	2:2:1:1:1:1	0.489097(0.560748:0.437383:0.469159)	NA	NA	NA	NA
OG0011444_NT	Tfasc_v1.16641-RA:cds	Tlei_v1.07216-RA:cds	MYN	0.00270314	0.0114242	0.236614	0.117391	1008	266.422	741.578	NA	5	3	2	NA	NA	0.00500819	2:2:1:1:1:1	0.445587(0.521851:0.380463:0.434447)	NA	NA	NA	NA
OG0014588_NT	Tfasc_v1.18743-RA:cds	Tlei_v1.16812-RA:cds	MYN	0.0157594	0.00749222	2.10343	0.542354	396	138.949	257.051	NA	5	1	4	NA	NA	0.0128586	10.4162:2.54175:1:1:1:1	0.536093(0.579618:0.426752:0.601911)	NA	NA	NA	NA
OG0014741_NT	Tfasc_v1.11255-RA:cds	Tlei_v1.12220-RA:cds	MYN	0.0386933	0.0954821	0.405241	0.00384311	948	218.488	729.512	NA	47	19.5174	27.4826	NA	NA	0.0517815	2.02725:2.55193:1:1:1:1	0.409741(0.505362:0.348525:0.375335)	NA	NA	NA	NA
OG0014556_NT	Tfasc_v1.18645-RA:cds	Tlei_v1.16892-RA:cds	MYN	0.00241986	0.0157176	0.153958	0.0308414	1086	257.97	828.03	NA	6	4	2	NA	NA	0.00557863	2:2:1:1:1:1	0.46026(0.448905:0.456204:0.475669)	NA	NA	NA	NA
OG0008168_NT	Tfasc_v1.15520-RA:cds	Tlei_v1.22207-RA:cds	MYN	0.0024894	0.0265174	0.0938781	6.78332e-05	1116	311.051	804.949	NA	10	8	2	NA	NA	0.00918648	2:2:1:1:1:1	0.47806(0.56351:0.424942:0.445727)	NA	NA	NA	NA
OG0012130_NT	Tfasc_v1.15998-RA:cds	Tlei_v1.22635-RA:cds	MYN	0.0160505	0.0383952	0.418035	0.0399684	1203	320.918	882.082	NA	26	12	14	NA	NA	0.0220113	1.06126:4.95931:1:1:1:1	0.444682(0.490364:0.37045:0.473233)	NA	NA	NA	NA
OG0005919_NT	Tfasc_v1.14243-RA:cds	Tlei_v1.30609-RA:cds	MYN	0.00191636	0.0255704	0.0749443	0.00667548	723	199.051	523.949	NA	6	5	1	NA	NA	0.00842863	1.73045:2.13971:1:1:1:1	0.441207(0.466258:0.394172:0.46319)	NA	NA	NA	NA
OG0006834_NT	Tfasc_v1.27800-RA:cds	Tlei_v1.30086-RA:cds	MYN	0.00674026	0.0155049	0.434719	0.143271	1221	326.343	894.657	NA	11	5	6	NA	NA	0.00908282	2.22159:2.08427:1:1:1:1	0.532065(0.564482:0.468288:0.563425)	NA	NA	NA	NA
OG0010189_NT	Tfasc_v1.17602-RA:cds	Tlei_v1.26496-RA:cds	MYN	0.0096215	0.0100992	0.952698	0.660415	519	100.498	418.502	NA	5	1	4	NA	NA	0.009714	4.07912:3.26983:1:1:1:1	0.520129(0.47343:0.410628:0.676329)	NA	NA	NA	NA
OG0010998_NT	Tfasc_v1.10799-RA:cds	Tlei_v1.12732-RA:cds	MYN	0.138038	0.351475	0.39274	0.00453187	315	80.1157	234.884	NA	51	21.4222	29.5778	NA	NA	0.192323	1.77924:1.01828:1:1:1:1	0.575881(0.49187:0.605691:0.630081)	NA	NA	NA	NA
OG0011706_NT	Tfasc_v1.00364-RA:cds	Tlei_v1.03366-RA:cds	MYN	0.0117047	NA	NA	NA	228	55.2354	172.765	NA	2	NA	2	NA	NA	0.00886909	2:2:1:1:1:1	0.494186(0.540698:0.401163:0.540698)	NA	NA	NA	NA
OG0003911_NT	Tfasc_v1.17512-RA:cds	Tlei_v1.26414-RA:cds	MYN	0.00405912	0.0174349	0.232816	0.0247484	1341	352.448	988.552	NA	10	6	4	NA	NA	0.0075746	2:2:1:1:1:1	0.463852(0.496161:0.419386:0.476008)	NA	NA	NA	NA
OG0013202_NT	Tfasc_v1.10590-RA:cds	Tlei_v1.25166-RA:cds	MYN	0.0108564	0.0876716	0.123831	7.32291e-07	1284	170.502	1113.5	NA	26	14	12	NA	NA	0.0210567	0.527026:1.87594:1:1:1:1	0.577244(0.532359:0.433194:0.76618)	NA	NA	NA	NA
OG0013823_NT	Tfasc_v1.11070-RA:cds	Tlei_v1.12419-RA:cds	MYN	0.0354447	0.061401	0.577266	0.10069	972	262.846	709.154	NA	40	15.4653	24.5347	NA	NA	0.0424637	2.34942:1.63702:1:1:1:1	0.450698(0.46466:0.390052:0.497382)	NA	NA	NA	NA
OG0014336_NT	Tfasc_v1.18206-RA:cds	Tlei_v1.05121-RA:cds	MYN	0.00348908	0.00672798	0.518593	0.491357	726	149.551	576.449	NA	3	1	2	NA	NA	0.00415628	2:2:1:1:1:1	0.566082(0.522807:0.447368:0.72807)	NA	NA	NA	NA
OG0005060_NT	Tfasc_v1.16727-RA:cds	Tlei_v1.07641-RA:cds	MYN	0.0100085	0.0153396	0.652463	0.404607	1302	396.406	905.594	NA	15	6	9	NA	NA	0.0116316	6.86065:9.78057:1:1:1:1	0.482456(0.537594:0.445489:0.464286)	NA	NA	NA	NA
OG0007974_NT	Tfasc_v1.14970-RC:cds	Tlei_v1.21699-RA:cds	MYN	0.00457329	0.0105291	0.434347	0.273844	1359	481.129	877.871	NA	9	5	4	NA	NA	0.00668183	6.61426:6.00007:1:1:1:1	0.564579(0.618395:0.561644:0.513699)	NA	NA	NA	NA
OG0011409_NT	Tfasc_v1.17223-RA:cds	Tlei_v1.04920-RA:cds	MYN	0.00693489	0.014245	0.486831	0.130255	1263	328.304	934.696	NA	11	4.55351	6.44649	NA	NA	0.00883507	2.70397:3.87426:1:1:1:1	0.448397(0.470192:0.343269:0.531731)	NA	NA	NA	NA
OG0006660_NT	Tfasc_v1.01565-RA:cds	Tlei_v1.01893-RA:cds	MYN	0.00738136	0.0165416	0.44623	0.325501	531	122.435	408.565	NA	5	2	3	NA	NA	0.00949348	2:2:1:1:1:1	0.466035(0.523697:0.329384:0.545024)	NA	NA	NA	NA
OG0015851_NT	Tfasc_v1.18528-RA:cds	Tlei_v1.17016-RA:cds	MYN	0.0203032	0.0126273	1.60788	0.429754	1056	283.117	772.883	NA	19	3.52085	15.4791	NA	NA	0.0182453	2.5168:2.07976:1:1:1:1	0.454288(0.411408:0.461165:0.490291)	NA	NA	NA	NA
OG0011408_NT	Tfasc_v1.17224-RA:cds	Tlei_v1.04919-RA:cds	MYN	0.0139202	0.058858	0.236504	3.68823e-05	1188	346.114	841.886	NA	31	19.4059	11.5941	NA	NA	0.0270124	9.3613:16.8001:1:1:1:1	0.487696(0.506711:0.385906:0.57047)	NA	NA	NA	NA
OG0012708_NT	Tfasc_v1.20603-RA:cds	Tlei_v1.18272-RA:cds	MYN	0.00646191	0.0125287	0.515771	0.307582	864	241.939	622.061	NA	7	3	4	NA	NA	0.00816073	2:2:1:1:1:1	0.445402(0.442529:0.433908:0.45977)	NA	NA	NA	NA
OG0010361_NT	Tfasc_v1.07860-RA:cds	Tlei_v1.15858-RA:cds	MYN	0.0275448	0.0231784	1.18838	0.819598	894	265.169	628.831	NA	23	6	17	NA	NA	0.0262497	3.1568:2.36325:1:1:1:1	0.462441(0.511268:0.440845:0.435211)	NA	NA	NA	NA
OG0007987_NT	Tfasc_v1.14997-RA:cds	Tlei_v1.21727-RA:cds	MYN	0.0158602	0.0224779	0.70559	0.359166	1176	409.647	766.353	NA	21	9	12	NA	NA	0.0181654	27.0432:12.2857:1:1:1:1	0.398567(0.485294:0.335973:0.374434)	NA	NA	NA	NA
OG0009648_NT	Tfasc_v1.16076-RA:cds	Tlei_v1.06626-RA:cds	MYN	0.00500813	0.0163296	0.30669	0.0950202	1050	248.212	801.788	NA	8	4	4	NA	NA	0.00768444	2:2:1:1:1:1	0.423786(0.457286:0.405779:0.408291)	NA	NA	NA	NA
OG0013256_NT	Tfasc_v1.02064-RA:cds	Tlei_v1.27118-RA:cds	MYN	0.0105931	0.0430133	0.246275	0.0133899	672	193.753	478.247	NA	13	8	5	NA	NA	0.0199406	3.1377:2.49471:1:1:1:1	0.450258(0.513566:0.408915:0.428295)	NA	NA	NA	NA
OG0018646_NT	Tfasc_v1.26972-RA:cds	Tlei_v1.28606-RA:cds	MYN	0.0327595	0.0424191	0.772282	0.710524	288	91.6072	196.393	NA	10	3.74735	6.25265	NA	NA	0.035832	4.15182:9.44807:1:1:1:1	0.531609(0.482759:0.534483:0.577586)	NA	NA	NA	NA
OG0009462_NT	Tfasc_v1.30456-RA:cds	Tlei_v1.21055-RA:cds	MYN	0.00778857	0.0108251	0.719494	0.505932	705	188.178	516.822	NA	6	2	4	NA	NA	0.00859907	4.2988:5.99399:1:1:1:1	0.406934(0.536496:0.388686:0.29562)	NA	NA	NA	NA
OG0013407_NT	Tfasc_v1.30670-RA:cds	Tlei_v1.21249-RA:cds	MYN	0.00324228	0.0315804	0.102668	6.43113e-06	1317	389.412	927.588	NA	15	12	3	NA	NA	0.0116213	4.63866:1.08167:1:1:1:1	0.511202(0.533605:0.425662:0.574338)	NA	NA	NA	NA
OG0019508_NT	Tfasc_v1.19530-RA:cds	Tlei_v1.06430-RA:cds	MYN	0.0454279	0.124117	0.366008	0.00636401	411	141.297	269.703	NA	28	16.1174	11.8826	NA	NA	0.0724804	2.03417:2.77442:1:1:1:1	0.517117(0.5:0.578378:0.472973)	NA	NA	NA	NA
OG0006997_NT	Tfasc_v1.27213-RA:cds	Tlei_v1.29743-RA:cds	MYN	0.0204201	0.102021	0.200155	0.00746954	609	51.2967	557.703	NA	16	4.78852	11.2115	NA	NA	0.0272934	2:2:1:1:1:1	0.653955(0.667373:0.5:0.794492)	NA	NA	NA	NA
OG0018894_NT	Tfasc_v1.30310-RA:cds	Tlei_v1.20644-RA:cds	MYN	0.012228	0.0414531	0.294984	0.0025158	1401	327.169	1073.83	NA	26	13	13	NA	NA	0.0190528	7.45067:6.44986:1:1:1:1	0.574144(0.580798:0.438213:0.703422)	NA	NA	NA	NA
OG0013842_NT	Tfasc_v1.11123-RA:cds	Tlei_v1.12371-RA:cds	MYN	0.0554091	0.0373165	1.48484	0.503362	570	138.716	431.284	NA	28	5.0119	22.9881	NA	NA	0.0510061	1.09902:2.6567:1:1:1:1	0.391629(0.349776:0.403587:0.421525)	NA	NA	NA	NA
OG0018898_NT	Tfasc_v1.30398-RA:cds	Tlei_v1.00809-RA:cds	MYN	0.101836	0.272103	0.374254	0.000941237	459	91.9235	367.077	NA	55	20.3124	34.6876	NA	NA	0.135935	3.63183:4.0828:1:1:1:1	0.33624(0.40407:0.331395:0.273256)	NA	NA	NA	NA
OG0002972_NT	Tfasc_v1.01130-RA:cds	Tlei_v1.02341-RA:cds	MYN	0.0440876	NA	NA	NA	504	174.713	329.287	NA	14	NA	14	NA	NA	0.0288045	12.426:8.08167:1:1:1:1	0.423077(0.415385:0.392308:0.461538)	NA	NA	NA	NA
OG0004434_NT	Tfasc_v1.23692-RA:cds	Tlei_v1.22940-RA:cds	MYN	0.0160815	0.0681016	0.23614	8.86015e-06	1242	311.04	930.96	NA	35	20.1917	14.8083	NA	NA	0.0291091	2.04815:1.66271:1:1:1:1	0.484064(0.515936:0.37749:0.558765)	NA	NA	NA	NA
OG0006047_NT	Tfasc_v1.14472-RA:cds	Tlei_v1.30378-RA:cds	MYN	0.0613796	0.0860512	0.713291	0.2969	660	189.854	470.146	NA	43	15.3153	27.6847	NA	NA	0.0684766	5.35433:2.9542:1:1:1:1	0.460474(0.498024:0.3083:0.575099)	NA	NA	NA	NA
OG0009313_NT	Tfasc_v1.29962-RA:cds	Tlei_v1.20932-RA:cds	MYN	0.0487361	0.114683	0.424963	0.0223728	522	111.88	410.12	NA	31	11.6721	19.3279	NA	NA	0.0628706	0.837332:1.88496:1:1:1:1	0.444167(0.46:0.4625:0.41)	NA	NA	NA	NA
OG0005915_NT	Tfasc_v1.14240-RA:cds	Tlei_v1.30613-RA:cds	MYN	0.00512402	0.0351727	0.145682	0.00429389	795	207.267	587.733	NA	10	7	3	NA	NA	0.0129581	2:2:1:1:1:1	0.526515(0.569805:0.404221:0.605519)	NA	NA	NA	NA
OG0007226_NT	Tfasc_v1.09055-RA:cds	Tlei_v1.12980-RA:cds	MYN	0.0122709	0.0312424	0.392765	0.170077	462	132.808	329.192	NA	8	4	4	NA	NA	0.0177245	5.47517:4.70178:1:1:1:1	0.43597(0.440678:0.364407:0.502825)	NA	NA	NA	NA
OG0007849_NT	Tfasc_v1.20454-RA:cds	Tlei_v1.05235-RA:cds	MYN	0.0761719	0.103197	0.73812	0.23393	786	213.208	572.792	NA	62	20.5205	41.4795	NA	NA	0.0835027	1.46872:1.02674:1:1:1:1	0.421601(0.501645:0.389803:0.373355)	NA	NA	NA	NA
OG0007926_NT	Tfasc_v1.14903-RA:cds	Tlei_v1.21635-RA:cds	MYN	0.00592488	0.00908052	0.652482	0.624155	1182	333.487	848.513	NA	8	3	5	NA	NA	0.00681521	2:2:1:1:1:1	0.489187(0.551454:0.402685:0.513423)	NA	NA	NA	NA
OG0012759_NT	Tfasc_v1.04039-RA:cds	Tlei_v1.08819-RA:cds	MYN	0.0701098	0.055116	1.27204	0.706913	690	152.405	537.595	NA	44	8.05398	35.946	NA	NA	0.0667981	1.536:1.24712:1:1:1:1	0.399481(0.455253:0.342412:0.400778)	NA	NA	NA	NA
OG0009059_NT	Tfasc_v1.16560-RA:cds	Tlei_v1.07129-RA:cds	MYN	0.0584552	0.10884	0.537076	0.0317029	684	168.282	515.718	NA	46	17.0027	28.9973	NA	NA	0.0708512	1.44551:0.994966:1:1:1:1	0.46224(0.494141:0.431641:0.460938)	NA	NA	NA	NA
OG0013478_NT	Tfasc_v1.11691-RA:cds	Tlei_v1.11426-RA:cds	MYN	0.00445979	0.00896643	0.497388	0.366566	900	225.139	674.861	NA	5	2	3	NA	NA	0.00558715	2:2:1:1:1:1	0.419668(0.477839:0.394737:0.386427)	NA	NA	NA	NA
OG0002950_NT	Tfasc_v1.14329-RA:cds	Tlei_v1.30519-RA:cds	MYN	0.00539641	0.0147078	0.366908	0.200626	765	206.292	558.708	NA	6	3	3	NA	NA	0.00790733	2:2:1:1:1:1	0.495935(0.560976:0.400697:0.526132)	NA	NA	NA	NA
OG0007144_NT	Tfasc_v1.08899-RA:cds	Tlei_v1.13125-RA:cds	MYN	0.00576637	0.014864	0.387941	0.196449	903	204.856	698.144	NA	7	3	4	NA	NA	0.00783028	2:2:1:1:1:1	0.481159(0.502899:0.352174:0.588406)	NA	NA	NA	NA
OG0018505_NT	Tfasc_v1.06114-RA:cds	Tlei_v1.09605-RA:cds	MYN	NA	NA	NA	NA	201	82.8263	118.174	NA	0	NA	NA	NA	NA	NA	2:2:1:1:1:1	0.527778(0.519231:0.641026:0.423077)	NA	NA	NA	NA
OG0009624_NT	Tfasc_v1.24962-RA:cds	Tlei_v1.28660-RA:cds	MYN	0.00778269	0.0708366	0.109868	8.84566e-06	960	179.999	780.001	NA	18	12	6	NA	NA	0.0196052	13.3095:2.12795:1:1:1:1	0.571117(0.528796:0.430628:0.753927)	NA	NA	NA	NA
OG0018406_NT	Tfasc_v1.01278-RA:cds	Tlei_v1.02178-RA:cds	MYN	0.004149	0.0625299	0.0663522	2.94174e-05	672	188.033	483.967	NA	13	11	2	NA	NA	0.0204846	2:2:1:1:1:1	0.542767(0.549057:0.473585:0.60566)	NA	NA	NA	NA
OG0012018_NT	Tfasc_v1.21608-RA:cds	Tlei_v1.17133-RA:cds	MYN	0.00444034	0.00588342	0.75472	0.59932	624	171.709	452.291	NA	3	1	2	NA	NA	0.00483744	2:2:1:1:1:1	0.439759(0.506024:0.429719:0.383534)	NA	NA	NA	NA
OG0007405_NT	Tfasc_v1.22523-RA:cds	Tlei_v1.19777-RA:cds	MYN	0.0012369	0.0144438	0.085635	0.0159852	1089	279.765	809.235	NA	5	4	1	NA	NA	0.00462977	2:2:1:1:1:1	0.45873(0.536905:0.421429:0.417857)	NA	NA	NA	NA
OG0018125_NT	Tfasc_v1.24489-RA:cds	Tlei_v1.25859-RA:cds	MYN	0.00752945	0.02554	0.29481	0.0869811	699	160.884	538.116	NA	8	4	4	NA	NA	0.0116748	2:2:1:1:1:1	0.567708(0.539931:0.494792:0.668403)	NA	NA	NA	NA
OG0009850_NT	Tfasc_v1.03527-RA:cds	Tlei_v1.09486-RA:cds	MYN	0.00832231	0.0286735	0.290244	0.0267603	978	250.443	727.557	NA	13	7	6	NA	NA	0.0135338	2:2:1:1:1:1	0.410223(0.391753:0.400773:0.438144)	NA	NA	NA	NA
OG0013836_NT	Tfasc_v1.11116-RA:cds	Tlei_v1.12380-RA:cds	MYN	0.00637937	0.0185311	0.344252	0.273475	426	110.658	315.342	NA	4	2	2	NA	NA	0.00953591	2:2:1:1:1:1	0.449495(0.448485:0.384848:0.515152)	NA	NA	NA	NA
OG0012191_NT	Tfasc_v1.01786-RA:cds	Tlei_v1.27409-RA:cds	MYN	0.0762403	0.16844	0.452625	0.0009227	960	212.073	747.927	NA	86	31.8107	54.1893	NA	NA	0.0966082	1.60299:2.59107:1:1:1:1	0.507378(0.536458:0.359375:0.626302)	NA	NA	NA	NA
OG0003973_NT	Tfasc_v1.07739-RA:cds	Tlei_v1.15746-RA:cds	MYN	0.0577786	0.0989443	0.58395	0.0731352	891	206.297	684.703	NA	57	18.9421	38.0579	NA	NA	0.0673099	1.32587:1.31585:1:1:1:1	0.404286(0.464286:0.36:0.388571)	NA	NA	NA	NA
OG0010478_NT	Tfasc_v1.07622-RA:cds	Tlei_v1.15628-RA:cds	MYN	0.00385785	0.0375052	0.102862	0.0411328	345	82.7298	262.27	NA	4	3	1	NA	NA	0.0119264	2:2:1:1:1:1	0.467949(0.546154:0.311538:0.546154)	NA	NA	NA	NA
OG0006878_NT	Tfasc_v1.27734-RA:cds	Tlei_v1.30021-RA:cds	MYN	0.00219922	0.0197308	0.111461	0.0512093	615	159.498	455.502	NA	4	3	1	NA	NA	0.00674598	2:2:1:1:1:1	0.506303(0.596639:0.352941:0.569328)	NA	NA	NA	NA
OG0018917_NT	Tfasc_v1.07910-RA:cds	Tlei_v1.20562-RA:cds	MYN	0.00995038	0.00434689	2.28908	0.382636	237	60.6947	176.305	NA	2	0.262804	1.7372	NA	NA	0.00851535	2:2:1:1:1:1	0.393773(0.467033:0.302198:0.412088)	NA	NA	NA	NA
OG0010703_NT	Tfasc_v1.12051-RA:cds	Tlei_v1.11100-RA:cds	MYN	0.012577	0.0325814	0.386017	0.015724	1545	356.734	1188.27	NA	26	11.1876	14.8124	NA	NA	0.0171959	1.45118:4.12685:1:1:1:1	0.449565(0.506957:0.413043:0.428696)	NA	NA	NA	NA
OG0010161_NT	Tfasc_v1.17566-RA:cds	Tlei_v1.26466-RA:cds	MYN	0.023748	0.0797326	0.297845	0.0902206	195	66.2919	128.708	NA	8	5	3	NA	NA	0.0427804	1.74783:2.09226:1:1:1:1	0.495833(0.4625:0.51875:0.50625)	NA	NA	NA	NA
OG0012163_NT	Tfasc_v1.15911-RA:cds	Tlei_v1.22746-RA:cds	MYN	0.0895218	0.163539	0.547404	0.0215131	603	163.149	439.851	NA	60	23.7427	36.2573	NA	NA	0.109548	3.22377:5.34778:1:1:1:1	0.494993(0.538627:0.409871:0.536481)	NA	NA	NA	NA
OG0013455_NT	Tfasc_v1.30543-RA:cds	Tlei_v1.21130-RA:cds	MYN	0.00572469	0.0275624	0.207699	0.0166843	927	225.466	701.534	NA	10	6	4	NA	NA	0.0110361	2:2:1:1:1:1	0.467391(0.466033:0.383152:0.552989)	NA	NA	NA	NA
OG0011360_NT	Tfasc_v1.18310-RA:cds	Tlei_v1.05020-RA:cds	MYN	0.0106796	0.013289	0.803642	0.869662	531	152.429	378.571	NA	6	2	4	NA	NA	0.0114287	2:2:1:1:1:1	0.361111(0.415152:0.322727:0.345455)	NA	NA	NA	NA
OG0009083_NT	Tfasc_v1.13688-RA:cds	Tlei_v1.19010-RA:cds	MYN	0.0771547	0.147172	0.524248	0.00275005	1407	313.252	1093.75	NA	121	40.8238	80.1762	NA	NA	0.0927432	1.93838:1.53042:1:1:1:1	0.509603(0.51487:0.383829:0.630112)	NA	NA	NA	NA
OG0007639_NT	Tfasc_v1.19989-RA:cds	Tlei_v1.05649-RA:cds	MYN	0.0231722	0.05324	0.435241	0.0231322	1080	228.859	851.141	NA	31	11.5818	19.4182	NA	NA	0.0295438	1.12711:0.9417:1:1:1:1	0.458333(0.503606:0.405048:0.466346)	NA	NA	NA	NA
OG0004807_NT	Tfasc_v1.26038-RA:cds	Tlei_v1.27759-RA:cds	MYN	0.0167611	0.0428003	0.391612	0.0124089	1410	305.902	1104.1	NA	31	12.7049	18.2951	NA	NA	0.0224103	0.686431:1.39017:1:1:1:1	0.412897(0.450078:0.374415:0.414197)	NA	NA	NA	NA
OG0010193_NT	Tfasc_v1.17595-RA:cds	Tlei_v1.26492-RA:cds	MYN	0.00537453	0.0473393	0.113532	0.000657071	744	173.661	570.339	NA	11	7.94652	3.05348	NA	NA	0.0151698	2.11228:2.97179:1:1:1:1	0.527873(0.564846:0.390785:0.627986)	NA	NA	NA	NA
OG0018777_NT	Tfasc_v1.01727-RA:cds	Tlei_v1.27462-RA:cds	MYN	0.00307713	0.0323924	0.0949954	0.000541276	1203	225.796	977.204	NA	10	7	3	NA	NA	0.00857944	4.72777:4.11566:1:1:1:1	0.548999(0.546137:0.379828:0.72103)	NA	NA	NA	NA
OG0005244_NT	Tfasc_v1.14623-RA:cds	Tlei_v1.21388-RA:cds	MYN	0.00712225	0.0133893	0.531937	0.254163	1149	301.999	847.001	NA	10	4	6	NA	NA	0.00876945	5.02376:7.23295:1:1:1:1	0.463178(0.497674:0.454651:0.437209)	NA	NA	NA	NA
OG0015183_NT	Tfasc_v1.00409-RA:cds	Tlei_v1.03314-RA:cds	MYN	0.0053305	0.0488882	0.109034	5.75976e-05	987	233.381	753.619	NA	15	11	4	NA	NA	0.0156299	1.89122:2.36631:1:1:1:1	0.411444(0.50545:0.376022:0.352861)	NA	NA	NA	NA
OG0012362_NT	Tfasc_v1.06757-RA:cds	Tlei_v1.14621-RA:cds	MYN	0.0516526	0.112974	0.45721	0.0235936	639	132.703	506.297	NA	39	13.7412	25.2588	NA	NA	0.0643873	1.03787:0.544372:1:1:1:1	0.408(0.468:0.362:0.394)	NA	NA	NA	NA
OG0009871_NT	Tfasc_v1.03485-RA:cds	Tlei_v1.09444-RA:cds	MYN	0.00181218	0.0284344	0.0637319	0.00386673	732	179.42	552.58	NA	6	5	1	NA	NA	0.00833752	2:2:1:1:1:1	0.549887(0.54932:0.467687:0.632653)	NA	NA	NA	NA
OG0009395_NT	Tfasc_v1.30139-RA:cds	Tlei_v1.20783-RA:cds	MYN	0.00727797	0.0205385	0.354358	0.0771829	1086	395.558	690.442	NA	13	8	5	NA	NA	0.0121079	1.77935:4.68791:1:1:1:1	0.512149(0.522779:0.664009:0.349658)	NA	NA	NA	NA
OG0007069_NT	Tfasc_v1.08743-RA:cds	Tlei_v1.13286-RA:cds	MYN	0.0186247	0.0157221	1.18462	0.929885	510	129.375	380.625	NA	9	2	7	NA	NA	0.0178884	2.88429:0.818793:1:1:1:1	0.443089(0.490244:0.370732:0.468293)	NA	NA	NA	NA
OG0009138_NT	Tfasc_v1.29732-RA:cds	Tlei_v1.31104-RA:cds	MYN	0.0210147	0.0562115	0.373851	0.0144879	864	245.378	618.622	NA	26	13.1837	12.8163	NA	NA	0.0310107	3.984:1.38662:1:1:1:1	0.485264(0.460366:0.439024:0.556402)	NA	NA	NA	NA
OG0005801_NT	Tfasc_v1.13988-RA:cds	Tlei_v1.19307-RA:cds	MYN	0.013213	0.0164126	0.805051	0.568249	1074	309.363	764.637	NA	15	5	10	NA	NA	0.0141346	5.92834:8.4575:1:1:1:1	0.530892(0.525172:0.491991:0.575515)	NA	NA	NA	NA
OG0007610_NT	Tfasc_v1.19898-RA:cds	Tlei_v1.05702-RA:cds	MYN	0.0625513	0.135033	0.46323	0.0216694	570	110.199	459.801	NA	41	13.4443	27.5557	NA	NA	0.0765642	1.61918:1.26561:1:1:1:1	0.445946(0.382883:0.367117:0.587838)	NA	NA	NA	NA
OG0007258_NT	Tfasc_v1.09103-RA:cds	Tlei_v1.12939-RA:cds	MYN	0.0210463	0.0496679	0.423741	0.0543989	636	177.03	458.97	NA	18	8.49646	9.50354	NA	NA	0.0290131	3.94307:2.27629:1:1:1:1	0.465422(0.425311:0.437759:0.533195)	NA	NA	NA	NA
OG0019398_NT	Tfasc_v1.12770-RA:cds	Tlei_v1.10479-RA:cds	MYN	0.153284	0.48263	0.317601	0.00546514	177	31.5382	145.462	NA	30	10.2576	19.7424	NA	NA	0.211967	2:2:1:1:1:1	0.330918(0.427536:0.282609:0.282609)	NA	NA	NA	NA
OG0011708_NT	Tfasc_v1.00370-RA:cds	Tlei_v1.03358-RA:cds	MYN	0.0130775	0.0204181	0.640485	0.302381	1188	370.359	817.641	NA	18	7.44448	10.5555	NA	NA	0.0153659	4.78643:1.74777:1:1:1:1	0.438126(0.446352:0.372318:0.495708)	NA	NA	NA	NA
OG0012242_NT	Tfasc_v1.21282-RA:cds	Tlei_v1.17449-RA:cds	MYN	0.0266612	0.0804987	0.331201	0.00831879	639	166.249	472.751	NA	25	12.6185	12.3815	NA	NA	0.0406681	0.778512:1.15404:1:1:1:1	0.498016(0.515873:0.44246:0.535714)	NA	NA	NA	NA
OG0012609_NT	Tfasc_v1.01892-RA:cds	Tlei_v1.27295-RA:cds	MYN	0.0252532	0.0334042	0.755989	0.57406	636	163.376	472.624	NA	17	5.32507	11.6749	NA	NA	0.0273471	2:2:1:1:1:1	0.385602(0.380178:0.371302:0.405325)	NA	NA	NA	NA
OG0003175_NT	Tfasc_v1.26568-RA:cds	Tlei_v1.28211-RA:cds	MYN	0.147915	0.218553	0.676794	0.294924	375	85.4568	289.543	NA	54	15.1579	38.8421	NA	NA	0.164013	1.89994:0.49013:1:1:1:1	0.431866(0.455975:0.377358:0.462264)	NA	NA	NA	NA
OG0010986_NT	Tfasc_v1.10830-RA:cds	Tlei_v1.12700-RA:cds	MYN	0.0793447	0.105056	0.75526	0.398836	492	96.4492	395.551	NA	39	9.24858	29.7514	NA	NA	0.084385	0.891599:1.53856:1:1:1:1	0.477072(0.412698:0.362434:0.656085)	NA	NA	NA	NA
OG0013394_NT	Tfasc_v1.03355-RA:cds	Tlei_v1.09323-RA:cds	MYN	0.00324085	0.020916	0.154946	0.0218616	864	244.864	619.136	NA	7	5	2	NA	NA	0.00825013	2:2:1:1:1:1	0.488725(0.532353:0.436765:0.497059)	NA	NA	NA	NA
OG0011872_NT	Tfasc_v1.23349-RA:cds	Tlei_v1.23440-RA:cds	MYN	0.0304003	0.0577092	0.526785	0.149506	594	174.723	419.277	NA	22	9.5203	12.4797	NA	NA	0.0384331	2.60255:1.52876:1:1:1:1	0.507474(0.508969:0.5:0.513453)	NA	NA	NA	NA
OG0001968_NT	Tfasc_v1.27786-RA:cds	Tlei_v1.30071-RA:cds	MYN	0.00161931	0.0157634	0.102726	0.0414109	813	194.639	618.361	NA	4	3	1	NA	NA	0.00500551	2:2:1:1:1:1	0.399017(0.479893:0.296247:0.420912)	NA	NA	NA	NA
OG0017989_NT	Tfasc_v1.04507-RA:cds	Tlei_v1.08341-RA:cds	MYN	0.0100835	0.0621534	0.162236	6.43684e-05	1020	220.842	799.158	NA	21	13	8	NA	NA	0.0213573	1.97187:2.60884:1:1:1:1	0.527656(0.512009:0.413755:0.657205)	NA	NA	NA	NA
OG0011833_NT	Tfasc_v1.12523-RA:cds	Tlei_v1.10110-RA:cds	MYN	0.0136274	0.0229663	0.593365	0.383154	1008	267.408	740.592	NA	16	6	10	NA	NA	0.0161049	1.81142:2.02169:1:1:1:1	0.442217(0.509434:0.400943:0.416274)	NA	NA	NA	NA
OG0006912_NT	Tfasc_v1.27642-RA:cds	Tlei_v1.29938-RA:cds	MYN	0.0163041	0.0698258	0.233497	0.00261736	600	165.882	434.118	NA	18	11	7	NA	NA	0.0311012	5.46732:5.08505:1:1:1:1	0.504329(0.504329:0.406926:0.601732)	NA	NA	NA	NA
OG0011721_NT	Tfasc_v1.00385-RA:cds	Tlei_v1.03340-RA:cds	MYN	0.00402379	0.0380512	0.105747	0.00381787	663	164.44	498.56	NA	8	6	2	NA	NA	0.0124634	2:2:1:1:1:1	0.418011(0.433468:0.342742:0.477823)	NA	NA	NA	NA
OG0012857_NT	Tfasc_v1.02395-RA:cds	Tlei_v1.26833-RA:cds	MYN	0.00748055	0.0292593	0.255664	0.0474212	717	178.864	538.136	NA	9	5	4	NA	NA	0.0129135	2:2:1:1:1:1	0.485279(0.498423:0.402208:0.555205)	NA	NA	NA	NA
OG0012402_NT	Tfasc_v1.06857-RA:cds	Tlei_v1.14713-RA:cds	MYN	0.231493	0.303469	0.762821	0.250069	597	115.464	481.536	NA	124	28.3605	95.6395	NA	NA	0.245414	0.721294:0.87307:1:1:1:1	0.382239(0.38417:0.362934:0.399614)	NA	NA	NA	NA
OG0005782_NT	Tfasc_v1.14034-RA:cds	Tlei_v1.19265-RA:cds	MYN	0.025382	0.0436427	0.581585	0.29005	651	170.056	480.944	NA	19	7	12	NA	NA	0.0301521	2.58427:2.38748:1:1:1:1	0.442332(0.423954:0.39924:0.503802)	NA	NA	NA	NA
OG0003157_NT	Tfasc_v1.27716-RA:cds	Tlei_v1.30002-RA:cds	MYN	0.00187275	0.0150556	0.124389	0.0606105	741	204.676	536.324	NA	4	3	1	NA	NA	0.00551409	2:2:1:1:1:1	0.476836(0.532203:0.381356:0.516949)	NA	NA	NA	NA
OG0008133_NT	Tfasc_v1.15294-RA:cds	Tlei_v1.22028-RA:cds	MYN	0.00136619	0.0183064	0.0746292	0.00662283	1011	277.358	733.642	NA	6	5	1	NA	NA	0.00601358	2.47531:2.37769:1:1:1:1	0.434167(0.49:0.39375:0.41875)	NA	NA	NA	NA
OG0011265_NT	Tfasc_v1.00826-RA:cds	Tlei_v1.02830-RA:cds	MYN	0.0132483	0.0219867	0.60256	0.278268	1170	312.69	857.31	NA	18	6.75106	11.2489	NA	NA	0.0155837	2:2:1:1:1:1	0.405908(0.462801:0.396061:0.358862)	NA	NA	NA	NA
OG0002099_NT	Tfasc_v1.04490-RA:cds	Tlei_v1.08324-RA:cds	MYN	0.00481906	NA	NA	NA	267	58.7272	208.273	NA	1	NA	1	NA	NA	0.0037591	2:2:1:1:1:1	0.559871(0.626214:0.34466:0.708738)	NA	NA	NA	NA
OG0003637_NT	Tfasc_v1.17031-RA:cds	Tlei_v1.07899-RA:cds	MYN	0.0220458	0.044235	0.498378	0.121361	561	145.732	415.268	NA	15	6	9	NA	NA	0.0278099	5.13643:16.2464:1:1:1:1	0.424569(0.448276:0.357759:0.467672)	NA	NA	NA	NA
OG0013726_NT	Tfasc_v1.18483-RA:cds	Tlei_v1.15927-RA:cds	MYN	0.0064064	0.0477725	0.134102	0.000110886	1449	194.839	1254.16	NA	17	9	8	NA	NA	0.0119687	0.688889:1.88328:1:1:1:1	0.575926(0.533333:0.436111:0.758333)	NA	NA	NA	NA
OG0002105_NT	Tfasc_v1.04388-RA:cds	Tlei_v1.08227-RA:cds	MYN	0.00935333	0.0149734	0.624664	0.462525	1026	272.539	753.461	NA	11	4	7	NA	NA	0.0108462	2.36096:4.44491:1:1:1:1	0.443536(0.477804:0.433411:0.419393)	NA	NA	NA	NA
OG0005193_NT	Tfasc_v1.29538-RA:cds	Tlei_v1.31278-RA:cds	MYN	0.0607619	0.0356616	1.70384	0.866647	237	33.1549	203.845	NA	13	1.11121	11.8888	NA	NA	0.0572505	1.13505:2.07196:1:1:1:1	0.47411(0.451456:0.320388:0.650485)	NA	NA	NA	NA
OG0003229_NT	Tfasc_v1.08963-RA:cds	Tlei_v1.13067-RA:cds	MYN	0.00501118	0.0104253	0.480674	0.223795	1389	387.87	1001.13	NA	9	4	5	NA	NA	0.00652305	4.42456:2.99853:1:1:1:1	0.41761(0.527358:0.359434:0.366038)	NA	NA	NA	NA
OG0012276_NT	Tfasc_v1.21194-RA:cds	Tlei_v1.17542-RA:cds	MYN	0.00200601	0.0114496	0.175203	0.153345	678	178.735	499.265	NA	3	2	1	NA	NA	0.00449555	2:2:1:1:1:1	0.496269(0.544776:0.386194:0.557836)	NA	NA	NA	NA
OG0007923_NT	Tfasc_v1.14873-RA:cds	Tlei_v1.21608-RA:cds	MYN	0.0102971	0.0408727	0.251931	0.0360135	618	127.603	490.397	NA	10	5	5	NA	NA	0.0166103	2:2:1:1:1:1	0.55226(0.574153:0.389831:0.692797)	NA	NA	NA	NA
OG0019103_NT	Tfasc_v1.07393-RA:cds	Tlei_v1.15363-RA:cds	MYN	0.22609	0.290577	0.778073	0.259653	558	126.55	431.45	NA	114	30.0461	83.9539	NA	NA	0.240715	1.69965:1.85584:1:1:1:1	0.432412(0.516129:0.389401:0.391705)	NA	NA	NA	NA
OG0012192_NT	Tfasc_v1.01787-RB:cds	Tlei_v1.27408-RA:cds	MYN	0.00502195	0.0146083	0.343774	0.100314	1146	346.017	799.983	NA	9	5	4	NA	NA	0.0079164	2:2:1:1:1:1	0.545455(0.636364:0.491342:0.508658)	NA	NA	NA	NA
OG0019382_NT	Tfasc_v1.12528-RA:cds	Tlei_v1.10115-RA:cds	MYN	0.0161798	0.0681798	0.237311	0.133608	345	32.4508	312.549	NA	7	2	5	NA	NA	0.021071	2:2:1:1:1:1	0.614734(0.583333:0.413043:0.847826)	NA	NA	NA	NA
OG0018343_NT	Tfasc_v1.00045-RA:cds	Tlei_v1.03631-RA:cds	MYN	0.0130686	0.0302072	0.43263	0.258792	336	101.734	234.266	NA	6	3	3	NA	NA	0.0182578	2:2:1:1:1:1	0.440285(0.390374:0.438503:0.491979)	NA	NA	NA	NA
OG0004784_NT	Tfasc_v1.00424-RA:cds	Tlei_v1.03118-RA:cds	MYN	0.00853214	0.0208007	0.410186	0.137124	834	244.339	589.661	NA	10	5	5	NA	NA	0.0121265	4.81735:1.6879:1:1:1:1	0.481038(0.47006:0.429641:0.543413)	NA	NA	NA	NA
OG0010677_NT	Tfasc_v1.07021-RA:cds	Tlei_v1.14858-RA:cds	MYN	0.0193484	0.0210091	0.920956	0.807268	1026	292.599	733.401	NA	20	6	14	NA	NA	0.019822	2.587:2.3401:1:1:1:1	0.448454(0.470361:0.378866:0.496134)	NA	NA	NA	NA
OG0019052_NT	Tfasc_v1.28033-RA:cds	Tlei_v1.30305-RA:cds	MYN	0.119525	0.107993	1.10679	0.847621	327	102.667	224.333	NA	35	10.2812	24.7188	NA	NA	0.115905	3.11788:0.709968:1:1:1:1	0.52904(0.541667:0.503788:0.541667)	NA	NA	NA	NA
OG0007624_NT	Tfasc_v1.19883-RA:cds	Tlei_v1.05685-RA:cds	MYN	0.00631442	0.0354768	0.177987	0.00093672	1116	319.494	796.506	NA	16	11	5	NA	NA	0.0146632	5.50356:6.36987:1:1:1:1	0.458531(0.495261:0.361374:0.518957)	NA	NA	NA	NA
OG0009744_NT	Tfasc_v1.16236-RA:cds	Tlei_v1.06794-RA:cds	MYN	0.0281204	0.0690874	0.407026	0.0619532	543	107.816	435.184	NA	19	7	12	NA	NA	0.0362547	2.224:2.59255:1:1:1:1	0.476103(0.474265:0.34375:0.610294)	NA	NA	NA	NA
OG0007945_NT	Tfasc_v1.14933-RA:cds	Tlei_v1.21665-RA:cds	MYN	0.0121513	0.0401278	0.302814	0.00293029	1062	232.157	829.843	NA	19	9	10	NA	NA	0.018267	1.4298:2.94182:1:1:1:1	0.387161(0.461722:0.324163:0.375598)	NA	NA	NA	NA
OG0015342_NT	Tfasc_v1.16708-RA:cds	Tlei_v1.07352-RA:cds	MYN	0.00246622	0.0266389	0.0925799	0.00125728	1083	270.13	812.87	NA	9	7	2	NA	NA	0.00849553	2:2:1:1:1:1	0.365256(0.398664:0.361915:0.335189)	NA	NA	NA	NA
OG0009803_NT	Tfasc_v1.03075-RA:cds	Tlei_v1.03874-RA:cds	MYN	0.0111506	0.00776563	1.4359	0.9531	1074	259.575	814.425	NA	11	2	9	NA	NA	0.0103325	2:2:1:1:1:1	0.422774(0.510638:0.362884:0.394799)	NA	NA	NA	NA
OG0013759_NT	Tfasc_v1.01756-RA:cds	Tlei_v1.27439-RA:cds	MYN	0.00665504	0.0195085	0.341136	0.0226485	1650	401.627	1248.37	NA	16	7.72913	8.27087	NA	NA	0.0097837	1.29592:1.84311:1:1:1:1	0.454889(0.508914:0.401135:0.454619)	NA	NA	NA	NA
OG0008502_NT	Tfasc_v1.04641-RA:cds	Tlei_v1.08465-RA:cds	MYN	0.0162564	0.0153979	1.05575	0.998247	1014	329.547	684.453	NA	16	5	11	NA	NA	0.0159774	11.6307:2.8132:1:1:1:1	0.457686(0.5:0.397668:0.475389)	NA	NA	NA	NA
OG0013526_NT	Tfasc_v1.04276-RA:cds	Tlei_v1.08591-RA:cds	MYN	0.0110006	0.0398289	0.276195	0.0366104	549	182.557	366.443	NA	11	7	4	NA	NA	0.0205867	8.10124:10.0858:1:1:1:1	0.470455(0.543182:0.368182:0.5)	NA	NA	NA	NA
OG0008226_NT	Tfasc_v1.09688-RA:cds	Tlei_v1.24312-RA:cds	MYN	0.01963	0.00785215	2.49996	0.579098	387	128.108	258.892	NA	6	1	5	NA	NA	0.0157312	8.45576:5.89916:1:1:1:1	0.496552(0.541379:0.431034:0.517241)	NA	NA	NA	NA
OG0018667_NT	Tfasc_v1.16370-RA:cds	Tlei_v1.06944-RA:cds	MYN	0.00988301	0.0408287	0.24206	0.00308522	990	277.024	712.976	NA	18	11	7	NA	NA	0.0185423	2.22034:1.83287:1:1:1:1	0.44187(0.502439:0.440244:0.382927)	NA	NA	NA	NA
OG0012542_NT	Tfasc_v1.07281-RA:cds	Tlei_v1.15124-RA:cds	MYN	0.0198168	0.0125762	1.57574	0.703193	624	165.097	458.903	NA	11	2.0522	8.9478	NA	NA	0.0179011	23.9509:8.65307:1:1:1:1	0.441983(0.439873:0.302215:0.583861)	NA	NA	NA	NA
OG0010009_NT	Tfasc_v1.26626-RA:cds	Tlei_v1.28268-RA:cds	MYN	0.0210438	0.0518798	0.405626	0.107403	486	100.254	385.746	NA	13	5	8	NA	NA	0.0274048	11.5927:1.48169:1:1:1:1	0.582474(0.590206:0.425258:0.731959)	NA	NA	NA	NA
OG0007318_NT	Tfasc_v1.22676-RA:cds	Tlei_v1.19633-RA:cds	MYN	0.091269	0.147976	0.616783	0.0160505	1344	314.459	1029.54	NA	130	41.577	88.423	NA	NA	0.104537	1.12057:1.07371:1:1:1:1	0.431804(0.49522:0.398662:0.40153)	NA	NA	NA	NA
OG0013425_NT	Tfasc_v1.30604-RA:cds	Tlei_v1.21195-RA:cds	MYN	0.00869709	0.0329652	0.263826	0.029568	765	186.573	578.427	NA	11	6	5	NA	NA	0.0146158	2:2:1:1:1:1	0.40452(0.411864:0.310169:0.491525)	NA	NA	NA	NA
OG0015081_NT	Tfasc_v1.22815-RA:cds	Tlei_v1.19492-RA:cds	MYN	0.0296553	0.0787667	0.376496	0.00513238	894	227.622	666.378	NA	36	16.6319	19.3681	NA	NA	0.0421596	1.49701:0.398078:1:1:1:1	0.385889(0.423326:0.333693:0.400648)	NA	NA	NA	NA
OG0009775_NT	Tfasc_v1.16294-RA:cds	Tlei_v1.06864-RA:cds	MYN	0.00325261	0.0120441	0.270059	0.08548	1260	335.013	924.987	NA	7	4	3	NA	NA	0.00559012	2:2:1:1:1:1	0.504944(0.559322:0.378178:0.577331)	NA	NA	NA	NA
OG0011738_NT	Tfasc_v1.18839-RA:cds	Tlei_v1.16738-RA:cds	MYN	0.00783628	0.00857527	0.913824	0.567565	750	236.15	513.85	NA	6	2	4	NA	NA	0.00806896	6.38452:2.40067:1:1:1:1	0.473287(0.515679:0.341463:0.562718)	NA	NA	NA	NA
OG0006136_NT	Tfasc_v1.06387-RA:cds	Tlei_v1.01670-RA:cds	MYN	0.087682	0.101311	0.865475	0.601095	648	133.638	514.362	NA	55	12.5542	42.4458	NA	NA	0.0904927	0.650479:2.12198:1:1:1:1	0.405325(0.420118:0.340237:0.455621)	NA	NA	NA	NA
OG0015443_NT	Tfasc_v1.25888-RA:cds	Tlei_v1.27540-RA:cds	MYN	0.0043276	0.00772951	0.559881	0.414496	957	261.379	695.621	NA	5	2	3	NA	NA	0.00525674	2:2:1:1:1:1	0.457995(0.54878:0.418699:0.406504)	NA	NA	NA	NA
OG0017974_NT	Tfasc_v1.04291-RA:cds	Tlei_v1.08578-RA:cds	MYN	0.00622942	0.014498	0.429676	0.25767	693	209.155	483.845	NA	6	3	3	NA	NA	0.00872495	4.83823:3.35133:1:1:1:1	0.441637(0.472924:0.415162:0.436823)	NA	NA	NA	NA
OG0019044_NT	Tfasc_v1.27823-RA:cds	Tlei_v1.30108-RA:cds	MYN	0.0105194	0.0192149	0.547461	0.186495	1500	403.406	1096.59	NA	19	7.54654	11.4535	NA	NA	0.0128579	3.23509:0.945041:1:1:1:1	0.414628(0.460033:0.420881:0.362969)	NA	NA	NA	NA
OG0007130_NT	Tfasc_v1.08866-RA:cds	Tlei_v1.13155-RA:cds	MYN	0.00609191	0.0179236	0.339881	0.0724653	1278	452.824	825.176	NA	13	8	5	NA	NA	0.0102842	11.6758:2.81826:1:1:1:1	0.464657(0.452183:0.426195:0.515593)	NA	NA	NA	NA
OG0009218_NT	Tfasc_v1.29395-RB:cds	Tlei_v1.30915-RA:cds	MYN	0.00732185	0.0262842	0.278564	0.0145536	1176	352.349	823.651	NA	15	9	6	NA	NA	0.0130033	3.31873:5.11813:1:1:1:1	0.491373(0.535197:0.439959:0.498965)	NA	NA	NA	NA
OG0012934_NT	Tfasc_v1.18396-RA:cds	Tlei_v1.16026-RA:cds	MYN	0.0289598	0.0692141	0.418409	0.00382161	1299	324.527	974.473	NA	49	21.3212	27.6788	NA	NA	0.0390164	1.23209:1.05209:1:1:1:1	0.415995(0.430444:0.426411:0.391129)	NA	NA	NA	NA
OG0010501_NT	Tfasc_v1.28688-RB:cds	Tlei_v1.28983-RA:cds	MYN	0.00411861	0.0116176	0.354515	0.190055	993	261.414	731.586	NA	6	3	3	NA	NA	0.00609278	2:2:1:1:1:1	0.448751(0.501292:0.368217:0.476744)	NA	NA	NA	NA
OG0010142_NT	Tfasc_v1.17514-RA:cds	Tlei_v1.26416-RA:cds	MYN	NA	0.00789436	-0	NA	588	129.855	458.145	NA	1	1	NA	NA	NA	0.0017434	2:2:1:1:1:1	0.508734(0.504367:0.39083:0.631004)	NA	NA	NA	NA
OG0009626_NT	Tfasc_v1.24937-RA:cds	Tlei_v1.28640-RB:cds	MYN	0.022956	0.0600232	0.382452	0.0925463	375	107.022	267.978	NA	12	6	6	NA	NA	0.0335347	3.68341:4.93814:1:1:1:1	0.474359(0.5:0.374126:0.548951)	NA	NA	NA	NA
OG0019567_NT	Tfasc_v1.20242-RA:cds	Tlei_v1.05423-RA:cds	MYN	0.00309032	0.0237411	0.130167	0.000644449	1191	214.199	976.801	NA	8	5	3	NA	NA	0.00680433	2:2:1:1:1:1	0.625452(0.629067:0.495662:0.751627)	NA	NA	NA	NA
OG0008524_NT	Tfasc_v1.04600-RA:cds	Tlei_v1.08433-RA:cds	MYN	0.00281122	0.0194849	0.144277	0.0037503	1434	364.328	1069.67	NA	10	7	3	NA	NA	0.0070474	0.770823:1.42524:1:1:1:1	0.48293(0.52514:0.461825:0.461825)	NA	NA	NA	NA
OG0008442_NT	Tfasc_v1.09269-RC:cds	Tlei_v1.23900-RA:cds	MYN	0.0150507	0.0352867	0.426527	0.0359099	1191	325.057	865.943	NA	24	11.1106	12.8894	NA	NA	0.0205737	9.72459:13.2233:1:1:1:1	0.414996(0.481069:0.388641:0.375278)	NA	NA	NA	NA
OG0018621_NT	Tfasc_v1.26449-RA:cds	Tlei_v1.28076-RA:cds	MYN	0.0367426	0.0473197	0.776475	0.532644	420	98.2028	321.797	NA	16	4.48819	11.5118	NA	NA	0.0392157	1.01257:3.65001:1:1:1:1	0.545181(0.557229:0.481928:0.596386)	NA	NA	NA	NA
OG0015865_NT	Tfasc_v1.17934-RA:cds	Tlei_v1.04452-RA:cds	MYN	0.00923406	0.00523585	1.76362	0.838453	738	192.876	545.124	NA	6	1	5	NA	NA	0.00818913	4.7227:5.48514:1:1:1:1	0.398086(0.449324:0.388514:0.356419)	NA	NA	NA	NA
OG0018364_NT	Tfasc_v1.00451-RA:cds	Tlei_v1.03168-RA:cds	MYN	0.0672319	0.129704	0.518348	0.083996	414	100.075	313.925	NA	32	11.8212	20.1788	NA	NA	0.0823332	2.47596:2.10293:1:1:1:1	0.478632(0.525641:0.314103:0.596154)	NA	NA	NA	NA
OG0014215_NT	Tfasc_v1.03776-RA:cds	Tlei_v1.09218-RA:cds	MYN	0.00533922	0.0151382	0.352699	0.0934194	1278	336.138	941.862	NA	10	5	5	NA	NA	0.00791654	2:2:1:1:1:1	0.407332(0.46945:0.356415:0.39613)	NA	NA	NA	NA
OG0014665_NT	Tfasc_v1.15466-RA:cds	Tlei_v1.22171-RA:cds	MYN	NA	0.0413091	-0	NA	591	75.1357	515.864	NA	3	3	NA	NA	NA	0.00525175	2:2:1:1:1:1	0.500737(0.455752:0.292035:0.754425)	NA	NA	NA	NA
OG0009568_NT	Tfasc_v1.25083-RA:cds	Tlei_v1.31407-RA:cds	MYN	0.0484472	0.0347229	1.39525	0.516208	624	174.646	449.354	NA	27	5.91988	21.0801	NA	NA	0.044606	2.16134:1.72857:1:1:1:1	0.430303(0.46:0.381818:0.449091)	NA	NA	NA	NA
OG0019155_NT	Tfasc_v1.19094-RA:cds	Tlei_v1.00483-RA:cds	MYN	0.0824227	0.135613	0.607779	0.105787	543	126.338	416.662	NA	48	15.5156	32.4844	NA	NA	0.0947983	0.58125:0.645886:1:1:1:1	0.416988(0.457529:0.339768:0.453668)	NA	NA	NA	NA
OG0012731_NT	Tfasc_v1.20738-RB:cds	Tlei_v1.18183-RA:cds	MYN	0.00768287	0.0316647	0.242632	0.0059088	1212	295.3	916.7	NA	16	9	7	NA	NA	0.013526	2.78959:5.01221:1:1:1:1	0.422711(0.469231:0.384615:0.414286)	NA	NA	NA	NA
OG0010771_NT	Tfasc_v1.11913-RA:cds	Tlei_v1.11237-RA:cds	MYN	0.014221	0.0288096	0.493619	0.0925705	1089	260.79	828.21	NA	19	7.33462	11.6654	NA	NA	0.0177146	1.1175:1.18312:1:1:1:1	0.435897(0.522145:0.355478:0.43007)	NA	NA	NA	NA
OG0009956_NT	Tfasc_v1.26516-RA:cds	Tlei_v1.28173-RA:cds	MYN	0.00979419	0.0269069	0.364003	0.0560862	987	267.507	719.493	NA	14	7	7	NA	NA	0.0144322	2.58811:1.67674:1:1:1:1	0.501797(0.539084:0.440701:0.525606)	NA	NA	NA	NA
OG0006950_NT	Tfasc_v1.27539-RA:cds	Tlei_v1.29863-RA:cds	MYN	0.0101125	0.0271611	0.372315	0.0496781	975	257.958	717.042	NA	14	6.80122	7.19878	NA	NA	0.0146231	2.4934:4.17394:1:1:1:1	0.429915(0.479487:0.367949:0.442308)	NA	NA	NA	NA
OG0014331_NT	Tfasc_v1.30364-RA:cds	Tlei_v1.20592-RA:cds	MYN	0.00594692	0.0128235	0.463751	0.189008	1008	300.046	707.954	NA	8	3.80694	4.19306	NA	NA	0.00799385	5.91385:2.86241:1:1:1:1	0.45656(0.549202:0.449468:0.371011)	NA	NA	NA	NA
OG0012168_NT	Tfasc_v1.15904-RA:cds	Tlei_v1.22754-RA:cds	MYN	0.078511	0.130202	0.602994	0.0257203	1137	277.256	859.744	NA	97	32.9525	64.0475	NA	NA	0.0911158	1.27348:1.97567:1:1:1:1	0.447146(0.472516:0.435518:0.433404)	NA	NA	NA	NA
OG0007110_NT	Tfasc_v1.08831-RA:cds	Tlei_v1.13189-RA:cds	MYN	0.00660354	0.0125861	0.524667	0.298712	1002	241.454	760.546	NA	8	3	5	NA	NA	0.00804518	2.06624:1.05983:1:1:1:1	0.423109(0.442643:0.371571:0.455112)	NA	NA	NA	NA
OG0019305_NT	Tfasc_v1.12019-RA:cds	Tlei_v1.11132-RA:cds	MYN	0.11057	0.258107	0.428388	0.0775624	213	46.8823	166.118	NA	27	9.95123	17.0488	NA	NA	0.143043	1.39157:1.24929:1:1:1:1	0.457407(0.494444:0.411111:0.466667)	NA	NA	NA	NA
OG0010295_NT	Tfasc_v1.28983-RA:cds	Tlei_v1.28709-RA:cds	MYN	0.00787725	0.0241661	0.325963	0.0101765	1458	356.169	1101.83	NA	17	8.37486	8.62514	NA	NA	0.0118564	2:2:1:1:1:1	0.427838(0.525362:0.387681:0.370471)	NA	NA	NA	NA
OG0012669_NT	Tfasc_v1.02015-RA:cds	Tlei_v1.27175-RA:cds	MYN	0.0429918	0.0635978	0.675995	0.145575	1284	280.981	1003.02	NA	59	17.1128	41.8872	NA	NA	0.0475011	0.6144:0.751081:1:1:1:1	0.511247(0.58589:0.413088:0.534765)	NA	NA	NA	NA
OG0014072_NT	Tfasc_v1.21158-RA:cds	Tlei_v1.17662-RA:cds	MYN	0.0245496	0.0569849	0.430809	0.0514174	603	147.49	455.51	NA	19	8.00286	10.9971	NA	NA	0.0324831	2.11632:2.49006:1:1:1:1	0.479798(0.5:0.34632:0.593074)	NA	NA	NA	NA
OG0003153_NT	Tfasc_v1.27733-RA:cds	Tlei_v1.30020-RA:cds	MYN	0.00273335	0.0203777	0.134134	0.0135385	984	250.273	733.727	NA	7	5	2	NA	NA	0.00722105	2.46241:2.38979:1:1:1:1	0.440217(0.508152:0.370924:0.441576)	NA	NA	NA	NA
OG0018786_NT	Tfasc_v1.01926-RA:cds	Tlei_v1.07119-RA:cds	MYN	0.0996757	0.0928936	1.07301	0.866936	570	142.91	427.09	NA	52	12.1814	39.8186	NA	NA	0.0979753	2.09735:1.82963:1:1:1:1	0.499239(0.456621:0.488584:0.552511)	NA	NA	NA	NA
OG0007487_NT	Tfasc_v1.22350-RA:cds	Tlei_v1.19936-RA:cds	MYN	0.00242159	0.0473094	0.0511862	9.30786e-07	1461	219.749	1241.25	NA	13	10	3	NA	NA	0.00917316	2:2:1:1:1:1	0.631804(0.544954:0.501835:0.848624)	NA	NA	NA	NA
OG0018724_NT	Tfasc_v1.22983-RA:cds	Tlei_v1.24592-RA:cds	MYN	0.0711202	0.0532688	1.33512	0.953298	159	40.757	118.243	NA	10	2	8	NA	NA	0.0665443	8.73081:5.94513:1:1:1:1	0.299479(0.375:0.210938:0.3125)	NA	NA	NA	NA
OG0009247_NT	Tfasc_v1.29305-RA:cds	Tlei_v1.30850-RA:cds	MYN	NA	0.0218023	-0	NA	1341	326.769	1014.23	NA	7	7	NA	NA	NA	0.0053127	2:2:1:1:1:1	0.411154(0.498054:0.368677:0.366732)	NA	NA	NA	NA
OG0018869_NT	Tfasc_v1.03287-RA:cds	Tlei_v1.03724-RA:cds	MYN	0.0427227	0.0640917	0.666587	0.397836	726	169.301	556.699	NA	33	10	23	NA	NA	0.0477059	2.44276:7.49807:1:1:1:1	0.495114(0.5:0.472313:0.513029)	NA	NA	NA	NA
OG0015299_NT	Tfasc_v1.00028-RA:cds	Tlei_v1.03646-RA:cds	MYN	0.00526079	0.0256046	0.205463	0.007655	1236	278.961	957.039	NA	12	7	5	NA	NA	0.00985232	2.04906:2.08185:1:1:1:1	0.528322(0.521786:0.410675:0.652505)	NA	NA	NA	NA
OG0007054_NT	Tfasc_v1.08665-RA:cds	Tlei_v1.13350-RA:cds	MYN	0.00926818	0.0235035	0.394331	0.116996	672	211.827	460.173	NA	9	4.77004	4.22996	NA	NA	0.0137554	6.89258:2.34839:1:1:1:1	0.444659(0.442085:0.430502:0.46139)	NA	NA	NA	NA
OG0008579_NT	Tfasc_v1.04503-RA:cds	Tlei_v1.08337-RA:cds	MYN	0.0022619	0.0252211	0.0896828	0.0183707	606	162.111	443.889	NA	5	4	1	NA	NA	0.00840372	2:2:1:1:1:1	0.438937(0.487069:0.392241:0.4375)	NA	NA	NA	NA
OG0006611_NT	Tfasc_v1.01474-RA:cds	Tlei_v1.01987-RA:cds	MYN	0.00403798	0.00930281	0.43406	0.236565	1320	325.807	994.193	NA	7	3	4	NA	NA	0.00533746	2:2:1:1:1:1	0.423819(0.510978:0.384232:0.376248)	NA	NA	NA	NA
OG0001889_NT	Tfasc_v1.09182-RA:cds	Tlei_v1.12853-RA:cds	MYN	0.0327709	0.0699595	0.468427	0.0161225	975	257.058	717.942	NA	40	17.0273	22.9727	NA	NA	0.0425756	3.21787:3.44181:1:1:1:1	0.528285(0.536554:0.439948:0.608355)	NA	NA	NA	NA
OG0002375_NT	Tfasc_v1.00116-RA:cds	Tlei_v1.03569-RB:cds	MYN	0.00610564	0.00919499	0.664018	0.628496	1152	329.271	822.729	NA	8	3	5	NA	NA	0.00698865	4.61784:3.48888:1:1:1:1	0.443295(0.505747:0.405747:0.418391)	NA	NA	NA	NA
OG0018864_NT	Tfasc_v1.03138-RA:cds	Tlei_v1.03825-RB:cds	MYN	0.107438	0.203391	0.528235	0.152781	249	56.1502	192.85	NA	29	9.71617	19.2838	NA	NA	0.129076	1.2377:2.17409:1:1:1:1	0.375389(0.420561:0.317757:0.38785)	NA	NA	NA	NA
OG0012277_NT	Tfasc_v1.16783-RA:cds	Tlei_v1.07648-RA:cds	MYN	0.0115655	0.0311145	0.371709	0.0238889	1326	253.194	1072.81	NA	20	7.68952	12.3105	NA	NA	0.0152983	1.71506:0.576802:1:1:1:1	0.567852(0.532609:0.451581:0.719368)	NA	NA	NA	NA
OG0015526_NT	Tfasc_v1.20840-RA:cds	Tlei_v1.18112-RA:cds	MYN	0.00455029	0.107472	0.0423392	4.16861e-10	846	183.783	662.217	NA	21	18	3	NA	NA	0.0269089	2:2:1:1:1:1	0.598942(0.684127:0.379365:0.733333)	NA	NA	NA	NA
OG0002132_NT	Tfasc_v1.10948-RA:cds	Tlei_v1.12577-RA:cds	MYN	0.00765804	0.0365961	0.209258	0.00568731	777	217.798	559.202	NA	12	7.74148	4.25852	NA	NA	0.0157696	6.13128:9.85785:1:1:1:1	0.376543(0.436728:0.308642:0.384259)	NA	NA	NA	NA
OG0012650_NT	Tfasc_v1.01961-RA:cds	Tlei_v1.27229-RA:cds	MYN	0.0132161	0.0102485	1.28957	0.988025	1065	305.517	759.483	NA	13	3.05237	9.94763	NA	NA	0.0123648	7.16226:1.14288:1:1:1:1	0.39531(0.479899:0.351759:0.354271)	NA	NA	NA	NA
OG0008236_NT	Tfasc_v1.09675-RA:cds	Tlei_v1.24293-RA:cds	MYN	0.0191316	0.0510234	0.374958	0.11552	462	143.201	318.799	NA	13	7	6	NA	NA	0.0290167	11.9207:8.63664:1:1:1:1	0.537546(0.513736:0.524725:0.574176)	NA	NA	NA	NA
